14:39:00.855-<<<<-接收-68 13 00 83 00 00 40 00 FE 00 10 01 00 1A 00 F8 03 E7 16 
14:39:01.550-<<<<-接收-68 32 01 83 08 F0 40 00 00 01 10 10 02 1A 00 01 00 1A 02 37 02 00 00 00 01 00 00 00 40 84 02 11 07 17 00 02 00 01 00 21 86 02 11 07 17 00 03 00 01 00 11 88 03 11 07 17 00 04 00 01 00 21 78 02 11 07 17 00 05 00 01 00 11 85 02 11 07 17 00 06 00 01 00 11 94 03 11 07 17 00 07 00 01 00 11 18 06 11 07 17 00 08 00 04 00 22 82 02 11 07 17 00 09 00 02 00 12 87 02 11 07 17 00 0A 00 01 00 11 83 02 11 07 17 00 0B 00 01 00 11 20 06 11 07 17 00 0C 00 01 00 11 81 02 11 07 17 00 0D 00 04 00 12 27 06 11 07 17 00 0E 00 08 00 23 19 06 11 07 17 00 0F 00 08 00 23 22 06 11 07 17 00 10 00 13 00 25 34 06 11 07 17 00 11 00 13 00 15 26 06 11 07 17 00 12 00 0E 00 14 23 06 11 07 17 00 13 00 0F 00 24 31 06 11 07 17 00 14 00 0E 00 14 24 06 11 07 17 00 15 00 13 00 15 28 06 11 07 17 00 16 00 13 00 15 21 06 11 07 17 00 17 00 13 00 15 37 06 11 07 17 00 18 00 0E 00 14 36 06 11 07 17 00 19 00 10 00 16 32 06 11 07 17 00 1A 00 0F 00 14 9A 16 
14:39:03.739-<<<<-接收-68 E2 00 83 08 10 40 00 00 02 10 02 00 1A 00 1A 78 02 11 07 17 00 F0 D1 81 02 11 07 17 00 F1 D1 82 02 11 07 17 00 F1 D1 83 02 11 07 17 00 F0 D1 84 02 11 07 17 00 F0 D1 85 02 11 07 17 00 F0 D1 86 02 11 07 17 00 F0 D1 87 02 11 07 17 00 F0 D1 88 03 11 07 17 00 F0 D1 94 03 11 07 17 00 F0 D1 18 06 11 07 17 00 F1 D1 19 06 11 07 17 00 F2 D1 20 06 11 07 17 00 F0 D1 21 06 11 07 17 00 F4 D1 22 06 11 07 17 00 F4 D1 23 06 11 07 17 00 F3 D1 24 06 11 07 17 00 F4 D1 25 06 11 07 17 00 00 10 26 06 11 07 17 00 F3 D1 27 06 11 07 17 00 F2 D1 28 06 11 07 17 00 F4 D1 31 06 11 07 17 00 F3 D1 32 06 11 07 17 00 F3 D1 34 06 11 07 17 00 F4 D1 36 06 11 07 17 00 F5 D1 37 06 11 07 17 00 F3 D1 20 16 
14:40:21.215-<<<<-接收-68 36 00 83 04 01 11 FF FC 00 78 02 11 07 17 00 CC CC CC CC CC CC F1 01 00 02 18 00 FE FE FE FE 68 78 02 11 07 17 00 68 91 08 33 33 34 33 67 38 33 33 E4 16 E7 16 
14:40:21.595-<<<<-接收-68 36 00 83 04 01 11 FF FC 01 81 02 11 07 17 00 CC CC CC CC CC CC F1 01 00 02 18 00 FE FE FE FE 68 81 02 11 07 17 00 68 91 08 33 33 34 33 97 34 33 33 19 16 5B 16 
14:40:27.328-<<<<-接收-68 36 00 83 04 01 11 FF FC 00 83 02 11 07 17 00 CC CC CC CC CC CC F1 01 00 02 18 00 FE FE FE FE 68 83 02 11 07 17 00 68 91 08 33 33 34 33 7B 34 33 33 FF 16 28 16 
14:40:28.255-<<<<-接收-68 36 00 83 04 01 11 FF FC 01 84 02 11 07 17 00 CC CC CC CC CC CC F1 01 00 02 18 00 FE FE FE FE 68 84 02 11 07 17 00 68 91 08 33 33 34 33 49 39 33 33 D3 16 D2 16 
14:40:55.702-<<<<-接收-68 36 00 83 04 01 11 FF FC 00 78 02 11 07 17 00 CC CC CC CC CC CC F1 01 00 02 18 00 FE FE FE FE 68 78 02 11 07 17 00 68 91 08 33 33 34 33 67 38 33 33 E4 16 E7 16 
14:40:56.004-<<<<-接收-68 36 00 83 04 01 11 FF FC 02 82 02 11 07 17 00 CC CC CC CC CC CC F1 01 00 02 18 00 FE FE FE FE 68 82 02 11 07 17 00 68 91 08 33 33 34 33 88 34 33 33 0B 16 41 16 
14:41:02.416-<<<<-接收-68 36 00 83 04 01 11 FF FC 00 78 02 11 07 17 00 CC CC CC CC CC CC F1 01 00 02 18 00 FE FE FE FE 68 78 02 11 07 17 00 68 91 08 33 33 34 33 67 38 33 33 E4 16 E7 16 
14:41:02.977-<<<<-接收-68 36 00 83 0C F1 11 FF FC 02 82 02 11 07 17 00 CC CC CC CC CC CC F1 01 00 02 18 00 FE FE FE FE 68 82 02 11 07 17 00 68 91 08 33 33 34 33 88 34 33 33 0B 16 39 16 
14:41:21.737-<<<<-接收-68 36 00 83 04 01 11 FF FC 00 78 02 11 07 17 00 CC CC CC CC CC CC F1 01 00 02 18 00 FE FE FE FE 68 78 02 11 07 17 00 68 91 08 33 33 34 33 67 38 33 33 E4 16 E7 16 
14:41:25.034-<<<<-接收-68 36 00 83 04 01 11 FF FC 00 81 02 11 07 17 00 CC CC CC CC CC CC F1 01 00 02 18 00 FE FE FE FE 68 81 02 11 07 17 00 68 91 08 33 33 34 33 97 34 33 33 19 16 5A 16 
14:41:29.017-<<<<-接收-68 36 00 83 04 01 11 FF FC 00 81 02 11 07 17 00 CC CC CC CC CC CC F1 01 00 02 18 00 FE FE FE FE 68 81 02 11 07 17 00 68 91 08 33 33 34 33 97 34 33 33 19 16 5A 16 
14:41:32.027-<<<<-接收-36 00 83 04 01 11 FF FC 00 02 11 07 17 00 CC CC CC CC CC CC F1 81 02 11 34 33 33 19 16 5A 16 
14:41:43.800-<<<<-接收-68 83 04 01 11 FF FC 02 11 07 17 00 CC CC CC CC CC CC F1 02 18 00 FE FE FE FE 68 81 02 11 91 08 33 33 34 33 97 34 33 33 
14:41:43.815-<<<<-接收-36 00 00 81 01 00 07 17 00 68 19 16 5A 16 
14:41:50.782-<<<<-接收-68 36 00 83 04 01 11 FF FC 00 81 02 11 07 17 00 CC CC CC CC CC CC F1 01 00 02 18 00 FE FE FE FE 68 81 02 11 07 17 00 68 91 08 33 33 34 33 97 34 33 33 19 16 5A 16 
14:42:02.876-<<<<-接收-68 36 00 83 04 01 11 FF FC 00 81 02 11 07 17 00 CC CC CC CC CC CC F1 01 00 02 18 00 FE FE FE FE 68 81 02 11 07 17 00 68 91 08 33 33 34 33 97 34 33 33 19 16 5A 16 
14:42:07.723-<<<<-接收-68 36 00 83 04 01 11 FF FC 00 81 02 11 07 17 00 CC CC CC CC CC CC F1 01 00 02 18 00 FE FE FE FE 68 81 02 11 07 17 00 68 91 08 33 33 34 33 97 34 33 33 19 16 5A 16 
14:42:17.701-<<<<-接收-68 36 00 83 04 01 11 FF FC 00 81 02 11 07 17 00 CC CC CC CC CC CC F1 01 00 02 18 00 FE FE FE FE 68 81 02 11 07 17 00 68 91 08 33 33 34 33 97 34 33 33 19 16 5A 16 
14:42:22.819-<<<<-接收-68 36 00 83 04 01 11 FF FC 00 81 02 11 07 17 00 CC CC CC CC CC CC F1 01 00 02 18 00 FE FE FE FE 68 81 02 11 07 17 00 68 91 08 33 33 34 33 97 34 33 33 19 16 5A 16 
14:42:28.241-<<<<-接收-68 36 00 83 04 01 11 FF FC 00 81 02 11 07 17 00 CC CC CC CC CC CC F1 01 00 02 18 00 FE FE FE FE 68 81 02 11 07 17 00 68 91 08 33 33 34 33 97 34 33 33 19 16 5A 16 
14:42:31.888-<<<<-接收-68 36 00 83 04 01 11 FF FC 00 81 02 11 07 17 00 CC CC CC CC CC CC F1 01 00 02 18 00 FE FE FE FE 68 81 02 11 07 17 00 68 91 08 33 33 34 33 97 34 33 33 19 16 5A 16 
14:42:34.613-<<<<-接收-00 83 04 01 11 FF FC 00 81 07 17 00 CC CC CC CC CC CC F1 01 02 11 33 33 19 16 5A 16 
14:42:49.439-<<<<-接收-04 01 11 FF FC 00 81 02 CC CC CC CC CC F1 01 00 02 18 81 02 11 07 17 00 34 33 33 19 16 5A 16 
14:43:57.143-<<<<-接收-68 13 00 83 00 00 40 00 00 00 10 01 00 1A 00 F8 03 E9 16 
14:43:57.823-<<<<-接收-68 32 01 83 08 F0 40 00 00 01 10 10 02 1A 00 01 00 1A 02 37 02 00 00 00 01 00 00 00 40 84 02 11 07 17 00 02 00 01 00 21 86 02 11 07 17 00 03 00 01 00 11 88 03 11 07 17 00 04 00 01 00 21 78 02 11 07 17 00 05 00 01 00 11 85 02 11 07 17 00 06 00 01 00 11 94 03 11 07 17 00 07 00 01 00 11 18 06 11 07 17 00 08 00 04 00 22 82 02 11 07 17 00 09 00 02 00 12 87 02 11 07 17 00 0A 00 01 00 11 83 02 11 07 17 00 0B 00 01 00 11 20 06 11 07 17 00 0C 00 01 00 11 81 02 11 07 17 00 0D 00 04 00 12 27 06 11 07 17 00 0E 00 08 00 23 19 06 11 07 17 00 0F 00 08 00 23 22 06 11 07 17 00 10 00 13 00 25 34 06 11 07 17 00 11 00 13 00 15 26 06 11 07 17 00 12 00 0E 00 14 23 06 11 07 17 00 13 00 0F 00 24 31 06 11 07 17 00 14 00 0E 00 14 24 06 11 07 17 00 15 00 13 00 15 28 06 11 07 17 00 16 00 13 00 15 21 06 11 07 17 00 17 00 13 00 15 37 06 11 07 17 00 18 00 0E 00 14 36 06 11 07 17 00 19 00 10 00 16 32 06 11 07 17 00 1A 00 0F 00 14 9A 16 
14:43:59.984-<<<<-接收-68 E2 00 83 08 10 40 00 00 02 10 02 00 1A 00 1A 78 02 11 07 17 00 F0 D1 81 02 11 07 17 00 F1 D1 82 02 11 07 17 00 F1 D1 83 02 11 07 17 00 F0 D1 84 02 11 07 17 00 F0 D1 85 02 11 07 17 00 F0 D1 86 02 11 07 17 00 F0 D1 87 02 11 07 17 00 F0 D1 88 03 11 07 17 00 F0 D1 94 03 11 07 17 00 F0 D1 18 06 11 07 17 00 F1 D1 19 06 11 07 17 00 F2 D1 20 06 11 07 17 00 F0 D1 21 06 11 07 17 00 F4 D1 22 06 11 07 17 00 F4 D1 23 06 11 07 17 00 F3 D1 24 06 11 07 17 00 F4 D1 25 06 11 07 17 00 00 10 26 06 11 07 17 00 F3 D1 27 06 11 07 17 00 F2 D1 28 06 11 07 17 00 F4 D1 31 06 11 07 17 00 F3 D1 32 06 11 07 17 00 F3 D1 34 06 11 07 17 00 F4 D1 36 06 11 07 17 00 F5 D1 37 06 11 07 17 00 F3 D1 20 16 
14:44:09.838-<<<<-接收-68 36 00 83 04 01 11 FF FC 00 78 02 11 07 17 00 CC CC CC CC CC CC F1 01 00 02 18 00 FE FE FE FE 68 78 02 11 07 17 00 68 91 08 33 33 34 33 68 38 33 33 E5 16 E9 16 
14:44:10.753-<<<<-接收-68 36 00 83 04 01 11 FF FC 02 82 02 11 07 17 00 CC CC CC CC CC CC F1 01 00 02 18 00 FE FE FE FE 68 82 02 11 07 17 00 68 91 08 33 33 34 33 88 34 33 33 0B 16 41 16 
14:44:15.915-<<<<-接收-68 36 00 83 04 01 11 FF FC 03 83 02 11 07 17 00 CC CC CC CC CC CC F1 01 00 02 18 00 FE FE FE FE 68 83 02 11 07 17 00 68 91 08 33 33 34 33 7B 34 33 33 FF 16 2B 16 
14:44:16.041-<<<<-接收-68 36 00 83 04 01 11 FF FC 01 81 02 11 07 17 00 CC CC CC CC CC CC F1 01 00 02 18 00 FE FE FE FE 68 81 02 11 07 17 00 68 91 08 33 33 34 33 97 34 33 33 19 16 5B 16 
14:44:21.409-<<<<-接收-68 36 00 11 FC 02 07 FE FE 68 83 02 11 07 17 00 68 91 08 33 33 34 33 7B 34 33 33 FF 16 2B 16 68 36 00 83 0C F1 11 FF 00 00 78 02 11 07 17 00 CC CC CC CC CC CC F1 01 00 02 18 00 FE FE FE FE 68 78 02 11 07 17 00 68 91 08 33 33 34 33 68 38 33 33 E5 16 E5 16 68 36 00 83 0C F1 11 FF 00 01 81 11 07 17 00 CC CC F1 01 00 02 18 00 FE FE FE FE 68 81 02 11 07 91 08 33 33 34 33 97 34 33 33 68 36 00 83 0C F1 11 FF 00 02 82 02 11 07 17 00 F1 01 00 02 18 00 FE 07 17 00 68 91 08 0B 16 3D 
14:44:21.419-<<<<-接收-68 36 00 04 01 FF 03 83 11 17 00 CC CC CC CC CC CC F1 01 00 02 18 00 FE FE 02 CC CC CC CC 17 00 68 19 16 57 16 CC CC CC CC CC CC FE FE FE 68 82 02 11 33 33 34 33 88 34 33 33 16 
14:44:31.031-<<<<-接收-68 36 00 83 04 01 11 FF FC 01 81 02 11 07 17 00 CC CC CC CC CC CC F1 01 00 02 18 00 FE FE FE FE 68 81 02 11 07 17 00 68 91 08 33 33 34 33 97 34 33 33 19 16 5B 16 
14:44:31.300-<<<<-接收-68 36 00 83 04 01 11 FF FC 00 78 02 11 07 17 00 CC CC CC CC CC CC F1 01 00 02 18 00 FE FE FE FE 68 78 02 11 07 17 00 68 91 08 33 33 34 33 68 38 33 33 E5 16 E9 16 
14:44:40.922-<<<<-接收-83 04 01 11 FF FC 02 00 CC CC CC CC CC CC F1 01 02 11 33 33 0B 16 41 16 68 36 00 83 04 01 78 02 11 07 17 00 CC CC CC FE 34 33 68 38 33 33 E5 16 E9 16 00 83 0C F1 11 FF 00 01 81 02 11 07 02 18 00 33 33 34 33 97 34 33 33 19 16 57 16 68 36 00 83 0C F1 11 FF 00 17 00 CC CC CC CC CC CC F1 07 16 27 16 
14:44:41.706-<<<<-接收-36 00 83 04 01 11 FF FC 00 78 02 11 CC F1 FE 68 78 02 34 33 68 38 68 36 00 83 11 07 17 00 CC 18 00 FE FE FE 91 08 33 68 36 02 CC F1 01 00 
14:44:46.019-<<<<-接收-68 19 16 53 16 CC CC CC CC CC CC F1 08 33 33 34 33 88 34 33 33 0B 11 07 17 00 68 91 08 33 33 34 33 7B 34 33 
14:46:01.240-<<<<-接收-68 13 00 83 00 80 40 00 00 00 10 01 00 1A 00 F8 03 69 16 
14:46:01.922-<<<<-接收-68 32 01 83 08 F0 40 00 00 01 10 10 02 1A 00 01 00 1A 02 37 02 00 00 00 01 00 00 00 40 84 02 11 07 17 00 02 00 01 00 21 86 02 11 07 17 00 03 00 01 00 11 88 03 11 07 17 00 04 00 01 00 21 78 02 11 07 17 00 05 00 01 00 11 85 02 11 07 17 00 06 00 01 00 11 94 03 11 07 17 00 07 00 01 00 11 18 06 11 07 17 00 08 00 04 00 22 82 02 11 07 17 00 09 00 02 00 12 87 02 11 07 17 00 0A 00 01 00 11 83 02 11 07 17 00 0B 00 01 00 11 20 06 11 07 17 00 0C 00 01 00 11 81 02 11 07 17 00 0D 00 04 00 12 27 06 11 07 17 00 0E 00 08 00 23 19 06 11 07 17 00 0F 00 08 00 23 22 06 11 07 17 00 10 00 13 00 25 34 06 11 07 17 00 11 00 13 00 15 26 06 11 07 17 00 12 00 0E 00 14 23 06 11 07 17 00 13 00 0F 00 24 31 06 11 07 17 00 14 00 0E 00 14 24 06 11 07 17 00 15 00 13 00 15 28 06 11 07 17 00 16 00 13 00 15 21 06 11 07 17 00 17 00 13 00 15 37 06 11 07 17 00 18 00 0E 00 14 36 06 11 07 17 00 19 00 10 00 16 32 06 11 07 17 00 1A 00 0F 00 14 9A 16 
14:46:04.065-<<<<-接收-68 E2 00 83 08 10 40 00 00 02 10 02 00 1A 00 1A 78 02 11 07 17 00 F0 D1 81 02 11 07 17 00 F1 D1 82 02 11 07 17 00 F1 D1 83 02 11 07 17 00 F0 D1 84 02 11 07 17 00 F0 D1 85 02 11 07 17 00 F0 D1 86 02 11 07 17 00 F0 D1 87 02 11 07 17 00 F0 D1 88 03 11 07 17 00 F0 D1 94 03 11 07 17 00 F0 D1 18 06 11 07 17 00 F1 D1 19 06 11 07 17 00 F2 D1 20 06 11 07 17 00 F0 D1 21 06 11 07 17 00 F4 D1 22 06 11 07 17 00 F4 D1 23 06 11 07 17 00 F3 D1 24 06 11 07 17 00 F4 D1 25 06 11 07 17 00 00 10 26 06 11 07 17 00 F3 D1 27 06 11 07 17 00 F2 D1 28 06 11 07 17 00 F4 D1 31 06 11 07 17 00 F3 D1 32 06 11 07 17 00 F3 D1 34 06 11 07 17 00 F4 D1 36 06 11 07 17 00 F5 D1 37 06 11 07 17 00 F3 D1 20 16 
14:46:17.474-<<<<-接收-68 36 00 83 04 01 11 FF FC 00 78 02 11 07 17 00 CC CC CC CC CC CC F1 01 00 02 18 00 FE FE FE FE 68 78 02 11 07 17 00 68 91 08 33 33 34 33 68 38 33 33 E5 16 E9 16 
14:46:17.841-<<<<-接收-68 36 00 83 04 01 11 FF FC 02 82 02 11 07 17 00 CC CC CC CC CC CC F1 01 00 02 18 00 FE FE FE FE 68 82 02 11 07 17 00 68 91 08 33 33 34 33 88 34 33 33 0B 16 41 16 
14:46:22.896-<<<<-接收-68 36 00 83 04 01 11 FF FC 00 78 02 11 07 17 00 CC CC CC CC CC CC F1 01 00 02 18 00 FE FE FE FE 68 78 02 11 07 17 00 68 91 08 33 33 34 33 68 38 33 33 E5 16 E9 16 
14:46:23.840-<<<<-接收-68 36 00 83 04 01 11 FF FC 02 82 02 11 07 17 00 CC CC CC CC CC CC F1 01 00 02 18 00 FE FE FE FE 68 82 02 11 07 17 00 68 91 08 33 33 34 33 88 34 33 33 0B 16 41 16 
14:46:27.437-<<<<-接收-68 36 00 83 04 01 11 FF FC 02 82 02 11 07 17 00 CC CC CC CC CC CC F1 01 00 02 18 00 FE FE FE FE 68 82 02 11 07 17 00 68 91 08 33 33 34 33 88 34 33 33 0B 16 41 16 
14:46:27.579-<<<<-接收-68 36 00 83 04 01 11 FF FC 01 81 02 11 07 17 00 CC CC CC CC CC CC F1 01 00 02 18 00 FE FE FE FE 68 81 02 11 07 17 00 68 91 08 33 33 34 33 97 34 33 33 19 16 5B 16 
14:46:31.374-<<<<-接收-68 36 00 83 04 01 11 FF FC 00 78 02 11 07 17 00 CC CC CC CC CC CC F1 01 00 02 18 00 FE FE FE FE 68 78 02 11 07 17 00 68 91 08 33 33 34 33 68 38 33 33 E5 16 E9 16 
14:46:31.516-<<<<-接收-68 36 00 83 04 01 11 FF FC 02 82 02 11 07 17 00 CC CC CC CC CC CC F1 01 00 02 18 00 FE FE FE FE 68 82 02 11 07 17 00 68 91 08 33 33 34 33 88 34 33 33 0B 16 41 16 
14:46:34.826-<<<<-接收-36 00 83 04 01 11 FF CC CC CC F1 01 00 02 18 00 FE FE FE FE 68 81 02 11 07 17 00 33 33 34 33 97 34 33 33 19 16 5B 68 36 00 83 04 01 11 FF FC CC CC CC CC F1 01 00 02 18 00 FE FE FE 68 91 11 FF FC 17 00 68 91 08 33 33 34 33 88 34 33 33 0B 68 36 00 83 04 01 11 CC CC 33 FF 16 2B 16 68 36 00 83 04 01 11 07 17 00 CC CC CC CC 33 33 D3 16 D5 16 
14:46:42.755-<<<<-接收-68 36 00 83 04 11 FF CC CC CC F1 01 00 02 78 02 11 07 17 38 33 33 83 CC F1 01 02 11 07 17 
14:46:42.779-<<<<-接收-01 FC 00 78 02 11 07 17 00 CC CC CC 18 00 FE FE FE FE 68 00 68 91 08 33 33 34 33 68 E5 16 E9 16 68 36 00 04 01 11 FF FC 01 81 02 11 07 17 00 CC CC CC CC CC CC F1 01 00 02 18 00 FE FE FE FE 68 81 02 11 07 17 00 68 91 08 33 33 34 33 97 34 33 33 19 16 5B 16 68 36 00 83 04 01 11 FF FC 02 82 02 11 07 17 00 CC CC CC CC CC CC F1 01 00 02 18 00 FE FE FE FE 68 82 02 11 07 17 00 68 91 08 33 33 34 33 88 34 33 33 0B 16 41 16 68 36 00 83 04 01 11 FF FC 03 83 02 11 07 17 00 CC CC CC CC CC 00 02 18 00 FE FE FE FE 68 83 00 68 91 08 33 33 34 33 7B 34 33 33 FF 16 2B 16 
14:46:51.434-<<<<-接收-68 36 83 04 01 11 FF FC 03 83 02 11 07 CC CC CC CC CC F1 01 00 02 18 FE FE 68 83 02 11 07 17 00 33 33 34 33 7B 34 33 33 FF 16 2B 68 36 00 83 0C F1 11 FF 00 11 07 17 00 CC CC CC CC CC CC F1 01 18 00 FE FE FE FE 68 78 02 91 08 33 33 34 33 68 38 33 33 68 36 00 83 0C F1 11 FF 00 01 81 02 11 07 17 00 CC CC CC F1 01 00 02 18 00 FE 11 07 17 00 68 33 19 16 83 
14:46:51.550-<<<<-接收-00 17 00 CC 00 FE FE 68 91 08 16 00 78 02 00 02 11 07 17 00 68 E5 16 E5 16 CC CC CC FE FE FE 68 81 02 91 08 33 33 34 33 97 34 33 57 16 68 36 00 0C F1 11 FF 00 02 82 02 11 07 17 00 CC CC CC CC CC CC F1 01 00 02 18 00 FE FE FE FE 68 82 02 11 07 17 00 68 91 08 33 33 34 33 88 34 33 33 0B 16 3D 16 68 36 00 83 0C F1 11 FF FC 04 84 02 11 07 17 00 CC CC CC CC CC CC F1 01 00 02 18 00 FE FE FE FE 68 84 02 11 07 17 00 68 91 08 33 33 34 33 49 39 33 33 D3 16 CD 16 
14:46:58.018-<<<<-接收-68 36 00 83 04 01 11 FF FC 00 78 02 11 07 17 00 CC CC CC CC CC CC F1 01 00 02 18 00 FE FE FE FE 68 78 02 11 07 17 00 68 91 08 33 33 34 33 68 38 33 33 E5 16 E9 16 
14:46:58.598-<<<<-接收-68 36 00 83 04 01 11 FF FC 02 82 02 11 07 17 00 CC CC CC CC CC CC F1 01 00 02 18 00 FE FE FE FE 68 82 02 11 07 17 00 68 91 08 33 33 34 33 88 34 33 33 0B 16 41 16 
14:46:58.743-<<<<-接收-68 36 00 83 0C F1 11 FF 00 04 84 02 11 07 17 00 CC CC CC CC CC CC F1 01 00 02 18 00 FE FE FE FE 68 84 02 11 07 17 00 68 91 08 33 33 34 33 49 39 33 33 D3 16 D1 16 
14:47:05.262-<<<<-接收-68 36 00 83 04 01 11 FF FC 04 84 02 11 07 17 00 CC CC CC CC CC CC F1 01 00 02 18 00 FE FE FE FE 68 84 02 11 07 17 00 68 91 08 33 33 34 33 49 39 33 33 D3 16 D5 16 
14:47:05.388-<<<<-接收-68 36 00 83 04 01 11 FF FC 02 82 02 11 07 17 00 CC CC CC CC CC CC F1 01 00 02 18 00 FE FE FE FE 68 82 02 11 07 17 00 68 91 08 33 33 34 33 88 34 33 33 0B 16 41 16 
14:47:05.630-<<<<-接收-68 36 00 83 0C F1 11 FF FC 01 81 02 11 07 17 00 CC CC CC CC CC CC F1 01 00 02 18 00 FE FE FE FE 68 81 02 11 07 17 00 68 91 08 33 33 34 33 97 34 33 33 19 16 53 16 
14:47:10.156-<<<<-接收-68 36 00 83 04 01 11 FF FC 00 78 02 11 07 17 00 CC CC CC CC CC CC F1 01 00 02 18 00 FE FE FE FE 68 78 02 11 07 17 00 68 91 08 33 33 34 33 68 38 33 33 E5 16 E9 16 
14:47:10.380-<<<<-接收-68 36 00 83 04 01 11 FF FC 03 83 02 11 07 17 00 CC CC CC CC CC CC F1 01 00 02 18 00 FE FE FE FE 68 83 02 11 07 17 00 68 91 08 33 33 34 33 7B 34 33 33 FF 16 2B 16 
14:47:10.522-<<<<-接收-68 36 00 83 04 01 11 FF FC 04 84 02 11 07 17 00 CC CC CC CC CC CC F1 01 00 02 18 00 FE FE FE FE 68 84 02 11 07 17 00 68 91 08 33 33 34 33 49 39 33 33 D3 16 D5 16 
14:47:16.200-<<<<-接收-68 36 00 83 04 01 11 FF FC 01 81 02 11 07 17 00 CC CC CC CC CC CC F1 01 00 02 18 00 FE FE FE FE 68 81 02 11 07 17 00 68 91 08 33 33 34 33 97 34 33 33 19 16 5B 16 
14:47:17.111-<<<<-接收-68 36 00 83 04 01 11 FF FC 00 78 02 11 07 17 00 CC CC CC CC CC CC F1 01 00 02 18 00 FE FE FE FE 68 78 02 11 07 17 00 68 91 08 33 33 34 33 68 38 33 33 E5 16 E9 16 
14:47:27.639-<<<<-接收-36 00 83 04 01 11 FF FC 00 78 02 17 00 CC CC CC CC CC CC F1 68 78 02 68 38 33 33 E5 16 E9 16 68 36 00 83 0C F1 11 FF FC 01 81 02 11 07 17 00 CC CC 00 83 0C F1 11 FF FC 02 82 02 11 07 17 00 CC F1 01 00 02 18 00 FE FE 0C F1 11 FF FC 03 83 02 18 00 FE FE FE FE 68 83 02 11 07 17 00 68 91 08 33 33 34 33 7B 34 33 33 FF 16 23 16 
15:09:00.136-<<<<-接收-68 36 00 83 04 01 11 FF FC 00 78 02 11 07 17 00 01 BE BE BE BE BE F1 01 00 02 18 00 FE FE FE FE 68 78 02 11 07 17 00 68 91 08 33 33 34 33 64 38 33 33 E1 16 D0 16 
15:09:00.194-<<<<-接收-68 36 00 83 04 01 11 FF FC 01 81 02 11 07 17 00 01 BE BE BE BE BE F1 01 00 02 18 00 FE FE FE FE 68 81 02 11 07 17 00 68 91 08 33 33 34 33 97 34 33 33 19 16 4A 16 
15:09:00.235-<<<<-接收-68 36 00 83 04 01 11 FF FC 08 94 03 11 07 17 00 01 BE BE BE BE BE F1 01 00 02 18 00 FE FE FE FE 68 94 03 11 07 17 00 68 91 08 33 33 34 33 73 34 33 33 09 16 45 16 
15:09:00.289-<<<<-接收-68 36 00 83 0C F1 11 FF 00 05 86 02 11 07 17 00 01 BE BE BE BE BE F1 01 00 02 18 00 FE FE FE FE 68 86 02 11 07 17 00 68 91 08 33 33 34 33 93 38 33 33 1E 16 59 16 
15:09:00.343-<<<<-接收-68 36 00 83 04 01 11 FF FC 07 88 03 11 07 17 00 01 BE BE BE BE BE F1 01 00 02 18 00 FE FE FE FE 68 88 03 11 07 17 00 68 91 08 33 33 34 33 63 34 33 33 ED 16 00 16 
15:09:26.828-<<<<-接收-68 36 00 83 04 01 11 FF FC 00 78 02 11 07 17 00 01 BE BE BE BE BE F1 01 00 02 18 00 FE FE FE FE 68 78 02 11 07 17 00 68 91 08 33 33 34 33 64 38 33 33 E1 16 D0 16 
15:09:26.881-<<<<-接收-68 36 00 83 04 01 11 FF FC 01 81 02 11 07 17 00 01 BE BE BE BE BE F1 01 00 02 18 00 FE FE FE FE 68 81 02 11 07 17 00 68 91 08 33 33 34 33 97 34 33 33 19 16 4A 16 
15:09:26.920-<<<<-接收-68 36 00 83 04 01 11 FF FC 08 94 03 11 07 17 00 01 BE BE BE BE BE F1 01 00 02 18 00 FE FE FE FE 68 94 03 11 07 17 00 68 91 08 33 33 34 33 73 34 33 33 09 16 45 16 
15:09:26.980-<<<<-接收-68 36 00 83 0C F1 11 FF 00 05 86 02 11 07 17 00 01 BE BE BE BE BE F1 01 00 02 18 00 FE FE FE FE 68 86 02 11 07 17 00 68 91 08 33 33 34 33 93 38 33 33 1E 16 59 16 
15:09:27.016-<<<<-接收-68 36 00 83 04 01 11 FF FC 07 88 03 11 07 17 00 01 BE BE BE BE BE F1 01 00 02 18 00 FE FE FE FE 68 88 03 11 07 17 00 68 91 08 33 33 34 33 63 34 33 33 ED 16 00 16 
15:10:04.417-<<<<-接收-68 36 00 83 04 01 11 FF FC 00 78 02 11 07 17 00 01 BE BE BE BE BE F1 01 00 02 18 00 FE FE FE FE 68 78 02 11 07 17 00 68 91 08 33 33 34 33 64 38 33 33 E1 16 D0 16 
15:10:04.458-<<<<-接收-68 36 00 83 04 01 11 FF FC 01 81 02 11 07 17 00 01 BE BE BE BE BE F1 01 00 02 18 00 FE FE FE FE 68 81 02 11 07 17 00 68 91 08 33 33 34 33 97 34 33 33 19 16 4A 16 
15:10:04.496-<<<<-接收-68 36 00 83 04 01 11 FF FC 08 94 03 11 07 17 00 01 BE BE BE BE BE F1 01 00 02 18 00 FE FE FE FE 68 94 03 11 07 17 00 68 91 08 33 33 34 33 73 34 33 33 09 16 45 16 
15:10:04.513-<<<<-接收-68 36 00 83 0C F1 11 FF 00 05 86 02 11 07 17 00 01 BE BE BE BE BE F1 01 00 02 18 00 FE FE FE FE 68 86 02 11 07 17 00 68 91 08 33 33 34 33 93 38 33 33 1E 16 59 16 
15:10:04.530-<<<<-接收-68 36 00 83 04 01 11 FF FC 07 88 03 11 07 17 00 01 BE BE BE BE BE F1 01 00 02 18 00 FE FE FE FE 68 88 03 11 07 17 00 68 91 08 33 33 34 33 63 34 33 33 ED 16 00 16 
15:14:04.046-<<<<-接收-68 36 00 83 04 01 11 FF FC 00 78 02 11 07 17 00 01 BE BE BE BE BE F1 01 00 02 18 00 FE FE FE FE 68 78 02 11 07 17 00 68 91 08 33 33 34 33 64 38 33 33 E1 16 D0 16 
15:14:04.103-<<<<-接收-68 36 00 83 04 01 11 FF FC 01 81 02 11 07 17 00 01 BE BE BE BE BE F1 01 00 02 18 00 FE FE FE FE 68 81 02 11 07 17 00 68 91 08 33 33 34 33 97 34 33 33 19 16 4A 16 
15:14:04.156-<<<<-接收-68 36 00 83 04 01 11 FF FC 08 94 03 11 07 17 00 01 BE BE BE BE BE F1 01 00 02 18 00 FE FE FE FE 68 94 03 11 07 17 00 68 91 08 33 33 34 33 73 34 33 33 09 16 45 16 
15:14:04.209-<<<<-接收-68 36 00 83 0C F1 11 FF 00 05 86 02 11 07 17 00 01 BE BE BE BE BE F1 01 00 02 18 00 FE FE FE FE 68 86 02 11 07 17 00 68 91 08 33 33 34 33 93 38 33 33 1E 16 59 16 
15:14:04.246-<<<<-接收-68 36 00 83 04 01 11 FF FC 07 88 03 11 07 17 00 01 BE BE BE BE BE F1 01 00 02 18 00 FE FE FE FE 68 88 03 11 07 17 00 68 91 08 33 33 34 33 63 34 33 33 ED 16 00 16 
15:14:19.947-<<<<-接收-68 2F 00 43 05 00 00 00 00 00 01 BE BE BE BE BE 78 02 11 07 17 00 F1 01 00 02 00 10 00 68 78 02 11 07 17 00 68 11 04 33 33 34 33 5B 16 78 16 
15:14:19.990-<<<<-接收-68 2F 00 43 05 00 00 00 00 02 01 BE BE BE BE BE 82 02 11 07 17 00 F1 01 00 02 00 10 00 68 82 02 11 07 17 00 68 11 04 33 33 34 33 65 16 98 16 
15:14:20.008-<<<<-接收-68 2F 00 43 05 00 00 00 00 04 01 BE BE BE BE BE 85 02 11 07 17 00 F1 01 00 02 00 10 00 68 85 02 11 07 17 00 68 11 04 33 33 34 33 68 16 A3 16 
15:14:31.218-<<<<-接收-68 36 00 83 04 01 11 FF FC 00 78 02 11 07 17 00 01 BE BE BE BE BE F1 01 00 02 18 00 FE FE FE FE 68 78 02 11 07 17 00 68 91 08 33 33 34 33 64 38 33 33 E1 16 D0 16 
15:14:31.258-<<<<-接收-68 36 00 83 04 01 11 FF FC 01 81 02 11 07 17 00 01 BE BE BE BE BE F1 01 00 02 18 00 FE FE FE FE 68 81 02 11 07 17 00 68 91 08 33 33 34 33 97 34 33 33 19 16 4A 16 
15:14:31.277-<<<<-接收-68 36 00 83 04 01 11 FF FC 08 94 03 11 07 17 00 01 BE BE BE BE BE F1 01 00 02 18 00 FE FE FE FE 68 94 03 11 07 17 00 68 91 08 33 33 34 33 73 34 33 33 09 16 45 16 
15:14:31.336-<<<<-接收-68 36 00 83 0C F1 11 FF 00 05 86 02 11 07 17 00 01 BE BE BE BE BE F1 01 00 02 18 00 FE FE FE FE 68 86 02 11 07 17 00 68 91 08 33 33 34 33 93 38 33 33 1E 16 59 16 
15:14:31.391-<<<<-接收-68 36 00 83 04 01 11 FF FC 07 88 03 11 07 17 00 01 BE BE BE BE BE F1 01 00 02 18 00 FE FE FE FE 68 88 03 11 07 17 00 68 91 08 33 33 34 33 63 34 33 33 ED 16 00 16 
15:15:11.380-<<<<-接收-68 36 00 83 04 01 11 FF FC 01 81 02 11 07 17 00 CC CC CC CC CC CC F1 01 00 02 18 00 FE FE FE FE 68 81 02 11 07 17 00 68 91 08 33 33 34 33 97 34 33 33 19 16 5B 16 
15:15:11.521-<<<<-接收-68 36 00 83 04 01 11 FF FC 02 82 02 11 07 17 00 CC CC CC CC CC CC F1 01 00 02 18 00 FE FE FE FE 68 82 02 11 07 17 00 68 91 08 33 33 34 33 88 34 33 33 0B 16 41 16 
15:15:32.876-<<<<-接收-68 36 00 83 04 01 11 FF FC 00 78 02 11 07 17 00 CC CC CC CC CC CC F1 01 00 02 18 00 FE FE FE FE 68 78 02 11 07 17 00 68 91 08 33 33 34 33 6A 38 33 33 E7 16 ED 16 
15:15:33.177-<<<<-接收-68 36 00 83 04 01 11 FF FC 02 82 02 11 07 17 00 CC CC CC CC CC CC F1 01 00 02 18 00 FE FE FE FE 68 82 02 11 07 17 00 68 91 08 33 33 34 33 88 34 33 33 0B 16 41 16 
15:17:38.604-<<<<-接收-68 13 00 83 08 10 40 00 02 00 10 01 00 1A 00 F8 03 03 16 
15:17:39.294-<<<<-接收-68 32 01 83 08 F0 40 00 00 01 10 10 02 1A 00 01 00 1A 02 37 02 00 00 00 01 00 00 00 40 84 02 11 07 17 00 02 00 01 00 21 86 02 11 07 17 00 03 00 01 00 11 88 03 11 07 17 00 04 00 01 00 21 78 02 11 07 17 00 05 00 01 00 11 85 02 11 07 17 00 06 00 01 00 11 94 03 11 07 17 00 07 00 01 00 11 18 06 11 07 17 00 08 00 04 00 22 82 02 11 07 17 00 09 00 02 00 12 87 02 11 07 17 00 0A 00 01 00 11 83 02 11 07 17 00 0B 00 01 00 11 20 06 11 07 17 00 0C 00 01 00 11 81 02 11 07 17 00 0D 00 04 00 12 27 06 11 07 17 00 0E 00 08 00 23 19 06 11 07 17 00 0F 00 08 00 23 22 06 11 07 17 00 10 00 13 00 25 34 06 11 07 17 00 11 00 13 00 15 26 06 11 07 17 00 12 00 0E 00 14 23 06 11 07 17 00 13 00 0F 00 24 31 06 11 07 17 00 14 00 0E 00 14 24 06 11 07 17 00 15 00 13 00 15 28 06 11 07 17 00 16 00 13 00 15 21 06 11 07 17 00 17 00 13 00 15 37 06 11 07 17 00 18 00 0E 00 14 36 06 11 07 17 00 19 00 10 00 16 32 06 11 07 17 00 1A 00 0F 00 14 9A 16 
15:17:41.636-<<<<-接收-68 E2 00 83 08 10 40 00 00 02 10 02 00 1A 00 1A 78 02 11 07 17 00 F0 D1 81 02 11 07 17 00 F1 D1 82 02 11 07 17 00 F1 D1 83 02 11 07 17 00 F0 D1 84 02 11 07 17 00 F0 D1 85 02 11 07 17 00 F0 D1 86 02 11 07 17 00 F0 D1 87 02 11 07 17 00 F0 D1 88 03 11 07 17 00 F0 D1 94 03 11 07 17 00 F0 D1 18 06 11 07 17 00 F1 D1 19 06 11 07 17 00 F2 D1 20 06 11 07 17 00 F0 D1 21 06 11 07 17 00 F4 D1 22 06 11 07 17 00 F4 D1 23 06 11 07 17 00 F3 D1 24 06 11 07 17 00 F4 D1 25 06 11 07 17 00 00 10 26 06 11 07 17 00 F3 D1 27 06 11 07 17 00 F2 D1 28 06 11 07 17 00 F4 D1 31 06 11 07 17 00 F3 D1 32 06 11 07 17 00 F3 D1 34 06 11 07 17 00 F4 D1 36 06 11 07 17 00 F5 D1 37 06 11 07 17 00 F3 D1 20 16 
15:18:53.804-<<<<-接收-68 36 00 83 04 01 11 FF FC 00 78 02 11 07 17 00 01 BE BE BE BE BE F1 01 00 02 18 00 FE FE FE FE 68 78 02 11 07 17 00 68 91 08 33 33 34 33 64 38 33 33 E1 16 D0 16 
15:18:53.841-<<<<-接收-68 36 00 83 04 01 11 FF FC 01 81 02 11 07 17 00 01 BE BE BE BE BE F1 01 00 02 18 00 FE FE FE FE 68 81 02 11 07 17 00 68 91 08 33 33 34 33 97 34 33 33 19 16 4A 16 
15:18:53.859-<<<<-接收-68 36 00 83 04 01 11 FF FC 08 94 03 11 07 17 00 01 BE BE BE BE BE F1 01 00 02 18 00 FE FE FE FE 68 94 03 11 07 17 00 68 91 08 33 33 34 33 73 34 33 33 09 16 45 16 
15:18:53.878-<<<<-接收-68 36 00 83 0C F1 11 FF 00 05 86 02 11 07 17 00 01 BE BE BE BE BE F1 01 00 02 18 00 FE FE FE FE 68 86 02 11 07 17 00 68 91 08 33 33 34 33 93 38 33 33 1E 16 59 16 
15:18:53.938-<<<<-接收-68 36 00 83 04 01 11 FF FC 07 88 03 11 07 17 00 01 BE BE BE BE BE F1 01 00 02 18 00 FE FE FE FE 68 88 03 11 07 17 00 68 91 08 33 33 34 33 63 34 33 33 ED 16 00 16 
15:19:34.698-<<<<-接收-68 36 00 83 04 01 11 FF FC 00 78 02 11 07 17 00 01 BE BE BE BE BE F1 01 00 02 18 00 FE FE FE FE 68 78 02 11 07 17 00 68 91 08 33 33 34 33 64 38 33 33 E1 16 D0 16 
15:19:34.748-<<<<-接收-68 36 00 83 04 01 11 FF FC 01 81 02 11 07 17 00 01 BE BE BE BE BE F1 01 00 02 18 00 FE FE FE FE 68 81 02 11 07 17 00 68 91 08 33 33 34 33 97 34 33 33 19 16 4A 16 
15:19:34.783-<<<<-接收-68 36 00 83 04 01 11 FF FC 08 94 03 11 07 17 00 01 BE BE BE BE BE F1 01 00 02 18 00 FE FE FE FE 68 94 03 11 07 17 00 68 91 08 33 33 34 33 73 34 33 33 09 16 45 16 
15:19:34.797-<<<<-接收-68 36 00 83 0C F1 11 FF 00 05 86 02 11 07 17 00 01 BE BE BE BE BE F1 01 00 02 18 00 FE FE FE FE 68 86 02 11 07 17 00 68 91 08 33 33 34 33 93 38 33 33 1E 16 59 16 
15:19:34.810-<<<<-接收-68 36 00 83 04 01 11 FF FC 07 88 03 11 07 17 00 01 BE BE BE BE BE F1 01 00 02 18 00 FE FE FE FE 68 88 03 11 07 17 00 68 91 08 33 33 34 33 63 34 33 33 ED 16 00 16 
15:19:35.358-<<<<-接收-68 36 00 83 04 01 11 FF FC 00 78 02 11 07 17 00 01 BE BE BE BE BE F1 01 00 02 18 00 FE FE FE FE 68 78 02 11 07 17 00 68 91 08 33 33 34 33 64 38 33 33 E1 16 D0 16 
15:19:35.396-<<<<-接收-68 36 00 83 04 01 11 FF FC 01 81 02 11 07 17 00 01 BE BE BE BE BE F1 01 00 02 18 00 FE FE FE FE 68 81 02 11 07 17 00 68 91 08 33 33 34 33 97 34 33 33 19 16 4A 16 
15:19:35.434-<<<<-接收-68 36 00 83 04 01 11 FF FC 08 94 03 11 07 17 00 01 BE BE BE BE BE F1 01 00 02 18 00 FE FE FE FE 68 94 03 11 07 17 00 68 91 08 33 33 34 33 73 34 33 33 09 16 45 16 
15:19:35.468-<<<<-接收-68 36 00 83 0C F1 11 FF 00 05 86 02 11 07 17 00 01 BE BE BE BE BE F1 01 00 02 18 00 FE FE FE FE 68 86 02 11 07 17 00 68 91 08 33 33 34 33 93 38 33 33 1E 16 59 16 
15:19:35.493-<<<<-接收-68 36 00 83 04 01 11 FF FC 07 88 03 11 07 17 00 01 BE BE BE BE BE F1 01 00 02 18 00 FE FE FE FE 68 88 03 11 07 17 00 68 91 08 33 33 34 33 63 34 33 33 ED 16 00 16 
15:19:36.119-<<<<-接收-68 36 00 83 04 01 11 FF FC 00 78 02 11 07 17 00 01 BE BE BE BE BE F1 01 00 02 18 00 FE FE FE FE 68 78 02 11 07 17 00 68 91 08 33 33 34 33 64 38 33 33 E1 16 D0 16 
15:19:36.182-<<<<-接收-68 36 00 83 04 01 11 FF FC 01 81 02 11 07 17 00 01 BE BE BE BE BE F1 01 00 02 18 00 FE FE FE FE 68 81 02 11 07 17 00 68 91 08 33 33 34 33 97 34 33 33 19 16 4A 16 
15:19:36.220-<<<<-接收-68 36 00 83 04 01 11 FF FC 08 94 03 11 07 17 00 01 BE BE BE BE BE F1 01 00 02 18 00 FE FE FE FE 68 94 03 11 07 17 00 68 91 08 33 33 34 33 73 34 33 33 09 16 45 16 
15:19:36.241-<<<<-接收-68 36 00 83 0C F1 11 FF 00 05 86 02 11 07 17 00 01 BE BE BE BE BE F1 01 00 02 18 00 FE FE FE FE 68 86 02 11 07 17 00 68 91 08 33 33 34 33 93 38 33 33 1E 16 59 16 
15:19:36.271-<<<<-接收-68 36 00 83 04 01 11 FF FC 07 88 03 11 07 17 00 01 BE BE BE BE BE F1 01 00 02 18 00 FE FE FE FE 68 88 03 11 07 17 00 68 91 08 33 33 34 33 63 34 33 33 ED 16 00 16 
15:19:36.926-<<<<-接收-68 36 00 83 04 01 11 FF FC 00 78 02 11 07 17 00 01 BE BE BE BE BE F1 01 00 02 18 00 FE FE FE FE 68 78 02 11 07 17 00 68 91 08 33 33 34 33 64 38 33 33 E1 16 D0 16 
15:19:36.965-<<<<-接收-68 36 00 83 04 01 11 FF FC 01 81 02 11 07 17 00 01 BE BE BE BE BE F1 01 00 02 18 00 FE FE FE FE 68 81 02 11 07 17 00 68 91 08 33 33 34 33 97 34 33 33 19 16 4A 16 
15:19:36.987-<<<<-接收-68 36 00 83 04 01 11 FF FC 08 94 03 11 07 17 00 01 BE BE BE BE BE F1 01 00 02 18 00 FE FE FE FE 68 94 03 11 07 17 00 68 91 08 33 33 34 33 73 34 33 33 09 16 45 16 
15:19:37.005-<<<<-接收-68 36 00 83 0C F1 11 FF 00 05 86 02 11 07 17 00 01 BE BE BE BE BE F1 01 00 02 18 00 FE FE FE FE 68 86 02 11 07 17 00 68 91 08 33 33 34 33 93 38 33 33 1E 16 59 16 
15:19:37.038-<<<<-接收-68 36 00 83 04 01 11 FF FC 07 88 03 11 07 17 00 01 BE BE BE BE BE F1 01 00 02 18 00 FE FE FE FE 68 88 03 11 07 17 00 68 91 08 33 33 34 33 63 34 33 33 ED 16 00 16 
15:19:37.734-<<<<-接收-68 36 00 83 04 01 11 FF FC 00 78 02 11 07 17 00 01 BE BE BE BE BE F1 01 00 02 18 00 FE FE FE FE 68 78 02 11 07 17 00 68 91 08 33 33 34 33 64 38 33 33 E1 16 D0 16 
15:19:37.779-<<<<-接收-68 36 00 83 04 01 11 FF FC 01 81 02 11 07 17 00 01 BE BE BE BE BE F1 01 00 02 18 00 FE FE FE FE 68 81 02 11 07 17 00 68 91 08 33 33 34 33 97 34 33 33 19 16 4A 16 
15:19:37.796-<<<<-接收-68 36 00 83 04 01 11 FF FC 08 94 03 11 07 17 00 01 BE BE BE BE BE F1 01 00 02 18 00 FE FE FE FE 68 94 03 11 07 17 00 68 91 08 33 33 34 33 73 34 33 33 09 16 45 16 
15:19:37.835-<<<<-接收-68 36 00 83 0C F1 11 FF 00 05 86 02 11 07 17 00 01 BE BE BE BE BE F1 01 00 02 18 00 FE FE FE FE 68 86 02 11 07 17 00 68 91 08 33 33 34 33 93 38 33 33 1E 16 59 16 
15:19:37.854-<<<<-接收-68 36 00 83 04 01 11 FF FC 07 88 03 11 07 17 00 01 BE BE BE BE BE F1 01 00 02 18 00 FE FE FE FE 68 88 03 11 07 17 00 68 91 08 33 33 34 33 63 34 33 33 ED 16 00 16 
15:19:38.538-<<<<-接收-68 36 00 83 04 01 11 FF FC 00 78 02 11 07 17 00 01 BE BE BE BE BE F1 01 00 02 18 00 FE FE FE FE 68 78 02 11 07 17 00 68 91 08 33 33 34 33 64 38 33 33 E1 16 D0 16 
15:19:38.594-<<<<-接收-68 36 00 83 04 01 11 FF FC 01 81 02 11 07 17 00 01 BE BE BE BE BE F1 01 00 02 18 00 FE FE FE FE 68 81 02 11 07 17 00 68 91 08 33 33 34 33 97 34 33 33 19 16 4A 16 
15:19:38.649-<<<<-接收-68 36 00 83 04 01 11 FF FC 08 94 03 11 07 17 00 01 BE BE BE BE BE F1 01 00 02 18 00 FE FE FE FE 68 94 03 11 07 17 00 68 91 08 33 33 34 33 73 34 33 33 09 16 45 16 
15:19:38.691-<<<<-接收-68 36 00 83 0C F1 11 FF 00 05 86 02 11 07 17 00 01 BE BE BE BE BE F1 01 00 02 18 00 FE FE FE FE 68 86 02 11 07 17 00 68 91 08 33 33 34 33 93 38 33 33 1E 16 59 16 
15:19:38.747-<<<<-接收-68 36 00 83 04 01 11 FF FC 07 88 03 11 07 17 00 01 BE BE BE BE BE F1 01 00 02 18 00 FE FE FE FE 68 88 03 11 07 17 00 68 91 08 33 33 34 33 63 34 33 33 ED 16 00 16 
15:19:39.668-<<<<-接收-68 36 00 83 04 01 11 FF FC 00 78 02 11 07 17 00 01 BE BE BE BE BE F1 01 00 02 18 00 FE FE FE FE 68 78 02 11 07 17 00 68 91 08 33 33 34 33 64 38 33 33 E1 16 D0 16 
15:19:39.726-<<<<-接收-68 36 00 83 04 01 11 FF FC 01 81 02 11 07 17 00 01 BE BE BE BE BE F1 01 00 02 18 00 FE FE FE FE 68 81 02 11 07 17 00 68 91 08 33 33 34 33 97 34 33 33 19 16 4A 16 
15:19:39.780-<<<<-接收-68 36 00 83 04 01 11 FF FC 08 94 03 11 07 17 00 01 BE BE BE BE BE F1 01 00 02 18 00 FE FE FE FE 68 94 03 11 07 17 00 68 91 08 33 33 34 33 73 34 33 33 09 16 45 16 
15:19:39.837-<<<<-接收-68 36 00 83 0C F1 11 FF 00 05 86 02 11 07 17 00 01 BE BE BE BE BE F1 01 00 02 18 00 FE FE FE FE 68 86 02 11 07 17 00 68 91 08 33 33 34 33 93 38 33 33 1E 16 59 16 
15:19:39.892-<<<<-接收-68 36 00 83 04 01 11 FF FC 07 88 03 11 07 17 00 01 BE BE BE BE BE F1 01 00 02 18 00 FE FE FE FE 68 88 03 11 07 17 00 68 91 08 33 33 34 33 63 34 33 33 ED 16 00 16 
15:20:05.429-<<<<-接收-68 36 00 83 04 01 11 FF FC 00 78 02 11 07 17 00 01 BE BE BE BE BE F1 01 00 02 18 00 FE FE FE FE 68 78 02 11 07 17 00 68 91 08 33 33 34 33 64 38 33 33 E1 16 D0 16 
15:20:05.479-<<<<-接收-68 36 00 83 04 01 11 FF FC 01 81 02 11 07 17 00 01 BE BE BE BE BE F1 01 00 02 18 00 FE FE FE FE 68 81 02 11 07 17 00 68 91 08 33 33 34 33 97 34 33 33 19 16 4A 16 
15:20:05.515-<<<<-接收-68 36 00 83 04 01 11 FF FC 08 94 03 11 07 17 00 01 BE BE BE BE BE F1 01 00 02 18 00 FE FE FE FE 68 94 03 11 07 17 00 68 91 08 33 33 34 33 73 34 33 33 09 16 45 16 
15:20:05.566-<<<<-接收-68 36 00 83 0C F1 11 FF 00 05 86 02 11 07 17 00 01 BE BE BE BE BE F1 01 00 02 18 00 FE FE FE FE 68 86 02 11 07 17 00 68 91 08 33 33 34 33 93 38 33 33 1E 16 59 16 
15:20:05.601-<<<<-接收-68 36 00 83 04 01 11 FF FC 07 88 03 11 07 17 00 01 BE BE BE BE BE F1 01 00 02 18 00 FE FE FE FE 68 88 03 11 07 17 00 68 91 08 33 33 34 33 63 34 33 33 ED 16 00 16 
15:20:06.268-<<<<-接收-68 36 00 83 04 01 11 FF FC 00 78 02 11 07 17 00 01 BE BE BE BE BE F1 01 00 02 18 00 FE FE FE FE 68 78 02 11 07 17 00 68 91 08 33 33 34 33 64 38 33 33 E1 16 D0 16 
15:20:06.305-<<<<-接收-68 36 00 83 04 01 11 FF FC 01 81 02 11 07 17 00 01 BE BE BE BE BE F1 01 00 02 18 00 FE FE FE FE 68 81 02 11 07 17 00 68 91 08 33 33 34 33 97 34 33 33 19 16 4A 16 
15:20:06.355-<<<<-接收-68 36 00 83 04 01 11 FF FC 08 94 03 11 07 17 00 01 BE BE BE BE BE F1 01 00 02 18 00 FE FE FE FE 68 94 03 11 07 17 00 68 91 08 33 33 34 33 73 34 33 33 09 16 45 16 
15:20:06.391-<<<<-接收-68 36 00 83 0C F1 11 FF 00 05 86 02 11 07 17 00 01 BE BE BE BE BE F1 01 00 02 18 00 FE FE FE FE 68 86 02 11 07 17 00 68 91 08 33 33 34 33 93 38 33 33 1E 16 59 16 
15:20:06.446-<<<<-接收-68 36 00 83 04 01 11 FF FC 07 88 03 11 07 17 00 01 BE BE BE BE BE F1 01 00 02 18 00 FE FE FE FE 68 88 03 11 07 17 00 68 91 08 33 33 34 33 63 34 33 33 ED 16 00 16 
15:20:07.197-<<<<-接收-68 36 00 83 04 01 11 FF FC 00 78 02 11 07 17 00 01 BE BE BE BE BE F1 01 00 02 18 00 FE FE FE FE 68 78 02 11 07 17 00 68 91 08 33 33 34 33 64 38 33 33 E1 16 D0 16 
15:20:07.267-<<<<-接收-68 36 00 83 04 01 11 FF FC 01 81 02 11 07 17 00 01 BE BE BE BE BE F1 01 00 02 18 00 FE FE FE FE 68 81 02 11 07 17 00 68 91 08 33 33 34 33 97 34 33 33 19 16 4A 16 
15:20:07.292-<<<<-接收-68 36 00 83 04 01 11 FF FC 08 94 03 11 07 17 00 01 BE BE BE BE BE F1 01 00 02 18 00 FE FE FE FE 68 94 03 11 07 17 00 68 91 08 33 33 34 33 73 34 33 33 09 16 45 16 
15:20:07.331-<<<<-接收-68 36 00 83 0C F1 11 FF 00 05 86 02 11 07 17 00 01 BE BE BE BE BE F1 01 00 02 18 00 FE FE FE FE 68 86 02 11 07 17 00 68 91 08 33 33 34 33 93 38 33 33 1E 16 59 16 
15:20:07.385-<<<<-接收-68 36 00 83 04 01 11 FF FC 07 88 03 11 07 17 00 01 BE BE BE BE BE F1 01 00 02 18 00 FE FE FE FE 68 88 03 11 07 17 00 68 91 08 33 33 34 33 63 34 33 33 ED 16 00 16 
15:20:08.082-<<<<-接收-68 36 00 83 04 01 11 FF FC 00 78 02 11 07 17 00 01 BE BE BE BE BE F1 01 00 02 18 00 FE FE FE FE 68 78 02 11 07 17 00 68 91 08 33 33 34 33 64 38 33 33 E1 16 D0 16 
15:20:08.137-<<<<-接收-68 36 00 83 04 01 11 FF FC 01 81 02 11 07 17 00 01 BE BE BE BE BE F1 01 00 02 18 00 FE FE FE FE 68 81 02 11 07 17 00 68 91 08 33 33 34 33 97 34 33 33 19 16 4A 16 
15:20:08.193-<<<<-接收-68 36 00 83 04 01 11 FF FC 08 94 03 11 07 17 00 01 BE BE BE BE BE F1 01 00 02 18 00 FE FE FE FE 68 94 03 11 07 17 00 68 91 08 33 33 34 33 73 34 33 33 09 16 45 16 
15:20:08.298-<<<<-接收-68 36 00 83 0C F1 11 FF 00 05 86 02 11 07 17 00 01 BE BE BE BE BE F1 01 00 02 18 00 FE FE FE FE 68 86 02 11 07 17 00 68 91 08 33 33 34 33 93 38 33 33 1E 16 59 16 
15:20:08.338-<<<<-接收-68 36 00 83 04 01 11 FF FC 07 88 03 11 07 17 00 01 BE BE BE BE BE F1 01 00 02 18 00 FE FE FE FE 68 88 03 11 07 17 00 68 91 08 33 33 34 33 63 34 33 33 ED 16 00 16 
15:20:08.939-<<<<-接收-68 36 00 83 04 01 11 FF FC 00 78 02 11 07 17 00 01 BE BE BE BE BE F1 01 00 02 18 00 FE FE FE FE 68 78 02 11 07 17 00 68 91 08 33 33 34 33 64 38 33 33 E1 16 D0 16 
15:20:08.983-<<<<-接收-68 36 00 83 04 01 11 FF FC 01 81 02 11 07 17 00 01 BE BE BE BE BE F1 01 00 02 18 00 FE FE FE FE 68 81 02 11 07 17 00 68 91 08 33 33 34 33 97 34 33 33 19 16 4A 16 
15:20:09.037-<<<<-接收-68 36 00 83 04 01 11 FF FC 08 94 03 11 07 17 00 01 BE BE BE BE BE F1 01 00 02 18 00 FE FE FE FE 68 94 03 11 07 17 00 68 91 08 33 33 34 33 73 34 33 33 09 16 45 16 
15:20:09.094-<<<<-接收-68 36 00 83 0C F1 11 FF 00 05 86 02 11 07 17 00 01 BE BE BE BE BE F1 01 00 02 18 00 FE FE FE FE 68 86 02 11 07 17 00 68 91 08 33 33 34 33 93 38 33 33 1E 16 59 16 
15:20:09.165-<<<<-接收-68 36 00 83 04 01 11 FF FC 07 88 03 11 07 17 00 01 BE BE BE BE BE F1 01 00 02 18 00 FE FE FE FE 68 88 03 11 07 17 00 68 91 08 33 33 34 33 63 34 33 33 ED 16 00 16 
15:20:09.952-<<<<-接收-68 36 00 83 04 01 11 FF FC 00 78 02 11 07 17 00 01 BE BE BE BE BE F1 01 00 02 18 00 FE FE FE FE 68 78 02 11 07 17 00 68 91 08 33 33 34 33 64 38 33 33 E1 16 D0 16 
15:20:10.007-<<<<-接收-68 36 00 83 04 01 11 FF FC 01 81 02 11 07 17 00 01 BE BE BE BE BE F1 01 00 02 18 00 FE FE FE FE 68 81 02 11 07 17 00 68 91 08 33 33 34 33 97 34 33 33 19 16 4A 16 
15:20:10.065-<<<<-接收-68 36 00 83 04 01 11 FF FC 08 94 03 11 07 17 00 01 BE BE BE BE BE F1 01 00 02 18 00 FE FE FE FE 68 94 03 11 07 17 00 68 91 08 33 33 34 33 73 34 33 33 09 16 45 16 
15:20:10.104-<<<<-接收-68 36 00 83 0C F1 11 FF 00 05 86 02 11 07 17 00 01 BE BE BE BE BE F1 01 00 02 18 00 FE FE FE FE 68 86 02 11 07 17 00 68 91 08 33 33 34 33 93 38 33 33 1E 16 59 16 
15:20:10.149-<<<<-接收-68 36 00 83 04 01 11 FF FC 07 88 03 11 07 17 00 01 BE BE BE BE BE F1 01 00 02 18 00 FE FE FE FE 68 88 03 11 07 17 00 68 91 08 33 33 34 33 63 34 33 33 ED 16 00 16 
15:20:11.075-<<<<-接收-68 36 00 83 04 01 11 FF FC 00 78 02 11 07 17 00 01 BE BE BE BE BE F1 01 00 02 18 00 FE FE FE FE 68 78 02 11 07 17 00 68 91 08 33 33 34 33 64 38 33 33 E1 16 D0 16 
15:20:11.115-<<<<-接收-68 36 00 83 04 01 11 FF FC 01 81 02 11 07 17 00 01 BE BE BE BE BE F1 01 00 02 18 00 FE FE FE FE 68 81 02 11 07 17 00 68 91 08 33 33 34 33 97 34 33 33 19 16 4A 16 
15:20:11.137-<<<<-接收-68 36 00 83 04 01 11 FF FC 08 94 03 11 07 17 00 01 BE BE BE BE BE F1 01 00 02 18 00 FE FE FE FE 68 94 03 11 07 17 00 68 91 08 33 33 34 33 73 34 33 33 09 16 45 16 
15:20:11.175-<<<<-接收-68 36 00 83 0C F1 11 FF 00 05 86 02 11 07 17 00 01 BE BE BE BE BE F1 01 00 02 18 00 FE FE FE FE 68 86 02 11 07 17 00 68 91 08 33 33 34 33 93 38 33 33 1E 16 59 16 
15:20:11.215-<<<<-接收-68 36 00 83 04 01 11 FF FC 07 88 03 11 07 17 00 01 BE BE BE BE BE F1 01 00 02 18 00 FE FE FE FE 68 88 03 11 07 17 00 68 91 08 33 33 34 33 63 34 33 33 ED 16 00 16 
15:24:05.721-<<<<-接收-68 36 00 83 04 01 11 FF FC 00 78 02 11 07 17 00 CC CC CC CC CC CC F1 01 00 02 18 00 FE FE FE FE 68 78 02 11 07 17 00 68 91 08 33 33 34 33 6B 38 33 33 E8 16 EF 16 
15:24:06.405-<<<<-接收-68 36 00 83 04 01 11 FF FC 02 82 02 11 07 17 00 CC CC CC CC CC CC F1 01 00 02 18 00 FE FE FE FE 68 82 02 11 07 17 00 68 91 08 33 33 34 33 88 34 33 33 0B 16 41 16 
15:24:07.893-<<<<-接收-68 36 00 83 04 01 11 FF FC 04 84 02 11 07 17 00 CC CC CC CC CC CC F1 01 00 02 18 00 FE FE FE FE 68 84 02 11 07 17 00 68 91 08 33 33 34 33 53 39 33 33 DD 16 E9 16 
15:24:08.455-<<<<-接收-68 36 00 83 04 01 11 FF FC 06 86 02 11 07 17 00 CC CC CC CC CC CC F1 01 00 02 18 00 FE FE FE FE 68 86 02 11 07 17 00 68 91 08 33 33 34 33 9B 38 33 33 26 16 7F 16 
15:24:09.350-<<<<-接收-68 36 00 83 04 01 11 FF FC 08 88 03 11 07 17 00 CC CC CC CC CC CC F1 01 00 02 18 00 FE FE FE FE 68 88 03 11 07 17 00 68 91 08 33 33 34 33 63 34 33 33 ED 16 12 16 
15:27:49.990-<<<<-接收-68 13 00 83 00 00 40 00 00 00 10 01 00 1A 00 F8 03 E9 16 
15:27:50.681-<<<<-接收-68 32 01 83 08 F0 40 00 00 01 10 10 02 1A 00 01 00 1A 02 37 02 00 00 00 01 00 00 00 40 84 02 11 07 17 00 02 00 01 00 21 86 02 11 07 17 00 03 00 01 00 11 88 03 11 07 17 00 04 00 01 00 21 78 02 11 07 17 00 05 00 01 00 11 85 02 11 07 17 00 06 00 01 00 11 94 03 11 07 17 00 07 00 01 00 11 18 06 11 07 17 00 08 00 04 00 22 82 02 11 07 17 00 09 00 02 00 12 87 02 11 07 17 00 0A 00 01 00 11 83 02 11 07 17 00 0B 00 01 00 11 20 06 11 07 17 00 0C 00 01 00 11 81 02 11 07 17 00 0D 00 04 00 12 27 06 11 07 17 00 0E 00 08 00 23 19 06 11 07 17 00 0F 00 08 00 23 22 06 11 07 17 00 10 00 13 00 25 34 06 11 07 17 00 11 00 13 00 15 26 06 11 07 17 00 12 00 0E 00 14 23 06 11 07 17 00 13 00 0F 00 24 31 06 11 07 17 00 14 00 0E 00 14 24 06 11 07 17 00 15 00 13 00 15 28 06 11 07 17 00 16 00 13 00 15 21 06 11 07 17 00 17 00 13 00 15 37 06 11 07 17 00 18 00 0E 00 14 36 06 11 07 17 00 19 00 10 00 16 32 06 11 07 17 00 1A 00 0F 00 14 9A 16 
15:27:52.846-<<<<-接收-68 E2 00 83 08 10 40 00 00 02 10 02 00 1A 00 1A 78 02 11 07 17 00 F0 D1 81 02 11 07 17 00 F1 D1 82 02 11 07 17 00 F1 D1 83 02 11 07 17 00 F0 D1 84 02 11 07 17 00 F0 D1 85 02 11 07 17 00 F0 D1 86 02 11 07 17 00 F0 D1 87 02 11 07 17 00 F0 D1 88 03 11 07 17 00 F0 D1 94 03 11 07 17 00 F0 D1 18 06 11 07 17 00 F1 D1 19 06 11 07 17 00 F2 D1 20 06 11 07 17 00 F0 D1 21 06 11 07 17 00 F4 D1 22 06 11 07 17 00 F4 D1 23 06 11 07 17 00 F3 D1 24 06 11 07 17 00 F4 D1 25 06 11 07 17 00 00 10 26 06 11 07 17 00 F3 D1 27 06 11 07 17 00 F2 D1 28 06 11 07 17 00 F4 D1 31 06 11 07 17 00 F3 D1 32 06 11 07 17 00 F3 D1 34 06 11 07 17 00 F4 D1 36 06 11 07 17 00 F5 D1 37 06 11 07 17 00 F3 D1 20 16 
15:29:12.005-<<<<-接收-68 13 00 83 00 00 40 00 00 00 10 01 00 1A 00 F8 03 E9 16 
15:29:12.700-<<<<-接收-68 32 01 83 08 F0 40 00 00 01 10 10 02 1A 00 01 00 1A 02 37 02 00 00 00 01 00 00 00 40 84 02 11 07 17 00 02 00 01 00 21 86 02 11 07 17 00 03 00 01 00 11 88 03 11 07 17 00 04 00 01 00 21 78 02 11 07 17 00 05 00 01 00 11 85 02 11 07 17 00 06 00 01 00 11 94 03 11 07 17 00 07 00 01 00 11 18 06 11 07 17 00 08 00 04 00 22 82 02 11 07 17 00 09 00 02 00 12 87 02 11 07 17 00 0A 00 01 00 11 83 02 11 07 17 00 0B 00 01 00 11 20 06 11 07 17 00 0C 00 01 00 11 81 02 11 07 17 00 0D 00 04 00 12 27 06 11 07 17 00 0E 00 08 00 23 19 06 11 07 17 00 0F 00 08 00 23 22 06 11 07 17 00 10 00 13 00 25 34 06 11 07 17 00 11 00 13 00 15 26 06 11 07 17 00 12 00 0E 00 14 23 06 11 07 17 00 13 00 0F 00 24 31 06 11 07 17 00 14 00 0E 00 14 24 06 11 07 17 00 15 00 13 00 15 28 06 11 07 17 00 16 00 13 00 15 21 06 11 07 17 00 17 00 13 00 15 37 06 11 07 17 00 18 00 0E 00 14 36 06 11 07 17 00 19 00 10 00 16 32 06 11 07 17 00 1A 00 0F 00 14 9A 16 
15:29:14.877-<<<<-接收-68 E2 00 83 08 10 40 00 00 02 10 02 00 1A 00 1A 78 02 11 07 17 00 F0 D1 81 02 11 07 17 00 F1 D1 82 02 11 07 17 00 F1 D1 83 02 11 07 17 00 F0 D1 84 02 11 07 17 00 F0 D1 85 02 11 07 17 00 F0 D1 86 02 11 07 17 00 F0 D1 87 02 11 07 17 00 F0 D1 88 03 11 07 17 00 F0 D1 94 03 11 07 17 00 F0 D1 18 06 11 07 17 00 F1 D1 19 06 11 07 17 00 F2 D1 20 06 11 07 17 00 F0 D1 21 06 11 07 17 00 F4 D1 22 06 11 07 17 00 F4 D1 23 06 11 07 17 00 F3 D1 24 06 11 07 17 00 F4 D1 25 06 11 07 17 00 00 10 26 06 11 07 17 00 F3 D1 27 06 11 07 17 00 F2 D1 28 06 11 07 17 00 F4 D1 31 06 11 07 17 00 F3 D1 32 06 11 07 17 00 F3 D1 34 06 11 07 17 00 F4 D1 36 06 11 07 17 00 F5 D1 37 06 11 07 17 00 F3 D1 20 16 
15:30:10.560-<<<<-接收-68 13 00 83 00 00 40 00 FE 00 10 01 00 1A 00 F8 03 E7 16 
15:30:11.255-<<<<-接收-68 32 01 83 00 00 40 00 00 01 10 10 02 1A 00 01 00 1A 02 37 02 00 00 00 01 00 00 00 40 84 02 11 07 17 00 02 00 01 00 21 86 02 11 07 17 00 03 00 01 00 11 88 03 11 07 17 00 04 00 01 00 21 78 02 11 07 17 00 05 00 01 00 11 85 02 11 07 17 00 06 00 01 00 11 94 03 11 07 17 00 07 00 01 00 11 18 06 11 07 17 00 08 00 04 00 22 82 02 11 07 17 00 09 00 02 00 12 87 02 11 07 17 00 0A 00 01 00 11 83 02 11 07 17 00 0B 00 01 00 11 20 06 11 07 17 00 0C 00 01 00 11 81 02 11 07 17 00 0D 00 04 00 12 27 06 11 07 17 00 0E 00 08 00 23 19 06 11 07 17 00 0F 00 08 00 23 22 06 11 07 17 00 10 00 13 00 25 34 06 11 07 17 00 11 00 13 00 15 26 06 11 07 17 00 12 00 0E 00 14 23 06 11 07 17 00 13 00 0F 00 24 31 06 11 07 17 00 14 00 0E 00 14 24 06 11 07 17 00 15 00 13 00 15 28 06 11 07 17 00 16 00 13 00 15 21 06 11 07 17 00 17 00 13 00 15 37 06 11 07 17 00 18 00 0E 00 14 36 06 11 07 17 00 19 00 10 00 16 32 06 11 07 17 00 1A 00 0F 00 14 A2 16 
15:30:13.530-<<<<-接收-68 E2 00 83 08 10 40 00 00 02 10 02 00 1A 00 1A 78 02 11 07 17 00 F0 D1 81 02 11 07 17 00 F1 D1 82 02 11 07 17 00 F1 D1 83 02 11 07 17 00 F0 D1 84 02 11 07 17 00 F0 D1 85 02 11 07 17 00 F0 D1 86 02 11 07 17 00 F0 D1 87 02 11 07 17 00 F0 D1 88 03 11 07 17 00 F0 D1 94 03 11 07 17 00 F0 D1 18 06 11 07 17 00 F1 D1 19 06 11 07 17 00 F2 D1 20 06 11 07 17 00 F0 D1 21 06 11 07 17 00 F4 D1 22 06 11 07 17 00 F4 D1 23 06 11 07 17 00 F3 D1 24 06 11 07 17 00 F4 D1 25 06 11 07 17 00 00 10 26 06 11 07 17 00 F3 D1 27 06 11 07 17 00 F2 D1 28 06 11 07 17 00 F4 D1 31 06 11 07 17 00 F3 D1 32 06 11 07 17 00 F3 D1 34 06 11 07 17 00 F4 D1 36 06 11 07 17 00 F5 D1 37 06 11 07 17 00 F3 D1 20 16 
15:33:54.330-<<<<-接收-68 13 00 83 00 00 40 00 FC 00 10 01 00 1A 00 F8 03 E5 16 
15:33:55.022-<<<<-接收-68 32 01 83 00 00 40 00 00 01 10 10 02 1A 00 01 00 1A 02 37 02 00 00 00 01 00 00 00 40 84 02 11 07 17 00 02 00 01 00 21 86 02 11 07 17 00 03 00 01 00 11 88 03 11 07 17 00 04 00 01 00 21 78 02 11 07 17 00 05 00 01 00 11 85 02 11 07 17 00 06 00 01 00 11 94 03 11 07 17 00 07 00 01 00 11 18 06 11 07 17 00 08 00 04 00 22 82 02 11 07 17 00 09 00 02 00 12 87 02 11 07 17 00 0A 00 01 00 11 83 02 11 07 17 00 0B 00 01 00 11 20 06 11 07 17 00 0C 00 01 00 11 81 02 11 07 17 00 0D 00 04 00 12 27 06 11 07 17 00 0E 00 08 00 23 19 06 11 07 17 00 0F 00 08 00 23 22 06 11 07 17 00 10 00 13 00 25 34 06 11 07 17 00 11 00 13 00 15 26 06 11 07 17 00 12 00 0E 00 14 23 06 11 07 17 00 13 00 0F 00 24 31 06 11 07 17 00 14 00 0E 00 14 24 06 11 07 17 00 15 00 13 00 15 28 06 11 07 17 00 16 00 13 00 15 21 06 11 07 17 00 17 00 13 00 15 37 06 11 07 17 00 18 00 0E 00 14 36 06 11 07 17 00 19 00 10 00 16 32 06 11 07 17 00 1A 00 0F 00 14 A2 16 
15:33:57.361-<<<<-接收-68 E2 00 83 08 10 40 00 00 02 10 02 00 1A 00 1A 78 02 11 07 17 00 F0 D1 81 02 11 07 17 00 F1 D1 82 02 11 07 17 00 F1 D1 83 02 11 07 17 00 F0 D1 84 02 11 07 17 00 F0 D1 85 02 11 07 17 00 F0 D1 86 02 11 07 17 00 F0 D1 87 02 11 07 17 00 F0 D1 88 03 11 07 17 00 F0 D1 94 03 11 07 17 00 F0 D1 18 06 11 07 17 00 F1 D1 19 06 11 07 17 00 F2 D1 20 06 11 07 17 00 F0 D1 21 06 11 07 17 00 F4 D1 22 06 11 07 17 00 F4 D1 23 06 11 07 17 00 F3 D1 24 06 11 07 17 00 F4 D1 25 06 11 07 17 00 00 10 26 06 11 07 17 00 F3 D1 27 06 11 07 17 00 F2 D1 28 06 11 07 17 00 F4 D1 31 06 11 07 17 00 F3 D1 32 06 11 07 17 00 F3 D1 34 06 11 07 17 00 F4 D1 36 06 11 07 17 00 F5 D1 37 06 11 07 17 00 F3 D1 20 16 
15:34:42.162-<<<<-接收-68 13 00 83 00 00 40 00 00 00 10 01 00 1A 00 F8 03 E9 16 
15:34:42.853-<<<<-接收-68 32 01 83 00 00 40 00 00 01 10 10 02 1A 00 01 00 1A 02 37 02 00 00 00 01 00 00 00 40 84 02 11 07 17 00 02 00 01 00 21 86 02 11 07 17 00 03 00 01 00 11 88 03 11 07 17 00 04 00 01 00 21 78 02 11 07 17 00 05 00 01 00 11 85 02 11 07 17 00 06 00 01 00 11 94 03 11 07 17 00 07 00 01 00 11 18 06 11 07 17 00 08 00 04 00 22 82 02 11 07 17 00 09 00 02 00 12 87 02 11 07 17 00 0A 00 01 00 11 83 02 11 07 17 00 0B 00 01 00 11 20 06 11 07 17 00 0C 00 01 00 11 81 02 11 07 17 00 0D 00 04 00 12 27 06 11 07 17 00 0E 00 08 00 23 19 06 11 07 17 00 0F 00 08 00 23 22 06 11 07 17 00 10 00 13 00 25 34 06 11 07 17 00 11 00 13 00 15 26 06 11 07 17 00 12 00 0E 00 14 23 06 11 07 17 00 13 00 0F 00 24 31 06 11 07 17 00 14 00 0E 00 14 24 06 11 07 17 00 15 00 13 00 15 28 06 11 07 17 00 16 00 13 00 15 21 06 11 07 17 00 17 00 13 00 15 37 06 11 07 17 00 18 00 0E 00 14 36 06 11 07 17 00 19 00 10 00 16 32 06 11 07 17 00 1A 00 0F 00 14 A2 16 
15:34:45.240-<<<<-接收-68 E2 00 83 08 10 40 00 00 02 10 02 00 1A 00 1A 78 02 11 07 17 00 F0 D1 81 02 11 07 17 00 F1 D1 82 02 11 07 17 00 F1 D1 83 02 11 07 17 00 F0 D1 84 02 11 07 17 00 F0 D1 85 02 11 07 17 00 F0 D1 86 02 11 07 17 00 F0 D1 87 02 11 07 17 00 F0 D1 88 03 11 07 17 00 F0 D1 94 03 11 07 17 00 F0 D1 18 06 11 07 17 00 F1 D1 19 06 11 07 17 00 F2 D1 20 06 11 07 17 00 F0 D1 21 06 11 07 17 00 F4 D1 22 06 11 07 17 00 F4 D1 23 06 11 07 17 00 F3 D1 24 06 11 07 17 00 F4 D1 25 06 11 07 17 00 00 10 26 06 11 07 17 00 F3 D1 27 06 11 07 17 00 F2 D1 28 06 11 07 17 00 F4 D1 31 06 11 07 17 00 F3 D1 32 06 11 07 17 00 F3 D1 34 06 11 07 17 00 F4 D1 36 06 11 07 17 00 F5 D1 37 06 11 07 17 00 F3 D1 20 16 
15:36:51.929-<<<<-接收-68 13 00 83 00 00 40 00 FC 00 10 01 00 1A 00 F8 03 E5 16 
15:36:52.609-<<<<-接收-68 32 01 83 00 00 40 00 00 01 10 10 02 1A 00 01 00 1A 02 37 02 00 00 00 01 00 00 00 40 84 02 11 07 17 00 02 00 01 00 21 86 02 11 07 17 00 03 00 01 00 11 88 03 11 07 17 00 04 00 01 00 21 78 02 11 07 17 00 05 00 01 00 11 85 02 11 07 17 00 06 00 01 00 11 94 03 11 07 17 00 07 00 01 00 11 18 06 11 07 17 00 08 00 04 00 22 82 02 11 07 17 00 09 00 02 00 12 87 02 11 07 17 00 0A 00 01 00 11 83 02 11 07 17 00 0B 00 01 00 11 20 06 11 07 17 00 0C 00 01 00 11 81 02 11 07 17 00 0D 00 04 00 12 27 06 11 07 17 00 0E 00 08 00 23 19 06 11 07 17 00 0F 00 08 00 23 22 06 11 07 17 00 10 00 13 00 25 34 06 11 07 17 00 11 00 13 00 15 26 06 11 07 17 00 12 00 0E 00 14 23 06 11 07 17 00 13 00 0F 00 24 31 06 11 07 17 00 14 00 0E 00 14 24 06 11 07 17 00 15 00 13 00 15 28 06 11 07 17 00 16 00 13 00 15 21 06 11 07 17 00 17 00 13 00 15 37 06 11 07 17 00 18 00 0E 00 14 36 06 11 07 17 00 19 00 10 00 16 32 06 11 07 17 00 1A 00 0F 00 14 A2 16 
15:36:54.950-<<<<-接收-68 E2 00 83 08 10 40 00 00 02 10 02 00 1A 00 1A 78 02 11 07 17 00 F0 D1 81 02 11 07 17 00 F1 D1 82 02 11 07 17 00 F1 D1 83 02 11 07 17 00 F0 D1 84 02 11 07 17 00 F0 D1 85 02 11 07 17 00 F0 D1 86 02 11 07 17 00 F0 D1 87 02 11 07 17 00 F0 D1 88 03 11 07 17 00 F0 D1 94 03 11 07 17 00 F0 D1 18 06 11 07 17 00 F1 D1 19 06 11 07 17 00 F2 D1 20 06 11 07 17 00 F0 D1 21 06 11 07 17 00 F4 D1 22 06 11 07 17 00 F4 D1 23 06 11 07 17 00 F3 D1 24 06 11 07 17 00 F4 D1 25 06 11 07 17 00 00 10 26 06 11 07 17 00 F3 D1 27 06 11 07 17 00 F2 D1 28 06 11 07 17 00 F4 D1 31 06 11 07 17 00 F3 D1 32 06 11 07 17 00 F3 D1 34 06 11 07 17 00 F4 D1 36 06 11 07 17 00 F5 D1 37 06 11 07 17 00 F3 D1 20 16 
15:45:16.743-<<<<-接收-68 13 00 83 00 00 40 00 00 00 10 01 00 1A 00 F8 03 E9 16 
15:45:17.437-<<<<-接收-68 32 01 83 00 00 40 00 00 01 10 10 02 1A 00 01 00 1A 02 37 02 00 00 00 01 00 00 00 40 84 02 11 07 17 00 02 00 01 00 21 86 02 11 07 17 00 03 00 01 00 11 88 03 11 07 17 00 04 00 01 00 21 78 02 11 07 17 00 05 00 01 00 11 85 02 11 07 17 00 06 00 01 00 11 94 03 11 07 17 00 07 00 01 00 11 18 06 11 07 17 00 08 00 04 00 22 82 02 11 07 17 00 09 00 02 00 12 87 02 11 07 17 00 0A 00 01 00 11 83 02 11 07 17 00 0B 00 01 00 11 20 06 11 07 17 00 0C 00 01 00 11 81 02 11 07 17 00 0D 00 04 00 12 27 06 11 07 17 00 0E 00 08 00 23 19 06 11 07 17 00 0F 00 08 00 23 22 06 11 07 17 00 10 00 13 00 25 34 06 11 07 17 00 11 00 13 00 15 26 06 11 07 17 00 12 00 0E 00 14 23 06 11 07 17 00 13 00 0F 00 24 31 06 11 07 17 00 14 00 0E 00 14 24 06 11 07 17 00 15 00 13 00 15 28 06 11 07 17 00 16 00 13 00 15 21 06 11 07 17 00 17 00 13 00 15 37 06 11 07 17 00 18 00 0E 00 14 36 06 11 07 17 00 19 00 10 00 16 32 06 11 07 17 00 1A 00 0F 00 14 A2 16 
15:45:19.639-<<<<-接收-68 E2 00 83 08 10 40 00 00 02 10 02 00 1A 00 1A 78 02 11 07 17 00 F0 D1 81 02 11 07 17 00 F1 D1 82 02 11 07 17 00 F1 D1 83 02 11 07 17 00 F0 D1 84 02 11 07 17 00 F0 D1 85 02 11 07 17 00 F0 D1 86 02 11 07 17 00 F0 D1 87 02 11 07 17 00 F0 D1 88 03 11 07 17 00 F0 D1 94 03 11 07 17 00 F0 D1 18 06 11 07 17 00 F1 D1 19 06 11 07 17 00 F2 D1 20 06 11 07 17 00 F0 D1 21 06 11 07 17 00 F4 D1 22 06 11 07 17 00 F4 D1 23 06 11 07 17 00 F3 D1 24 06 11 07 17 00 F4 D1 25 06 11 07 17 00 00 10 26 06 11 07 17 00 F3 D1 27 06 11 07 17 00 F2 D1 28 06 11 07 17 00 F4 D1 31 06 11 07 17 00 F3 D1 32 06 11 07 17 00 F3 D1 34 06 11 07 17 00 F4 D1 36 06 11 07 17 00 F5 D1 37 06 11 07 17 00 F3 D1 20 16 
15:46:39.039-<<<<-接收-68 13 00 83 00 00 40 00 FC 00 10 01 00 1A 00 F8 03 E5 16 
15:46:39.718-<<<<-接收-68 32 01 83 00 00 40 00 00 01 10 10 02 1A 00 01 00 1A 02 37 02 00 00 00 01 00 00 00 40 84 02 11 07 17 00 02 00 01 00 21 86 02 11 07 17 00 03 00 01 00 11 88 03 11 07 17 00 04 00 01 00 21 78 02 11 07 17 00 05 00 01 00 11 85 02 11 07 17 00 06 00 01 00 11 94 03 11 07 17 00 07 00 01 00 11 18 06 11 07 17 00 08 00 04 00 22 82 02 11 07 17 00 09 00 02 00 12 87 02 11 07 17 00 0A 00 01 00 11 83 02 11 07 17 00 0B 00 01 00 11 20 06 11 07 17 00 0C 00 01 00 11 81 02 11 07 17 00 0D 00 04 00 12 27 06 11 07 17 00 0E 00 08 00 23 19 06 11 07 17 00 0F 00 08 00 23 22 06 11 07 17 00 10 00 13 00 25 34 06 11 07 17 00 11 00 13 00 15 26 06 11 07 17 00 12 00 0E 00 14 23 06 11 07 17 00 13 00 0F 00 24 31 06 11 07 17 00 14 00 0E 00 14 24 06 11 07 17 00 15 00 13 00 15 28 06 11 07 17 00 16 00 13 00 15 21 06 11 07 17 00 17 00 13 00 15 37 06 11 07 17 00 18 00 0E 00 14 36 06 11 07 17 00 19 00 10 00 16 32 06 11 07 17 00 1A 00 0F 00 14 A2 16 
15:46:42.056-<<<<-接收-68 E2 00 83 08 10 40 00 00 02 10 02 00 1A 00 1A 78 02 11 07 17 00 F0 D1 81 02 11 07 17 00 F1 D1 82 02 11 07 17 00 F1 D1 83 02 11 07 17 00 F0 D1 84 02 11 07 17 00 F0 D1 85 02 11 07 17 00 F0 D1 86 02 11 07 17 00 F0 D1 87 02 11 07 17 00 F0 D1 88 03 11 07 17 00 F0 D1 94 03 11 07 17 00 F0 D1 18 06 11 07 17 00 F1 D1 19 06 11 07 17 00 F2 D1 20 06 11 07 17 00 F0 D1 21 06 11 07 17 00 F4 D1 22 06 11 07 17 00 F4 D1 23 06 11 07 17 00 F3 D1 24 06 11 07 17 00 F4 D1 25 06 11 07 17 00 00 10 26 06 11 07 17 00 F3 D1 27 06 11 07 17 00 F2 D1 28 06 11 07 17 00 F4 D1 31 06 11 07 17 00 F3 D1 32 06 11 07 17 00 F3 D1 34 06 11 07 17 00 F4 D1 36 06 11 07 17 00 F5 D1 37 06 11 07 17 00 F3 D1 20 16 
15:47:54.571-<<<<-接收-68 13 00 83 00 00 40 00 FE 00 10 01 00 1A 00 F8 03 E7 16 
15:47:55.269-<<<<-接收-68 32 01 83 00 00 40 00 00 01 10 10 02 1A 00 01 00 1A 02 37 02 00 00 00 01 00 00 00 40 84 02 11 07 17 00 02 00 01 00 21 86 02 11 07 17 00 03 00 01 00 11 88 03 11 07 17 00 04 00 01 00 21 78 02 11 07 17 00 05 00 01 00 11 85 02 11 07 17 00 06 00 01 00 11 94 03 11 07 17 00 07 00 01 00 11 18 06 11 07 17 00 08 00 04 00 22 82 02 11 07 17 00 09 00 02 00 12 87 02 11 07 17 00 0A 00 01 00 11 83 02 11 07 17 00 0B 00 01 00 11 20 06 11 07 17 00 0C 00 01 00 11 81 02 11 07 17 00 0D 00 04 00 12 27 06 11 07 17 00 0E 00 08 00 23 19 06 11 07 17 00 0F 00 08 00 23 22 06 11 07 17 00 10 00 13 00 25 34 06 11 07 17 00 11 00 13 00 15 26 06 11 07 17 00 12 00 0E 00 14 23 06 11 07 17 00 13 00 0F 00 24 31 06 11 07 17 00 14 00 0E 00 14 24 06 11 07 17 00 15 00 13 00 15 28 06 11 07 17 00 16 00 13 00 15 21 06 11 07 17 00 17 00 13 00 15 37 06 11 07 17 00 18 00 0E 00 14 36 06 11 07 17 00 19 00 10 00 16 32 06 11 07 17 00 1A 00 0F 00 14 A2 16 
15:47:57.533-<<<<-接收-68 E2 00 83 08 10 40 00 00 02 10 02 00 1A 00 1A 78 02 11 07 17 00 F0 D1 81 02 11 07 17 00 F1 D1 82 02 11 07 17 00 F1 D1 83 02 11 07 17 00 F0 D1 84 02 11 07 17 00 F0 D1 85 02 11 07 17 00 F0 D1 86 02 11 07 17 00 F0 D1 87 02 11 07 17 00 F0 D1 88 03 11 07 17 00 F0 D1 94 03 11 07 17 00 F0 D1 18 06 11 07 17 00 F1 D1 19 06 11 07 17 00 F2 D1 20 06 11 07 17 00 F0 D1 21 06 11 07 17 00 F4 D1 22 06 11 07 17 00 F4 D1 23 06 11 07 17 00 F3 D1 24 06 11 07 17 00 F4 D1 25 06 11 07 17 00 00 10 26 06 11 07 17 00 F3 D1 27 06 11 07 17 00 F2 D1 28 06 11 07 17 00 F4 D1 31 06 11 07 17 00 F3 D1 32 06 11 07 17 00 F3 D1 34 06 11 07 17 00 F4 D1 36 06 11 07 17 00 F5 D1 37 06 11 07 17 00 F3 D1 20 16 
15:49:10.686-<<<<-接收-68 13 00 83 00 00 40 00 FE 00 10 01 00 1A 00 F8 03 E7 16 
15:49:11.360-<<<<-接收-68 32 01 83 08 F0 40 00 00 01 10 10 02 1A 00 01 00 1A 02 37 02 00 00 00 01 00 00 00 40 84 02 11 07 17 00 02 00 01 00 21 86 02 11 07 17 00 03 00 01 00 11 88 03 11 07 17 00 04 00 01 00 21 78 02 11 07 17 00 05 00 01 00 11 85 02 11 07 17 00 06 00 01 00 11 94 03 11 07 17 00 07 00 01 00 11 18 06 11 07 17 00 08 00 04 00 22 82 02 11 07 17 00 09 00 02 00 12 87 02 11 07 17 00 0A 00 01 00 11 83 02 11 07 17 00 0B 00 01 00 11 20 06 11 07 17 00 0C 00 01 00 11 81 02 11 07 17 00 0D 00 04 00 12 27 06 11 07 17 00 0E 00 08 00 23 19 06 11 07 17 00 0F 00 08 00 23 22 06 11 07 17 00 10 00 13 00 25 34 06 11 07 17 00 11 00 13 00 15 26 06 11 07 17 00 12 00 0E 00 14 23 06 11 07 17 00 13 00 0F 00 24 31 06 11 07 17 00 14 00 0E 00 14 24 06 11 07 17 00 15 00 13 00 15 28 06 11 07 17 00 16 00 13 00 15 21 06 11 07 17 00 17 00 13 00 15 37 06 11 07 17 00 18 00 0E 00 14 36 06 11 07 17 00 19 00 10 00 16 32 06 11 07 17 00 1A 00 0F 00 14 9A 16 
15:49:13.746-<<<<-接收-68 E2 00 83 08 10 40 00 00 02 10 02 00 1A 00 1A 78 02 11 07 17 00 F0 D1 81 02 11 07 17 00 F1 D1 82 02 11 07 17 00 F1 D1 83 02 11 07 17 00 F0 D1 84 02 11 07 17 00 F0 D1 85 02 11 07 17 00 F0 D1 86 02 11 07 17 00 F0 D1 87 02 11 07 17 00 F0 D1 88 03 11 07 17 00 F0 D1 94 03 11 07 17 00 F0 D1 18 06 11 07 17 00 F1 D1 19 06 11 07 17 00 F2 D1 20 06 11 07 17 00 F0 D1 21 06 11 07 17 00 F4 D1 22 06 11 07 17 00 F4 D1 23 06 11 07 17 00 F3 D1 24 06 11 07 17 00 F4 D1 25 06 11 07 17 00 00 10 26 06 11 07 17 00 F3 D1 27 06 11 07 17 00 F2 D1 28 06 11 07 17 00 F4 D1 31 06 11 07 17 00 F3 D1 32 06 11 07 17 00 F3 D1 34 06 11 07 17 00 F4 D1 36 06 11 07 17 00 F5 D1 37 06 11 07 17 00 F3 D1 20 16 
15:49:58.490-<<<<-接收-68 13 00 83 00 00 40 00 FC 00 10 01 00 1A 00 F8 03 E5 16 
15:49:59.169-<<<<-接收-68 32 01 83 08 F0 40 00 00 01 10 10 02 1A 00 01 00 1A 02 37 02 00 00 00 01 00 00 00 40 84 02 11 07 17 00 02 00 01 00 21 86 02 11 07 17 00 03 00 01 00 11 88 03 11 07 17 00 04 00 01 00 21 78 02 11 07 17 00 05 00 01 00 11 85 02 11 07 17 00 06 00 01 00 11 94 03 11 07 17 00 07 00 01 00 11 18 06 11 07 17 00 08 00 04 00 22 82 02 11 07 17 00 09 00 02 00 12 87 02 11 07 17 00 0A 00 01 00 11 83 02 11 07 17 00 0B 00 01 00 11 20 06 11 07 17 00 0C 00 01 00 11 81 02 11 07 17 00 0D 00 04 00 12 27 06 11 07 17 00 0E 00 08 00 23 19 06 11 07 17 00 0F 00 08 00 23 22 06 11 07 17 00 10 00 13 00 25 34 06 11 07 17 00 11 00 13 00 15 26 06 11 07 17 00 12 00 0E 00 14 23 06 11 07 17 00 13 00 0F 00 24 31 06 11 07 17 00 14 00 0E 00 14 24 06 11 07 17 00 15 00 13 00 15 28 06 11 07 17 00 16 00 13 00 15 21 06 11 07 17 00 17 00 13 00 15 37 06 11 07 17 00 18 00 0E 00 14 36 06 11 07 17 00 19 00 10 00 16 32 06 11 07 17 00 1A 00 0F 00 14 9A 16 
15:50:01.407-<<<<-接收-68 E2 00 83 08 10 40 00 00 02 10 02 00 1A 00 1A 78 02 11 07 17 00 F0 D1 81 02 11 07 17 00 F1 D1 82 02 11 07 17 00 F1 D1 83 02 11 07 17 00 F0 D1 84 02 11 07 17 00 F0 D1 85 02 11 07 17 00 F0 D1 86 02 11 07 17 00 F0 D1 87 02 11 07 17 00 F0 D1 88 03 11 07 17 00 F0 D1 94 03 11 07 17 00 F0 D1 18 06 11 07 17 00 F1 D1 19 06 11 07 17 00 F2 D1 20 06 11 07 17 00 F0 D1 21 06 11 07 17 00 F4 D1 22 06 11 07 17 00 F4 D1 23 06 11 07 17 00 F3 D1 24 06 11 07 17 00 F4 D1 25 06 11 07 17 00 00 10 26 06 11 07 17 00 F3 D1 27 06 11 07 17 00 F2 D1 28 06 11 07 17 00 F4 D1 31 06 11 07 17 00 F3 D1 32 06 11 07 17 00 F3 D1 34 06 11 07 17 00 F4 D1 36 06 11 07 17 00 F5 D1 37 06 11 07 17 00 F3 D1 20 16 
15:51:53.693-<<<<-接收-68 13 00 83 00 00 40 00 FC 00 10 01 00 1A 00 F8 03 E5 16 
15:51:54.390-<<<<-接收-68 32 01 83 08 F0 40 00 00 01 10 10 02 1A 00 01 00 1A 02 37 02 00 00 00 01 00 00 00 40 84 02 11 07 17 00 02 00 01 00 21 86 02 11 07 17 00 03 00 01 00 11 88 03 11 07 17 00 04 00 01 00 21 78 02 11 07 17 00 05 00 01 00 11 85 02 11 07 17 00 06 00 01 00 11 94 03 11 07 17 00 07 00 01 00 11 18 06 11 07 17 00 08 00 04 00 22 82 02 11 07 17 00 09 00 02 00 12 87 02 11 07 17 00 0A 00 01 00 11 83 02 11 07 17 00 0B 00 01 00 11 20 06 11 07 17 00 0C 00 01 00 11 81 02 11 07 17 00 0D 00 04 00 12 27 06 11 07 17 00 0E 00 08 00 23 19 06 11 07 17 00 0F 00 08 00 23 22 06 11 07 17 00 10 00 13 00 25 34 06 11 07 17 00 11 00 13 00 15 26 06 11 07 17 00 12 00 0E 00 14 23 06 11 07 17 00 13 00 0F 00 24 31 06 11 07 17 00 14 00 0E 00 14 24 06 11 07 17 00 15 00 13 00 15 28 06 11 07 17 00 16 00 13 00 15 21 06 11 07 17 00 17 00 13 00 15 37 06 11 07 17 00 18 00 0E 00 14 36 06 11 07 17 00 19 00 10 00 16 32 06 11 07 17 00 1A 00 0F 00 14 9A 16 
15:51:56.552-<<<<-接收-68 E2 00 83 08 10 40 00 00 02 10 02 00 1A 00 1A 78 02 11 07 17 00 F0 D1 81 02 11 07 17 00 F1 D1 82 02 11 07 17 00 F1 D1 83 02 11 07 17 00 F0 D1 84 02 11 07 17 00 F0 D1 85 02 11 07 17 00 F0 D1 86 02 11 07 17 00 F0 D1 87 02 11 07 17 00 F0 D1 88 03 11 07 17 00 F0 D1 94 03 11 07 17 00 F0 D1 18 06 11 07 17 00 F1 D1 19 06 11 07 17 00 F2 D1 20 06 11 07 17 00 F0 D1 21 06 11 07 17 00 F4 D1 22 06 11 07 17 00 F4 D1 23 06 11 07 17 00 F3 D1 24 06 11 07 17 00 F4 D1 25 06 11 07 17 00 00 10 26 06 11 07 17 00 F3 D1 27 06 11 07 17 00 F2 D1 28 06 11 07 17 00 F4 D1 31 06 11 07 17 00 F3 D1 32 06 11 07 17 00 F3 D1 34 06 11 07 17 00 F4 D1 36 06 11 07 17 00 F5 D1 37 06 11 07 17 00 F3 D1 20 16 
15:52:56.068-<<<<-接收-68 13 00 83 00 40 40 00 FE 00 10 01 00 1A 00 F8 03 27 16 
15:52:56.763-<<<<-接收-68 32 01 83 08 F0 40 00 00 01 10 10 02 1A 00 01 00 1A 02 37 02 00 00 00 01 00 00 00 40 84 02 11 07 17 00 02 00 01 00 21 86 02 11 07 17 00 03 00 01 00 11 88 03 11 07 17 00 04 00 01 00 21 78 02 11 07 17 00 05 00 01 00 11 85 02 11 07 17 00 06 00 01 00 11 94 03 11 07 17 00 07 00 01 00 11 18 06 11 07 17 00 08 00 04 00 22 82 02 11 07 17 00 09 00 02 00 12 87 02 11 07 17 00 0A 00 01 00 11 83 02 11 07 17 00 0B 00 01 00 11 20 06 11 07 17 00 0C 00 01 00 11 81 02 11 07 17 00 0D 00 04 00 12 27 06 11 07 17 00 0E 00 08 00 23 19 06 11 07 17 00 0F 00 08 00 23 22 06 11 07 17 00 10 00 13 00 25 34 06 11 07 17 00 11 00 13 00 15 26 06 11 07 17 00 12 00 0E 00 14 23 06 11 07 17 00 13 00 0F 00 24 31 06 11 07 17 00 14 00 0E 00 14 24 06 11 07 17 00 15 00 13 00 15 28 06 11 07 17 00 16 00 13 00 15 21 06 11 07 17 00 17 00 13 00 15 37 06 11 07 17 00 18 00 0E 00 14 36 06 11 07 17 00 19 00 10 00 16 32 06 11 07 17 00 1A 00 0F 00 14 9A 16 
15:52:59.246-<<<<-接收-68 E2 00 83 08 10 40 00 00 02 10 02 00 1A 00 1A 78 02 11 07 17 00 F0 D1 81 02 11 07 17 00 F1 D1 82 02 11 07 17 00 F1 D1 83 02 11 07 17 00 F0 D1 84 02 11 07 17 00 F0 D1 85 02 11 07 17 00 F0 D1 86 02 11 07 17 00 F0 D1 87 02 11 07 17 00 F0 D1 88 03 11 07 17 00 F0 D1 94 03 11 07 17 00 F0 D1 18 06 11 07 17 00 F1 D1 19 06 11 07 17 00 F2 D1 20 06 11 07 17 00 F0 D1 21 06 11 07 17 00 F4 D1 22 06 11 07 17 00 F4 D1 23 06 11 07 17 00 F3 D1 24 06 11 07 17 00 F4 D1 25 06 11 07 17 00 00 10 26 06 11 07 17 00 F3 D1 27 06 11 07 17 00 F2 D1 28 06 11 07 17 00 F4 D1 31 06 11 07 17 00 F3 D1 32 06 11 07 17 00 F3 D1 34 06 11 07 17 00 F4 D1 36 06 11 07 17 00 F5 D1 37 06 11 07 17 00 F3 D1 20 16 
15:53:48.786-<<<<-接收-68 13 00 83 00 60 40 00 FE 00 10 01 00 1A 00 F8 03 47 16 
15:53:49.460-<<<<-接收-68 32 01 83 08 F0 40 00 00 01 10 10 02 1A 00 01 00 1A 02 37 02 00 00 00 01 00 00 00 40 84 02 11 07 17 00 02 00 01 00 21 86 02 11 07 17 00 03 00 01 00 11 88 03 11 07 17 00 04 00 01 00 21 78 02 11 07 17 00 05 00 01 00 11 85 02 11 07 17 00 06 00 01 00 11 94 03 11 07 17 00 07 00 01 00 11 18 06 11 07 17 00 08 00 04 00 22 82 02 11 07 17 00 09 00 02 00 12 87 02 11 07 17 00 0A 00 01 00 11 83 02 11 07 17 00 0B 00 01 00 11 20 06 11 07 17 00 0C 00 01 00 11 81 02 11 07 17 00 0D 00 04 00 12 27 06 11 07 17 00 0E 00 08 00 23 19 06 11 07 17 00 0F 00 08 00 23 22 06 11 07 17 00 10 00 13 00 25 34 06 11 07 17 00 11 00 13 00 15 26 06 11 07 17 00 12 00 0E 00 14 23 06 11 07 17 00 13 00 0F 00 24 31 06 11 07 17 00 14 00 0E 00 14 24 06 11 07 17 00 15 00 13 00 15 28 06 11 07 17 00 16 00 13 00 15 21 06 11 07 17 00 17 00 13 00 15 37 06 11 07 17 00 18 00 0E 00 14 36 06 11 07 17 00 19 00 10 00 16 32 06 11 07 17 00 1A 00 0F 00 14 9A 16 
15:53:51.893-<<<<-接收-68 E2 00 83 08 10 40 00 00 02 10 02 00 1A 00 1A 78 02 11 07 17 00 F0 D1 81 02 11 07 17 00 F1 D1 82 02 11 07 17 00 F1 D1 83 02 11 07 17 00 F0 D1 84 02 11 07 17 00 F0 D1 85 02 11 07 17 00 F0 D1 86 02 11 07 17 00 F0 D1 87 02 11 07 17 00 F0 D1 88 03 11 07 17 00 F0 D1 94 03 11 07 17 00 F0 D1 18 06 11 07 17 00 F1 D1 19 06 11 07 17 00 F2 D1 20 06 11 07 17 00 F0 D1 21 06 11 07 17 00 F4 D1 22 06 11 07 17 00 F4 D1 23 06 11 07 17 00 F3 D1 24 06 11 07 17 00 F4 D1 25 06 11 07 17 00 00 10 26 06 11 07 17 00 F3 D1 27 06 11 07 17 00 F2 D1 28 06 11 07 17 00 F4 D1 31 06 11 07 17 00 F3 D1 32 06 11 07 17 00 F3 D1 34 06 11 07 17 00 F4 D1 36 06 11 07 17 00 F5 D1 37 06 11 07 17 00 F3 D1 20 16 
15:55:07.226-<<<<-接收-68 13 00 83 08 F0 40 00 FE 00 10 01 00 1A 00 F8 03 DF 16 
15:55:07.636-<<<<-接收-68 AE 00 83 08 F0 40 00 FE 01 10 10 02 0E 00 01 00 0E 02 37 02 00 00 00 01 00 00 00 40 84 02 11 07 17 00 02 00 01 00 11 82 02 11 07 17 00 03 00 01 00 21 81 02 11 07 17 00 04 00 01 00 11 86 02 11 07 17 00 05 00 01 00 11 18 06 11 07 17 00 06 00 01 00 21 87 02 11 07 17 00 07 00 01 00 11 85 02 11 07 17 00 08 00 01 00 11 88 03 11 07 17 00 09 00 01 00 11 20 06 11 07 17 00 0A 00 01 00 11 27 06 11 07 17 00 0B 00 06 00 12 21 06 11 07 17 00 0C 00 03 00 12 24 06 11 07 17 00 0D 00 03 00 12 78 02 11 07 17 00 0E 00 01 00 11 42 16 
15:55:09.041-<<<<-接收-68 E2 00 83 08 10 40 00 00 02 10 02 00 1A 00 1A 78 02 11 07 17 00 F0 D0 81 02 11 07 17 00 F0 D0 82 02 11 07 17 00 F0 D0 83 02 11 07 17 00 00 10 84 02 11 07 17 00 F0 D0 85 02 11 07 17 00 F0 D0 86 02 11 07 17 00 F0 D0 87 02 11 07 17 00 F0 D0 88 03 11 07 17 00 F0 D0 94 03 11 07 17 00 00 10 18 06 11 07 17 00 F0 D0 19 06 11 07 17 00 00 10 20 06 11 07 17 00 F0 D0 21 06 11 07 17 00 F1 D0 22 06 11 07 17 00 00 10 23 06 11 07 17 00 00 10 24 06 11 07 17 00 F1 D0 25 06 11 07 17 00 00 10 26 06 11 07 17 00 00 10 27 06 11 07 17 00 F1 D0 28 06 11 07 17 00 00 10 31 06 11 07 17 00 00 10 32 06 11 07 17 00 00 10 34 06 11 07 17 00 00 10 36 06 11 07 17 00 00 10 37 06 11 07 17 00 00 10 9B 16 
15:55:14.679-<<<<-接收-68 13 00 83 00 00 40 00 06 03 10 01 00 1A 00 F8 03 F2 16 
15:55:15.195-<<<<-接收-68 DA 00 83 08 F0 40 00 FE 04 10 10 02 12 00 01 00 12 02 37 02 00 00 00 01 00 00 00 40 84 02 11 07 17 00 02 00 01 00 11 82 02 11 07 17 00 03 00 01 00 21 81 02 11 07 17 00 04 00 01 00 11 86 02 11 07 17 00 05 00 01 00 11 18 06 11 07 17 00 06 00 01 00 21 87 02 11 07 17 00 07 00 01 00 11 85 02 11 07 17 00 08 00 01 00 11 88 03 11 07 17 00 09 00 01 00 11 20 06 11 07 17 00 0A 00 01 00 11 27 06 11 07 17 00 0B 00 06 00 12 21 06 11 07 17 00 0C 00 03 00 12 24 06 11 07 17 00 0D 00 03 00 12 78 02 11 07 17 00 0E 00 01 00 11 22 06 11 07 17 00 0F 00 03 00 12 23 06 11 07 17 00 10 00 03 00 12 28 06 11 07 17 00 11 00 03 00 12 19 06 11 07 17 00 12 00 06 00 12 40 16 
15:55:16.776-<<<<-接收-68 E2 00 83 08 10 40 00 00 05 10 02 00 1A 00 1A 78 02 11 07 17 00 F0 D0 81 02 11 07 17 00 F0 D0 82 02 11 07 17 00 F0 D0 83 02 11 07 17 00 00 10 84 02 11 07 17 00 F0 D0 85 02 11 07 17 00 F0 D0 86 02 11 07 17 00 F0 D0 87 02 11 07 17 00 F0 D0 88 03 11 07 17 00 F0 D0 94 03 11 07 17 00 00 10 18 06 11 07 17 00 F0 D0 19 06 11 07 17 00 F1 D0 20 06 11 07 17 00 F0 D0 21 06 11 07 17 00 F1 D0 22 06 11 07 17 00 F1 D0 23 06 11 07 17 00 F1 D0 24 06 11 07 17 00 F1 D0 25 06 11 07 17 00 00 10 26 06 11 07 17 00 F2 D0 27 06 11 07 17 00 F1 D0 28 06 11 07 17 00 F1 D0 31 06 11 07 17 00 00 10 32 06 11 07 17 00 F2 D0 34 06 11 07 17 00 00 10 36 06 11 07 17 00 00 10 37 06 11 07 17 00 00 10 C6 16 
15:55:23.042-<<<<-接收-68 13 00 83 00 00 40 00 06 06 10 01 00 1A 00 F8 03 F5 16 
15:55:23.706-<<<<-接收-68 27 01 83 08 F0 40 00 FE 07 10 10 02 19 00 01 00 19 02 37 02 00 00 00 01 00 00 00 40 84 02 11 07 17 00 02 00 01 00 11 82 02 11 07 17 00 03 00 01 00 21 81 02 11 07 17 00 04 00 01 00 11 86 02 11 07 17 00 05 00 01 00 11 18 06 11 07 17 00 06 00 01 00 21 87 02 11 07 17 00 07 00 01 00 11 85 02 11 07 17 00 08 00 01 00 11 88 03 11 07 17 00 09 00 01 00 11 20 06 11 07 17 00 0A 00 01 00 11 27 06 11 07 17 00 0B 00 06 00 22 21 06 11 07 17 00 0C 00 03 00 22 24 06 11 07 17 00 0D 00 03 00 12 78 02 11 07 17 00 0E 00 01 00 11 22 06 11 07 17 00 0F 00 03 00 12 23 06 11 07 17 00 10 00 03 00 12 28 06 11 07 17 00 11 00 03 00 12 19 06 11 07 17 00 12 00 06 00 12 26 06 11 07 17 00 13 00 0B 00 13 32 06 11 07 17 00 14 00 0C 00 13 34 06 11 07 17 00 15 00 03 00 12 37 06 11 07 17 00 16 00 0C 00 13 31 06 11 07 17 00 17 00 0C 00 13 94 03 11 07 17 00 18 00 01 00 11 36 06 11 07 17 00 19 00 0C 00 13 FA 16 
15:55:26.013-<<<<-接收-68 E2 00 83 08 10 40 00 00 08 10 02 00 1A 00 1A 78 02 11 07 17 00 F0 D0 81 02 11 07 17 00 F0 D0 82 02 11 07 17 00 F0 D0 83 02 11 07 17 00 F0 D0 84 02 11 07 17 00 F0 D0 85 02 11 07 17 00 F0 D0 86 02 11 07 17 00 F0 D0 87 02 11 07 17 00 F0 D0 88 03 11 07 17 00 F0 D0 94 03 11 07 17 00 F0 D0 18 06 11 07 17 00 F0 D0 19 06 11 07 17 00 F1 D0 20 06 11 07 17 00 F0 D0 21 06 11 07 17 00 F1 D0 22 06 11 07 17 00 F1 D0 23 06 11 07 17 00 F1 D0 24 06 11 07 17 00 F1 D0 25 06 11 07 17 00 00 10 26 06 11 07 17 00 F2 D0 27 06 11 07 17 00 F1 D0 28 06 11 07 17 00 F1 D0 31 06 11 07 17 00 F2 D0 32 06 11 07 17 00 F2 D0 34 06 11 07 17 00 F1 D0 36 06 11 07 17 00 F2 D0 37 06 11 07 17 00 F2 D0 F0 16 
15:56:42.949-<<<<-接收-68 13 00 83 00 00 40 00 FC 00 10 01 00 1A 00 F8 03 E5 16 
15:56:43.649-<<<<-接收-68 32 01 83 08 F0 40 00 FE 01 10 10 02 1A 00 01 00 1A 02 37 02 00 00 00 01 00 00 00 40 84 02 11 07 17 00 02 00 01 00 11 82 02 11 07 17 00 03 00 01 00 21 81 02 11 07 17 00 04 00 01 00 11 86 02 11 07 17 00 05 00 01 00 11 18 06 11 07 17 00 06 00 01 00 21 87 02 11 07 17 00 07 00 01 00 11 85 02 11 07 17 00 08 00 01 00 11 88 03 11 07 17 00 09 00 01 00 11 20 06 11 07 17 00 0A 00 01 00 11 27 06 11 07 17 00 0B 00 06 00 22 21 06 11 07 17 00 0C 00 03 00 22 24 06 11 07 17 00 0D 00 03 00 12 78 02 11 07 17 00 0E 00 01 00 11 22 06 11 07 17 00 0F 00 03 00 12 23 06 11 07 17 00 10 00 03 00 12 28 06 11 07 17 00 11 00 03 00 12 19 06 11 07 17 00 12 00 06 00 12 26 06 11 07 17 00 13 00 0B 00 13 32 06 11 07 17 00 14 00 0C 00 13 34 06 11 07 17 00 15 00 03 00 12 37 06 11 07 17 00 16 00 0C 00 13 31 06 11 07 17 00 17 00 0C 00 13 94 03 11 07 17 00 18 00 01 00 11 36 06 11 07 17 00 19 00 0C 00 13 83 02 11 07 17 00 1A 00 01 00 11 D6 16 
15:56:46.031-<<<<-接收-68 E2 00 83 08 10 40 00 00 02 10 02 00 1A 00 1A 78 02 11 07 17 00 F0 D1 81 02 11 07 17 00 F0 D1 82 02 11 07 17 00 F0 D1 83 02 11 07 17 00 F0 D1 84 02 11 07 17 00 F0 D1 85 02 11 07 17 00 F0 D1 86 02 11 07 17 00 F0 D1 87 02 11 07 17 00 F0 D1 88 03 11 07 17 00 F0 D1 94 03 11 07 17 00 F0 D1 18 06 11 07 17 00 F0 D1 19 06 11 07 17 00 F1 D1 20 06 11 07 17 00 F0 D1 21 06 11 07 17 00 F1 D1 22 06 11 07 17 00 F1 D1 23 06 11 07 17 00 F1 D1 24 06 11 07 17 00 F1 D1 25 06 11 07 17 00 00 10 26 06 11 07 17 00 F2 D1 27 06 11 07 17 00 F1 D1 28 06 11 07 17 00 F1 D1 31 06 11 07 17 00 F2 D1 32 06 11 07 17 00 F2 D1 34 06 11 07 17 00 F1 D1 36 06 11 07 17 00 F2 D1 37 06 11 07 17 00 F2 D1 03 16 
16:03:24.028-<<<<-接收-68 13 00 83 08 F0 40 00 00 00 10 01 00 1A 00 F8 03 E1 16 
16:03:24.724-<<<<-接收-68 32 01 83 08 F0 40 00 FE 01 10 10 02 1A 00 01 00 1A 02 37 02 00 00 00 01 00 00 00 40 84 02 11 07 17 00 02 00 01 00 11 82 02 11 07 17 00 03 00 01 00 21 81 02 11 07 17 00 04 00 01 00 11 86 02 11 07 17 00 05 00 01 00 11 18 06 11 07 17 00 06 00 01 00 21 87 02 11 07 17 00 07 00 01 00 11 85 02 11 07 17 00 08 00 01 00 11 88 03 11 07 17 00 09 00 01 00 11 20 06 11 07 17 00 0A 00 01 00 11 27 06 11 07 17 00 0B 00 06 00 22 21 06 11 07 17 00 0C 00 03 00 22 24 06 11 07 17 00 0D 00 0B 00 13 78 02 11 07 17 00 0E 00 01 00 11 22 06 11 07 17 00 0F 00 0B 00 23 23 06 11 07 17 00 10 00 0F 00 14 28 06 11 07 17 00 11 00 0B 00 13 19 06 11 07 17 00 12 00 06 00 12 26 06 11 07 17 00 13 00 0B 00 13 32 06 11 07 17 00 14 00 0C 00 13 34 06 11 07 17 00 15 00 0F 00 14 37 06 11 07 17 00 16 00 0C 00 13 31 06 11 07 17 00 17 00 0C 00 13 94 03 11 07 17 00 18 00 01 00 11 36 06 11 07 17 00 19 00 0C 00 13 83 02 11 07 17 00 1A 00 01 00 11 1D 16 
16:03:27.266-<<<<-接收-68 E2 00 83 08 F0 40 00 00 02 10 02 00 1A 00 1A 78 02 11 07 17 00 F0 D1 81 02 11 07 17 00 F0 D1 82 02 11 07 17 00 F0 D1 83 02 11 07 17 00 F0 D1 84 02 11 07 17 00 F0 D1 85 02 11 07 17 00 F0 D1 86 02 11 07 17 00 F0 D1 87 02 11 07 17 00 F0 D1 88 03 11 07 17 00 F0 D1 94 03 11 07 17 00 F0 D1 18 06 11 07 17 00 F0 D1 19 06 11 07 17 00 F1 D1 20 06 11 07 17 00 F0 D1 21 06 11 07 17 00 F1 D1 22 06 11 07 17 00 F2 D1 23 06 11 07 17 00 F3 D1 24 06 11 07 17 00 F2 D1 25 06 11 07 17 00 00 10 26 06 11 07 17 00 F2 D1 27 06 11 07 17 00 F1 D1 28 06 11 07 17 00 F2 D1 31 06 11 07 17 00 F2 D1 32 06 11 07 17 00 F2 D1 34 06 11 07 17 00 F3 D1 36 06 11 07 17 00 F2 D1 37 06 11 07 17 00 F2 D1 EA 16 
16:05:42.381-<<<<-接收-68 13 00 83 00 40 40 00 FC 00 10 01 00 1A 00 F8 03 25 16 
16:05:43.078-<<<<-接收-68 32 01 83 08 F0 40 00 FE 01 10 10 02 1A 00 01 00 1A 02 37 02 00 00 00 01 00 00 00 40 84 02 11 07 17 00 02 00 01 00 11 82 02 11 07 17 00 03 00 01 00 21 81 02 11 07 17 00 04 00 01 00 11 86 02 11 07 17 00 05 00 01 00 11 18 06 11 07 17 00 06 00 01 00 21 87 02 11 07 17 00 07 00 01 00 11 85 02 11 07 17 00 08 00 01 00 11 88 03 11 07 17 00 09 00 01 00 11 20 06 11 07 17 00 0A 00 01 00 11 27 06 11 07 17 00 0B 00 06 00 22 21 06 11 07 17 00 0C 00 03 00 22 24 06 11 07 17 00 0D 00 0B 00 13 78 02 11 07 17 00 0E 00 01 00 11 22 06 11 07 17 00 0F 00 0B 00 23 23 06 11 07 17 00 10 00 0F 00 14 28 06 11 07 17 00 11 00 0B 00 13 19 06 11 07 17 00 12 00 06 00 12 26 06 11 07 17 00 13 00 0B 00 13 32 06 11 07 17 00 14 00 0C 00 13 34 06 11 07 17 00 15 00 0F 00 14 37 06 11 07 17 00 16 00 0C 00 13 31 06 11 07 17 00 17 00 0C 00 13 94 03 11 07 17 00 18 00 01 00 11 36 06 11 07 17 00 19 00 0C 00 13 83 02 11 07 17 00 1A 00 01 00 11 1D 16 
16:05:45.253-<<<<-接收-68 E2 00 83 08 10 40 00 00 02 10 02 00 1A 00 1A 78 02 11 07 17 00 F0 D1 81 02 11 07 17 00 F0 D1 82 02 11 07 17 00 F0 D1 83 02 11 07 17 00 F0 D1 84 02 11 07 17 00 F0 D1 85 02 11 07 17 00 F0 D1 86 02 11 07 17 00 F0 D1 87 02 11 07 17 00 F0 D1 88 03 11 07 17 00 F0 D1 94 03 11 07 17 00 F0 D1 18 06 11 07 17 00 F0 D1 19 06 11 07 17 00 F1 D1 20 06 11 07 17 00 F0 D1 21 06 11 07 17 00 F1 D1 22 06 11 07 17 00 F2 D1 23 06 11 07 17 00 F3 D1 24 06 11 07 17 00 F2 D1 25 06 11 07 17 00 00 10 26 06 11 07 17 00 F2 D1 27 06 11 07 17 00 F1 D1 28 06 11 07 17 00 F2 D1 31 06 11 07 17 00 F2 D1 32 06 11 07 17 00 F2 D1 34 06 11 07 17 00 F3 D1 36 06 11 07 17 00 F2 D1 37 06 11 07 17 00 F2 D1 0A 16 
16:14:10.289-<<<<-接收-68 13 00 83 00 00 40 00 FC 00 10 01 00 1A 00 F8 03 E5 16 
16:14:10.993-<<<<-接收-68 32 01 83 08 F0 40 00 FC 01 10 10 02 1A 00 01 00 1A 02 37 02 00 00 00 01 00 00 00 40 84 02 11 07 17 00 02 00 01 00 11 82 02 11 07 17 00 03 00 01 00 11 81 02 11 07 17 00 04 00 09 00 12 86 02 11 07 17 00 05 00 01 00 11 18 06 11 07 17 00 06 00 01 00 21 87 02 11 07 17 00 07 00 01 00 11 85 02 11 07 17 00 08 00 01 00 11 88 03 11 07 17 00 09 00 01 00 21 20 06 11 07 17 00 0A 00 01 00 11 27 06 11 07 17 00 0B 00 06 00 22 21 06 11 07 17 00 0C 00 12 00 23 24 06 11 07 17 00 0D 00 0B 00 13 78 02 11 07 17 00 0E 00 01 00 11 22 06 11 07 17 00 0F 00 0B 00 23 23 06 11 07 17 00 10 00 0F 00 14 28 06 11 07 17 00 11 00 0B 00 13 19 06 11 07 17 00 12 00 06 00 22 26 06 11 07 17 00 13 00 0B 00 13 32 06 11 07 17 00 14 00 0C 00 14 34 06 11 07 17 00 15 00 0F 00 14 37 06 11 07 17 00 16 00 0C 00 14 31 06 11 07 17 00 17 00 0C 00 14 94 03 11 07 17 00 18 00 01 00 11 36 06 11 07 17 00 19 00 0C 00 14 83 02 11 07 17 00 1A 00 01 00 11 48 16 
16:14:13.474-<<<<-接收-68 E2 00 83 08 10 40 00 00 02 10 02 00 1A 00 1A 78 02 11 07 17 00 F0 D1 81 02 11 07 17 00 F1 D1 82 02 11 07 17 00 F0 D1 83 02 11 07 17 00 F0 D1 84 02 11 07 17 00 F0 D1 85 02 11 07 17 00 F0 D1 86 02 11 07 17 00 F0 D1 87 02 11 07 17 00 F0 D1 88 03 11 07 17 00 F0 D1 94 03 11 07 17 00 F0 D1 18 06 11 07 17 00 F0 D1 19 06 11 07 17 00 F1 D1 20 06 11 07 17 00 F0 D1 21 06 11 07 17 00 F2 D1 22 06 11 07 17 00 F2 D1 23 06 11 07 17 00 F3 D1 24 06 11 07 17 00 F2 D1 25 06 11 07 17 00 00 10 26 06 11 07 17 00 F2 D1 27 06 11 07 17 00 F1 D1 28 06 11 07 17 00 F2 D1 31 06 11 07 17 00 F3 D1 32 06 11 07 17 00 F3 D1 34 06 11 07 17 00 F3 D1 36 06 11 07 17 00 F3 D1 37 06 11 07 17 00 F3 D1 10 16 
16:24:42.657-<<<<-接收-68 13 00 83 00 00 40 00 FC 00 10 01 00 1A 00 F8 03 E5 16 
16:24:43.340-<<<<-接收-68 32 01 83 08 F0 40 00 FC 01 10 10 02 1A 00 01 00 1A 02 37 02 00 00 00 01 00 00 00 40 84 02 11 07 17 00 02 00 01 00 11 82 02 11 07 17 00 03 00 01 00 11 81 02 11 07 17 00 04 00 09 00 12 86 02 11 07 17 00 05 00 01 00 11 18 06 11 07 17 00 06 00 01 00 21 87 02 11 07 17 00 07 00 01 00 11 85 02 11 07 17 00 08 00 01 00 11 88 03 11 07 17 00 09 00 01 00 21 20 06 11 07 17 00 0A 00 01 00 11 27 06 11 07 17 00 0B 00 06 00 22 21 06 11 07 17 00 0C 00 12 00 23 24 06 11 07 17 00 0D 00 0B 00 13 78 02 11 07 17 00 0E 00 01 00 11 22 06 11 07 17 00 0F 00 0B 00 23 23 06 11 07 17 00 10 00 0F 00 14 28 06 11 07 17 00 11 00 0B 00 13 19 06 11 07 17 00 12 00 06 00 22 26 06 11 07 17 00 13 00 0B 00 13 32 06 11 07 17 00 14 00 0C 00 14 34 06 11 07 17 00 15 00 0F 00 14 37 06 11 07 17 00 16 00 0C 00 14 31 06 11 07 17 00 17 00 0C 00 14 94 03 11 07 17 00 18 00 01 00 11 36 06 11 07 17 00 19 00 0C 00 14 83 02 11 07 17 00 1A 00 01 00 11 48 16 
16:24:45.608-<<<<-接收-68 E2 00 83 08 10 40 00 00 02 10 02 00 1A 00 1A 78 02 11 07 17 00 F0 D1 81 02 11 07 17 00 F1 D1 82 02 11 07 17 00 F0 D1 83 02 11 07 17 00 F0 D1 84 02 11 07 17 00 F0 D1 85 02 11 07 17 00 F0 D1 86 02 11 07 17 00 F0 D1 87 02 11 07 17 00 F0 D1 88 03 11 07 17 00 F0 D1 94 03 11 07 17 00 F0 D1 18 06 11 07 17 00 F0 D1 19 06 11 07 17 00 F1 D1 20 06 11 07 17 00 F0 D1 21 06 11 07 17 00 F2 D1 22 06 11 07 17 00 F2 D1 23 06 11 07 17 00 F3 D1 24 06 11 07 17 00 F2 D1 25 06 11 07 17 00 00 10 26 06 11 07 17 00 F2 D1 27 06 11 07 17 00 F1 D1 28 06 11 07 17 00 F2 D1 31 06 11 07 17 00 F3 D1 32 06 11 07 17 00 F3 D1 34 06 11 07 17 00 F3 D1 36 06 11 07 17 00 F3 D1 37 06 11 07 17 00 F3 D1 10 16 
16:42:18.099-<<<<-接收-68 13 00 83 00 00 40 00 FC 00 10 01 00 1A 00 F8 03 E5 16 
16:42:18.776-<<<<-接收-68 32 01 83 08 F0 40 00 FC 01 10 10 02 1A 00 01 00 1A 02 37 02 00 00 00 01 00 00 00 40 84 02 11 07 17 00 02 00 01 00 11 82 02 11 07 17 00 03 00 01 00 11 81 02 11 07 17 00 04 00 09 00 12 86 02 11 07 17 00 05 00 01 00 11 18 06 11 07 17 00 06 00 01 00 21 87 02 11 07 17 00 07 00 01 00 11 85 02 11 07 17 00 08 00 01 00 11 88 03 11 07 17 00 09 00 01 00 21 20 06 11 07 17 00 0A 00 01 00 11 27 06 11 07 17 00 0B 00 06 00 22 21 06 11 07 17 00 0C 00 12 00 23 24 06 11 07 17 00 0D 00 0B 00 13 78 02 11 07 17 00 0E 00 01 00 11 22 06 11 07 17 00 0F 00 0B 00 23 23 06 11 07 17 00 10 00 0F 00 14 28 06 11 07 17 00 11 00 0B 00 13 19 06 11 07 17 00 12 00 06 00 22 26 06 11 07 17 00 13 00 0B 00 13 32 06 11 07 17 00 14 00 0C 00 14 34 06 11 07 17 00 15 00 0F 00 14 37 06 11 07 17 00 16 00 0C 00 14 31 06 11 07 17 00 17 00 0C 00 14 94 03 11 07 17 00 18 00 01 00 11 36 06 11 07 17 00 19 00 0C 00 14 83 02 11 07 17 00 1A 00 01 00 11 48 16 
16:42:20.968-<<<<-接收-68 E2 00 83 08 10 40 00 00 02 10 02 00 1A 00 1A 78 02 11 07 17 00 F0 D1 81 02 11 07 17 00 F1 D1 82 02 11 07 17 00 F0 D1 83 02 11 07 17 00 F0 D1 84 02 11 07 17 00 F0 D1 85 02 11 07 17 00 F0 D1 86 02 11 07 17 00 F0 D1 87 02 11 07 17 00 F0 D1 88 03 11 07 17 00 F0 D1 94 03 11 07 17 00 F0 D1 18 06 11 07 17 00 F0 D1 19 06 11 07 17 00 F1 D1 20 06 11 07 17 00 F0 D1 21 06 11 07 17 00 F2 D1 22 06 11 07 17 00 F2 D1 23 06 11 07 17 00 F3 D1 24 06 11 07 17 00 F2 D1 25 06 11 07 17 00 00 10 26 06 11 07 17 00 F2 D1 27 06 11 07 17 00 F1 D1 28 06 11 07 17 00 F2 D1 31 06 11 07 17 00 F3 D1 32 06 11 07 17 00 F3 D1 34 06 11 07 17 00 F3 D1 36 06 11 07 17 00 F3 D1 37 06 11 07 17 00 F3 D1 10 16 
16:52:46.848-<<<<-接收-68 13 00 83 00 00 40 00 FC 00 10 01 00 1A 00 F8 03 E5 16 
16:52:47.544-<<<<-接收-68 32 01 83 08 F0 40 00 00 01 10 10 02 1A 00 01 00 1A 02 37 02 00 00 00 01 00 00 00 40 84 02 11 07 17 00 02 00 01 00 11 82 02 11 07 17 00 03 00 0A 00 12 81 02 11 07 17 00 04 00 09 00 12 86 02 11 07 17 00 05 00 01 00 11 18 06 11 07 17 00 06 00 0A 00 22 87 02 11 07 17 00 07 00 01 00 11 85 02 11 07 17 00 08 00 01 00 11 88 03 11 07 17 00 09 00 01 00 21 20 06 11 07 17 00 0A 00 01 00 21 27 06 11 07 17 00 0B 00 06 00 23 21 06 11 07 17 00 0C 00 12 00 24 24 06 11 07 17 00 0D 00 0B 00 14 78 02 11 07 17 00 0E 00 01 00 11 22 06 11 07 17 00 0F 00 0B 00 24 23 06 11 07 17 00 10 00 0F 00 15 28 06 11 07 17 00 11 00 0B 00 14 19 06 11 07 17 00 12 00 06 00 23 26 06 11 07 17 00 13 00 0B 00 14 32 06 11 07 17 00 14 00 0C 00 15 34 06 11 07 17 00 15 00 0F 00 15 37 06 11 07 17 00 16 00 0C 00 15 31 06 11 07 17 00 17 00 0C 00 15 94 03 11 07 17 00 18 00 01 00 11 36 06 11 07 17 00 19 00 0C 00 15 83 02 11 07 17 00 1A 00 01 00 11 7D 16 
16:52:49.770-<<<<-接收-68 E2 00 83 08 10 40 00 00 02 10 02 00 1A 00 1A 78 02 11 07 17 00 F0 D1 81 02 11 07 17 00 F1 D1 82 02 11 07 17 00 F1 D1 83 02 11 07 17 00 F0 D1 84 02 11 07 17 00 F0 D1 85 02 11 07 17 00 F0 D1 86 02 11 07 17 00 F0 D1 87 02 11 07 17 00 F0 D1 88 03 11 07 17 00 F0 D1 94 03 11 07 17 00 F0 D1 18 06 11 07 17 00 F1 D1 19 06 11 07 17 00 F2 D1 20 06 11 07 17 00 F0 D1 21 06 11 07 17 00 F3 D1 22 06 11 07 17 00 F3 D1 23 06 11 07 17 00 F4 D1 24 06 11 07 17 00 F3 D1 25 06 11 07 17 00 00 10 26 06 11 07 17 00 F3 D1 27 06 11 07 17 00 F2 D1 28 06 11 07 17 00 F3 D1 31 06 11 07 17 00 F4 D1 32 06 11 07 17 00 F4 D1 34 06 11 07 17 00 F4 D1 36 06 11 07 17 00 F4 D1 37 06 11 07 17 00 F4 D1 1F 16 
16:55:38.799-<<<<-接收-68 13 00 83 00 00 40 00 FC 00 10 01 00 1A 00 F8 03 E5 16 
16:55:39.478-<<<<-接收-68 32 01 83 08 F0 40 00 00 01 10 10 02 1A 00 01 00 1A 02 37 02 00 00 00 01 00 00 00 40 84 02 11 07 17 00 02 00 01 00 11 82 02 11 07 17 00 03 00 0A 00 12 81 02 11 07 17 00 04 00 09 00 12 86 02 11 07 17 00 05 00 01 00 11 18 06 11 07 17 00 06 00 0A 00 22 87 02 11 07 17 00 07 00 01 00 11 85 02 11 07 17 00 08 00 01 00 11 88 03 11 07 17 00 09 00 01 00 21 20 06 11 07 17 00 0A 00 01 00 21 27 06 11 07 17 00 0B 00 06 00 23 21 06 11 07 17 00 0C 00 12 00 24 24 06 11 07 17 00 0D 00 0B 00 14 78 02 11 07 17 00 0E 00 01 00 11 22 06 11 07 17 00 0F 00 0B 00 24 23 06 11 07 17 00 10 00 0F 00 15 28 06 11 07 17 00 11 00 0B 00 14 19 06 11 07 17 00 12 00 06 00 23 26 06 11 07 17 00 13 00 0B 00 14 32 06 11 07 17 00 14 00 0C 00 15 34 06 11 07 17 00 15 00 0F 00 15 37 06 11 07 17 00 16 00 0C 00 15 31 06 11 07 17 00 17 00 0C 00 15 94 03 11 07 17 00 18 00 01 00 11 36 06 11 07 17 00 19 00 0C 00 15 83 02 11 07 17 00 1A 00 01 00 11 7D 16 
16:55:41.798-<<<<-接收-68 E2 00 83 08 10 40 00 00 02 10 02 00 1A 00 1A 78 02 11 07 17 00 F0 D1 81 02 11 07 17 00 F1 D1 82 02 11 07 17 00 F1 D1 83 02 11 07 17 00 F0 D1 84 02 11 07 17 00 F0 D1 85 02 11 07 17 00 F0 D1 86 02 11 07 17 00 F0 D1 87 02 11 07 17 00 F0 D1 88 03 11 07 17 00 F0 D1 94 03 11 07 17 00 F0 D1 18 06 11 07 17 00 F1 D1 19 06 11 07 17 00 F2 D1 20 06 11 07 17 00 F0 D1 21 06 11 07 17 00 F3 D1 22 06 11 07 17 00 F3 D1 23 06 11 07 17 00 F4 D1 24 06 11 07 17 00 F3 D1 25 06 11 07 17 00 00 10 26 06 11 07 17 00 F3 D1 27 06 11 07 17 00 F2 D1 28 06 11 07 17 00 F3 D1 31 06 11 07 17 00 F4 D1 32 06 11 07 17 00 F4 D1 34 06 11 07 17 00 F4 D1 36 06 11 07 17 00 F4 D1 37 06 11 07 17 00 F4 D1 1F 16 
16:57:25.360-<<<<-接收-68 13 00 83 00 00 40 00 FC 00 10 01 00 1A 00 F8 03 E5 16 
16:57:26.047-<<<<-接收-68 32 01 83 08 F0 40 00 00 01 10 10 02 1A 00 01 00 1A 02 37 02 00 00 00 01 00 00 00 40 84 02 11 07 17 00 02 00 01 00 11 82 02 11 07 17 00 03 00 0A 00 12 81 02 11 07 17 00 04 00 09 00 12 86 02 11 07 17 00 05 00 01 00 11 18 06 11 07 17 00 06 00 0A 00 22 87 02 11 07 17 00 07 00 01 00 11 85 02 11 07 17 00 08 00 01 00 11 88 03 11 07 17 00 09 00 01 00 21 20 06 11 07 17 00 0A 00 01 00 21 27 06 11 07 17 00 0B 00 06 00 23 21 06 11 07 17 00 0C 00 12 00 24 24 06 11 07 17 00 0D 00 0B 00 14 78 02 11 07 17 00 0E 00 01 00 11 22 06 11 07 17 00 0F 00 0B 00 24 23 06 11 07 17 00 10 00 0F 00 15 28 06 11 07 17 00 11 00 0B 00 14 19 06 11 07 17 00 12 00 06 00 23 26 06 11 07 17 00 13 00 0B 00 14 32 06 11 07 17 00 14 00 0C 00 15 34 06 11 07 17 00 15 00 0F 00 15 37 06 11 07 17 00 16 00 0C 00 15 31 06 11 07 17 00 17 00 0C 00 15 94 03 11 07 17 00 18 00 01 00 11 36 06 11 07 17 00 19 00 0C 00 15 83 02 11 07 17 00 1A 00 01 00 11 7D 16 
16:57:28.371-<<<<-接收-68 E2 00 83 08 10 40 00 00 02 10 02 00 1A 00 1A 78 02 11 07 17 00 F0 D1 81 02 11 07 17 00 F1 D1 82 02 11 07 17 00 F1 D1 83 02 11 07 17 00 F0 D1 84 02 11 07 17 00 F0 D1 85 02 11 07 17 00 F0 D1 86 02 11 07 17 00 F0 D1 87 02 11 07 17 00 F0 D1 88 03 11 07 17 00 F0 D1 94 03 11 07 17 00 F0 D1 18 06 11 07 17 00 F1 D1 19 06 11 07 17 00 F2 D1 20 06 11 07 17 00 F0 D1 21 06 11 07 17 00 F3 D1 22 06 11 07 17 00 F3 D1 23 06 11 07 17 00 F4 D1 24 06 11 07 17 00 F3 D1 25 06 11 07 17 00 00 10 26 06 11 07 17 00 F3 D1 27 06 11 07 17 00 F2 D1 28 06 11 07 17 00 F3 D1 31 06 11 07 17 00 F4 D1 32 06 11 07 17 00 F4 D1 34 06 11 07 17 00 F4 D1 36 06 11 07 17 00 F4 D1 37 06 11 07 17 00 F4 D1 1F 16 
16:59:43.967-<<<<-接收-68 13 00 83 08 F0 40 00 00 00 10 01 00 1A 00 F8 03 E1 16 
16:59:44.655-<<<<-接收-68 32 01 83 08 F0 40 00 00 01 10 10 02 1A 00 01 00 1A 02 37 02 00 00 00 01 00 00 00 40 84 02 11 07 17 00 02 00 01 00 11 82 02 11 07 17 00 03 00 0A 00 12 81 02 11 07 17 00 04 00 09 00 12 86 02 11 07 17 00 05 00 01 00 11 18 06 11 07 17 00 06 00 0A 00 22 87 02 11 07 17 00 07 00 01 00 11 85 02 11 07 17 00 08 00 01 00 11 88 03 11 07 17 00 09 00 01 00 21 20 06 11 07 17 00 0A 00 01 00 21 27 06 11 07 17 00 0B 00 06 00 23 21 06 11 07 17 00 0C 00 12 00 24 24 06 11 07 17 00 0D 00 0B 00 14 78 02 11 07 17 00 0E 00 01 00 11 22 06 11 07 17 00 0F 00 0B 00 24 23 06 11 07 17 00 10 00 0F 00 15 28 06 11 07 17 00 11 00 0B 00 14 19 06 11 07 17 00 12 00 06 00 23 26 06 11 07 17 00 13 00 0B 00 14 32 06 11 07 17 00 14 00 0C 00 15 34 06 11 07 17 00 15 00 0F 00 15 37 06 11 07 17 00 16 00 0C 00 15 31 06 11 07 17 00 17 00 0C 00 15 94 03 11 07 17 00 18 00 01 00 11 36 06 11 07 17 00 19 00 0C 00 15 83 02 11 07 17 00 1A 00 01 00 11 7D 16 
16:59:47.350-<<<<-接收-68 E2 00 83 08 10 40 00 00 02 10 02 00 1A 00 1A 78 02 11 07 17 00 F0 D1 81 02 11 07 17 00 F1 D1 82 02 11 07 17 00 F1 D1 83 02 11 07 17 00 F0 D1 84 02 11 07 17 00 F0 D1 85 02 11 07 17 00 F0 D1 86 02 11 07 17 00 F0 D1 87 02 11 07 17 00 F0 D1 88 03 11 07 17 00 F0 D1 94 03 11 07 17 00 F0 D1 18 06 11 07 17 00 F1 D1 19 06 11 07 17 00 F2 D1 20 06 11 07 17 00 F0 D1 21 06 11 07 17 00 F3 D1 22 06 11 07 17 00 F3 D1 23 06 11 07 17 00 F4 D1 24 06 11 07 17 00 F3 D1 25 06 11 07 17 00 00 10 26 06 11 07 17 00 F3 D1 27 06 11 07 17 00 F2 D1 28 06 11 07 17 00 F3 D1 31 06 11 07 17 00 F4 D1 32 06 11 07 17 00 F4 D1 34 06 11 07 17 00 F4 D1 36 06 11 07 17 00 F4 D1 37 06 11 07 17 00 F4 D1 1F 16 
17:02:02.506-<<<<-接收-68 13 00 83 00 00 40 00 00 00 10 01 00 1A 00 F8 03 E9 16 
17:02:03.199-<<<<-接收-68 32 01 83 08 F0 40 00 00 01 10 10 02 1A 00 01 00 1A 02 37 02 00 00 00 01 00 00 00 40 84 02 11 07 17 00 02 00 01 00 11 82 02 11 07 17 00 03 00 0A 00 12 81 02 11 07 17 00 04 00 09 00 12 86 02 11 07 17 00 05 00 01 00 11 18 06 11 07 17 00 06 00 0A 00 22 87 02 11 07 17 00 07 00 01 00 11 85 02 11 07 17 00 08 00 01 00 11 88 03 11 07 17 00 09 00 01 00 21 20 06 11 07 17 00 0A 00 01 00 21 27 06 11 07 17 00 0B 00 06 00 23 21 06 11 07 17 00 0C 00 12 00 24 24 06 11 07 17 00 0D 00 0B 00 14 78 02 11 07 17 00 0E 00 01 00 11 22 06 11 07 17 00 0F 00 0B 00 24 23 06 11 07 17 00 10 00 0F 00 15 28 06 11 07 17 00 11 00 0B 00 14 19 06 11 07 17 00 12 00 06 00 23 26 06 11 07 17 00 13 00 0B 00 14 32 06 11 07 17 00 14 00 0C 00 15 34 06 11 07 17 00 15 00 0F 00 15 37 06 11 07 17 00 16 00 0C 00 15 31 06 11 07 17 00 17 00 0C 00 15 94 03 11 07 17 00 18 00 01 00 11 36 06 11 07 17 00 19 00 0C 00 15 83 02 11 07 17 00 1A 00 01 00 11 7D 16 
17:02:05.809-<<<<-接收-68 E2 00 83 08 10 40 00 00 02 10 02 00 1A 00 1A 78 02 11 07 17 00 F0 D1 81 02 11 07 17 00 F1 D1 82 02 11 07 17 00 F1 D1 83 02 11 07 17 00 F0 D1 84 02 11 07 17 00 F0 D1 85 02 11 07 17 00 F0 D1 86 02 11 07 17 00 F0 D1 87 02 11 07 17 00 F0 D1 88 03 11 07 17 00 F0 D1 94 03 11 07 17 00 F0 D1 18 06 11 07 17 00 F1 D1 19 06 11 07 17 00 F2 D1 20 06 11 07 17 00 F0 D1 21 06 11 07 17 00 F3 D1 22 06 11 07 17 00 F3 D1 23 06 11 07 17 00 F4 D1 24 06 11 07 17 00 F3 D1 25 06 11 07 17 00 00 10 26 06 11 07 17 00 F3 D1 27 06 11 07 17 00 F2 D1 28 06 11 07 17 00 F3 D1 31 06 11 07 17 00 F4 D1 32 06 11 07 17 00 F4 D1 34 06 11 07 17 00 F4 D1 36 06 11 07 17 00 F4 D1 37 06 11 07 17 00 F4 D1 1F 16 
17:07:58.810-<<<<-接收-68 13 00 83 00 00 40 00 FE 00 10 01 00 1A 00 F8 03 E7 16 
17:07:59.502-<<<<-接收-68 32 01 83 08 F0 40 00 00 01 10 10 02 1A 00 01 00 1A 02 37 02 00 00 00 01 00 00 00 40 84 02 11 07 17 00 02 00 01 00 11 82 02 11 07 17 00 03 00 0A 00 12 81 02 11 07 17 00 04 00 09 00 12 86 02 11 07 17 00 05 00 01 00 11 18 06 11 07 17 00 06 00 0A 00 22 87 02 11 07 17 00 07 00 01 00 11 85 02 11 07 17 00 08 00 01 00 11 88 03 11 07 17 00 09 00 01 00 21 20 06 11 07 17 00 0A 00 01 00 21 27 06 11 07 17 00 0B 00 06 00 23 21 06 11 07 17 00 0C 00 12 00 24 24 06 11 07 17 00 0D 00 0B 00 14 78 02 11 07 17 00 0E 00 01 00 11 22 06 11 07 17 00 0F 00 0B 00 24 23 06 11 07 17 00 10 00 0F 00 15 28 06 11 07 17 00 11 00 0B 00 14 19 06 11 07 17 00 12 00 06 00 23 26 06 11 07 17 00 13 00 0B 00 14 32 06 11 07 17 00 14 00 0C 00 15 34 06 11 07 17 00 15 00 0F 00 15 37 06 11 07 17 00 16 00 0C 00 15 31 06 11 07 17 00 17 00 0C 00 15 94 03 11 07 17 00 18 00 01 00 11 36 06 11 07 17 00 19 00 0C 00 15 83 02 11 07 17 00 1A 00 01 00 11 7D 16 
17:08:01.840-<<<<-接收-68 E2 00 83 08 10 40 00 00 02 10 02 00 1A 00 1A 78 02 11 07 17 00 F0 D1 81 02 11 07 17 00 F1 D1 82 02 11 07 17 00 F1 D1 83 02 11 07 17 00 F0 D1 84 02 11 07 17 00 F0 D1 85 02 11 07 17 00 F0 D1 86 02 11 07 17 00 F0 D1 87 02 11 07 17 00 F0 D1 88 03 11 07 17 00 F0 D1 94 03 11 07 17 00 F0 D1 18 06 11 07 17 00 F1 D1 19 06 11 07 17 00 F2 D1 20 06 11 07 17 00 F0 D1 21 06 11 07 17 00 F3 D1 22 06 11 07 17 00 F3 D1 23 06 11 07 17 00 F4 D1 24 06 11 07 17 00 F3 D1 25 06 11 07 17 00 00 10 26 06 11 07 17 00 F3 D1 27 06 11 07 17 00 F2 D1 28 06 11 07 17 00 F3 D1 31 06 11 07 17 00 F4 D1 32 06 11 07 17 00 F4 D1 34 06 11 07 17 00 F4 D1 36 06 11 07 17 00 F4 D1 37 06 11 07 17 00 F4 D1 1F 16 
17:10:43.639-<<<<-接收-68 13 00 83 00 00 40 00 FC 00 10 01 00 1A 00 F8 03 E5 16 
17:10:44.319-<<<<-接收-68 32 01 83 08 F0 40 00 00 01 10 10 02 1A 00 01 00 1A 02 37 02 00 00 00 01 00 00 00 40 84 02 11 07 17 00 02 00 01 00 11 82 02 11 07 17 00 03 00 0A 00 12 81 02 11 07 17 00 04 00 09 00 12 86 02 11 07 17 00 05 00 01 00 11 18 06 11 07 17 00 06 00 0A 00 22 87 02 11 07 17 00 07 00 01 00 11 85 02 11 07 17 00 08 00 01 00 11 88 03 11 07 17 00 09 00 01 00 21 20 06 11 07 17 00 0A 00 01 00 21 27 06 11 07 17 00 0B 00 06 00 23 21 06 11 07 17 00 0C 00 12 00 24 24 06 11 07 17 00 0D 00 0B 00 14 78 02 11 07 17 00 0E 00 01 00 11 22 06 11 07 17 00 0F 00 0B 00 24 23 06 11 07 17 00 10 00 0F 00 15 28 06 11 07 17 00 11 00 0B 00 14 19 06 11 07 17 00 12 00 06 00 23 26 06 11 07 17 00 13 00 0B 00 14 32 06 11 07 17 00 14 00 0C 00 15 34 06 11 07 17 00 15 00 0F 00 15 37 06 11 07 17 00 16 00 0C 00 15 31 06 11 07 17 00 17 00 0C 00 15 94 03 11 07 17 00 18 00 01 00 11 36 06 11 07 17 00 19 00 0C 00 15 83 02 11 07 17 00 1A 00 01 00 11 7D 16 
17:10:46.592-<<<<-接收-68 E2 00 83 08 10 40 00 00 02 10 02 00 1A 00 1A 78 02 11 07 17 00 F0 D1 81 02 11 07 17 00 F1 D1 82 02 11 07 17 00 F1 D1 83 02 11 07 17 00 F0 D1 84 02 11 07 17 00 F0 D1 85 02 11 07 17 00 F0 D1 86 02 11 07 17 00 F0 D1 87 02 11 07 17 00 F0 D1 88 03 11 07 17 00 F0 D1 94 03 11 07 17 00 F0 D1 18 06 11 07 17 00 F1 D1 19 06 11 07 17 00 F2 D1 20 06 11 07 17 00 F0 D1 21 06 11 07 17 00 F3 D1 22 06 11 07 17 00 F3 D1 23 06 11 07 17 00 F4 D1 24 06 11 07 17 00 F3 D1 25 06 11 07 17 00 00 10 26 06 11 07 17 00 F3 D1 27 06 11 07 17 00 F2 D1 28 06 11 07 17 00 F3 D1 31 06 11 07 17 00 F4 D1 32 06 11 07 17 00 F4 D1 34 06 11 07 17 00 F4 D1 36 06 11 07 17 00 F4 D1 37 06 11 07 17 00 F4 D1 1F 16 
17:32:14.137-<<<<-接收-68 13 00 83 00 00 40 00 FC 00 10 01 00 1A 00 F8 03 E5 16 
17:32:14.830-<<<<-接收-68 32 01 83 08 F0 40 00 00 01 10 10 02 1A 00 01 00 1A 02 37 02 00 00 00 01 00 00 00 40 84 02 11 07 17 00 02 00 01 00 11 82 02 11 07 17 00 03 00 0A 00 12 81 02 11 07 17 00 04 00 09 00 12 86 02 11 07 17 00 05 00 01 00 11 18 06 11 07 17 00 06 00 0A 00 22 87 02 11 07 17 00 07 00 01 00 11 85 02 11 07 17 00 08 00 01 00 11 88 03 11 07 17 00 09 00 01 00 21 20 06 11 07 17 00 0A 00 01 00 21 27 06 11 07 17 00 0B 00 06 00 23 21 06 11 07 17 00 0C 00 12 00 24 24 06 11 07 17 00 0D 00 0B 00 14 78 02 11 07 17 00 0E 00 01 00 11 22 06 11 07 17 00 0F 00 0B 00 24 23 06 11 07 17 00 10 00 0F 00 15 28 06 11 07 17 00 11 00 0B 00 14 19 06 11 07 17 00 12 00 06 00 23 26 06 11 07 17 00 13 00 0B 00 14 32 06 11 07 17 00 14 00 0C 00 15 34 06 11 07 17 00 15 00 0F 00 15 37 06 11 07 17 00 16 00 0C 00 15 31 06 11 07 17 00 17 00 0C 00 15 94 03 11 07 17 00 18 00 01 00 11 36 06 11 07 17 00 19 00 0C 00 15 83 02 11 07 17 00 1A 00 01 00 11 7D 16 
17:32:17.216-<<<<-接收-68 E2 00 83 08 10 40 00 00 02 10 02 00 1A 00 1A 78 02 11 07 17 00 F0 D1 81 02 11 07 17 00 F1 D1 82 02 11 07 17 00 F1 D1 83 02 11 07 17 00 F0 D1 84 02 11 07 17 00 F0 D1 85 02 11 07 17 00 F0 D1 86 02 11 07 17 00 F0 D1 87 02 11 07 17 00 F0 D1 88 03 11 07 17 00 F0 D1 94 03 11 07 17 00 F0 D1 18 06 11 07 17 00 F1 D1 19 06 11 07 17 00 F2 D1 20 06 11 07 17 00 F0 D1 21 06 11 07 17 00 F3 D1 22 06 11 07 17 00 F3 D1 23 06 11 07 17 00 F4 D1 24 06 11 07 17 00 F3 D1 25 06 11 07 17 00 00 10 26 06 11 07 17 00 F3 D1 27 06 11 07 17 00 F2 D1 28 06 11 07 17 00 F3 D1 31 06 11 07 17 00 F4 D1 32 06 11 07 17 00 F4 D1 34 06 11 07 17 00 F4 D1 36 06 11 07 17 00 F4 D1 37 06 11 07 17 00 F4 D1 1F 16 
17:38:31.094-<<<<-接收-68 13 00 83 00 00 40 00 00 00 10 01 00 1A 00 F8 03 E9 16 
17:38:31.768-<<<<-接收-68 32 01 83 08 F0 40 00 00 01 10 10 02 1A 00 01 00 1A 02 37 02 00 00 00 01 00 00 00 40 84 02 11 07 17 00 02 00 01 00 11 82 02 11 07 17 00 03 00 0A 00 12 81 02 11 07 17 00 04 00 09 00 12 86 02 11 07 17 00 05 00 01 00 11 18 06 11 07 17 00 06 00 0A 00 22 87 02 11 07 17 00 07 00 01 00 11 85 02 11 07 17 00 08 00 01 00 11 88 03 11 07 17 00 09 00 01 00 21 20 06 11 07 17 00 0A 00 01 00 21 27 06 11 07 17 00 0B 00 06 00 23 21 06 11 07 17 00 0C 00 12 00 24 24 06 11 07 17 00 0D 00 0B 00 14 78 02 11 07 17 00 0E 00 01 00 11 22 06 11 07 17 00 0F 00 0B 00 24 23 06 11 07 17 00 10 00 0F 00 15 28 06 11 07 17 00 11 00 0B 00 14 19 06 11 07 17 00 12 00 06 00 23 26 06 11 07 17 00 13 00 0B 00 14 32 06 11 07 17 00 14 00 0C 00 15 34 06 11 07 17 00 15 00 0F 00 15 37 06 11 07 17 00 16 00 0C 00 15 31 06 11 07 17 00 17 00 0C 00 15 94 03 11 07 17 00 18 00 01 00 11 36 06 11 07 17 00 19 00 0C 00 15 83 02 11 07 17 00 1A 00 01 00 11 7D 16 
17:38:33.982-<<<<-接收-68 E2 00 83 08 10 40 00 00 02 10 02 00 1A 00 1A 78 02 11 07 17 00 F0 D1 81 02 11 07 17 00 F1 D1 82 02 11 07 17 00 F1 D1 83 02 11 07 17 00 F0 D1 84 02 11 07 17 00 F0 D1 85 02 11 07 17 00 F0 D1 86 02 11 07 17 00 F0 D1 87 02 11 07 17 00 F0 D1 88 03 11 07 17 00 F0 D1 94 03 11 07 17 00 F0 D1 18 06 11 07 17 00 F1 D1 19 06 11 07 17 00 F2 D1 20 06 11 07 17 00 F0 D1 21 06 11 07 17 00 F3 D1 22 06 11 07 17 00 F3 D1 23 06 11 07 17 00 F4 D1 24 06 11 07 17 00 F3 D1 25 06 11 07 17 00 00 10 26 06 11 07 17 00 F3 D1 27 06 11 07 17 00 F2 D1 28 06 11 07 17 00 F3 D1 31 06 11 07 17 00 F4 D1 32 06 11 07 17 00 F4 D1 34 06 11 07 17 00 F4 D1 36 06 11 07 17 00 F4 D1 37 06 11 07 17 00 F4 D1 1F 16 
