15:45:50.504->>>>-发送-68 12 00 43 00 00 00 B0 04 00 10 01 00 01 00 10 19 16 
15:45:50.614-<<<<-接收-68 13 00 83 08 F0 00 00 FE 00 10 01 00 03 00 F8 03 88 16 
15:45:50.676->>>>-发送-68 12 00 43 00 00 00 B0 04 00 10 02 00 01 00 0A 14 16 
15:45:50.848-<<<<-接收-68 2A 00 83 08 F0 00 00 FE 00 10 02 00 03 00 03 33 00 00 00 00 00 00 10 06 00 00 00 00 00 00 10 11 11 11 11 11 11 00 10 60 16 
15:46:03.511->>>>-发送-68 0F 00 43 00 00 00 00 00 00 F0 04 00 37 16 
15:46:03.621-<<<<-接收-68 1C 00 83 08 F0 00 00 FE 00 F0 04 00 00 00 01 00 33 00 00 00 00 00 00 03 00 A4 16 
15:46:18.060->>>>-发送-68 0F 00 43 00 00 00 00 00 01 10 01 00 55 16 
15:46:18.185-<<<<-接收-68 13 00 83 08 F0 00 00 FE 01 10 01 00 03 00 F8 03 89 16 
15:46:18.185->>>>-发送-68 12 00 43 00 00 00 00 00 02 10 02 00 01 00 03 5B 16 
15:46:18.325-<<<<-接收-68 2A 00 83 08 F0 00 00 FE 02 10 02 00 03 00 03 33 00 00 00 00 00 00 10 06 00 00 00 00 00 00 10 11 11 11 11 11 11 00 10 62 16 
