19:38:08.189-<<<<-接收-68 00 00 40 
19:38:08.209-<<<<-接收-17 C3 00 00 00 01 F0 04 03 01 02 37 02 00 00 00 01 38 16 
19:38:15.639-<<<<-接收-68 17 00 C3 00 00 40 00 00 01 F0 04 03 01 02 37 02 00 00 00 01 38 16 
19:38:38.978-<<<<-接收-68 17 00 C3 00 00 40 00 00 01 F0 04 03 01 02 37 02 00 00 00 01 38 16 
19:38:46.286-<<<<-接收-68 15 00 83 00 20 00 00 FC 01 00 01 00 00 00 00 00 02 00 A3 16 
19:41:02.748-<<<<-接收-68 30 00 83 04 00 00 00 00 4D 02 37 02 00 00 00 01 BE BE BE BE BE F0 80 00 68 30 00 83 04 00 00 00 00 4D 02 37 02 00 00 00 01 BE BE BE BE BE F0 80 00 13 00 68 13 00 83 00 00 40 00 00 4C 10 01 00 1A 00 F8 03 35 16 44 16 
19:41:11.816-<<<<-接收-68 9F 00 83 04 00 00 00 00 4F 02 37 02 00 00 00 01 BE BE BE BE BE F0 80 00 82 00 68 82 00 83 00 00 40 00 00 4E 10 10 02 1B 00 01 00 0A 02 37 02 00 00 00 01 00 00 00 40 84 02 11 07 17 00 02 00 01 00 11 78 02 11 07 17 00 03 00 01 00 21 86 02 11 07 17 00 04 00 01 00 11 20 06 11 07 17 00 05 00 01 00 11 85 02 11 07 17 00 06 00 01 00 11 87 02 11 07 17 00 07 00 01 00 11 94 03 11 07 17 00 08 00 01 00 21 88 03 11 07 17 00 09 00 01 00 11 83 02 11 07 17 00 0A 00 01 00 11 D9 16 6C 16 
19:42:16.937-<<<<-接收-68 1D 00 83 04 00 00 00 00 D4 02 37 02 00 00 00 01 BE BE BE BE BE F0 80 00 00 00 BD 16 
19:43:48.646-<<<<-接收-68 1D 00 83 04 00 00 00 00 D4 02 37 02 00 00 00 01 BE BE BE BE BE F0 80 00 00 00 BD 16 
19:43:57.321-<<<<-接收-68 1D 00 83 04 00 00 00 00 D4 02 37 02 00 00 00 01 BE BE BE BE BE F0 80 00 00 00 BD 16 
19:44:03.859-<<<<-接收-68 1D 00 83 04 00 00 00 00 D4 02 37 02 00 00 00 01 BE BE BE BE BE F0 80 00 00 00 BD 16 
19:44:10.319-<<<<-接收-68 1D 00 83 04 00 00 00 00 D4 02 37 02 00 00 00 01 BE BE BE BE BE F0 80 00 00 00 BD 16 
19:44:17.274-<<<<-接收-68 1D 00 83 04 00 00 00 00 D4 02 37 02 00 00 00 01 BE BE BE BE BE F0 80 00 00 00 BD 16 
19:44:26.488-<<<<-接收-68 1D 00 83 04 00 00 00 00 D4 02 37 02 00 00 00 01 BE BE BE BE BE F0 80 00 00 00 BD 16 
19:53:27.885-<<<<-接收-68 17 00 C3 00 00 40 00 00 01 F0 04 03 01 02 37 02 00 00 00 01 38 16 
19:53:32.193-<<<<-接收-68 15 00 83 00 20 00 00 FC 01 00 01 00 00 00 00 00 02 00 A3 16 
19:53:42.652-<<<<-接收-68 30 00 83 04 00 00 00 00 4D 02 37 02 00 00 00 01 BE BE BE BE BE F0 80 00 68 30 00 83 04 00 00 00 00 4D 02 37 02 00 00 00 01 BE BE BE BE BE F0 80 00 13 00 68 13 00 83 00 00 40 00 00 4C 10 01 00 1A 00 F8 03 35 16 44 16 
19:53:44.900-<<<<-接收-68 9F 00 83 04 00 00 00 00 4F 02 37 02 00 00 00 01 BE BE BE BE BE F0 80 00 82 00 68 82 00 83 00 00 40 00 00 4E 10 10 02 1B 00 01 00 0A 02 37 02 00 00 00 01 00 00 00 40 84 02 11 07 17 00 02 00 01 00 11 78 02 11 07 17 00 03 00 01 00 21 86 02 11 07 17 00 04 00 01 00 11 20 06 11 07 17 00 05 00 01 00 11 85 02 11 07 17 00 06 00 01 00 11 87 02 11 07 17 00 07 00 01 00 11 94 03 11 07 17 00 08 00 01 00 21 88 03 11 07 17 00 09 00 01 00 11 83 02 11 07 17 00 0A 00 01 00 11 D9 16 6C 16 
19:54:13.577-<<<<-接收-68 1D 00 83 04 00 00 00 00 D4 02 37 02 00 00 00 01 BE BE BE BE BE F0 80 00 00 00 BD 16 
19:54:28.797-<<<<-接收-68 1D 00 83 04 00 00 00 00 D4 02 37 02 00 00 00 01 BE BE BE BE BE F0 80 00 00 00 BD 16 
20:06:43.194-<<<<-接收-68 17 00 C3 00 00 40 00 00 01 F0 04 03 01 02 37 02 00 00 00 01 38 16 
20:06:47.373-<<<<-接收-68 15 00 83 00 20 00 00 FC 01 00 01 00 00 00 00 00 02 00 A3 16 
20:07:25.267-<<<<-接收-68 30 00 83 04 00 00 00 00 4D 02 37 02 00 00 00 01 BE BE BE BE BE F0 80 00 68 30 00 83 04 00 00 00 00 4D 02 37 02 00 00 00 01 BE BE BE BE BE F0 80 00 13 00 68 13 00 83 00 00 40 00 00 4C 10 01 00 1A 00 F8 03 35 16 44 16 
20:07:28.193-<<<<-接收-68 1D 00 83 04 00 00 00 00 D4 02 37 02 00 00 00 01 BE BE BE BE BE F0 80 00 00 00 BD 16 
20:07:44.540-<<<<-接收-68 1D 00 83 04 00 00 00 00 D4 02 37 02 00 00 00 01 BE BE BE BE BE F0 80 00 00 00 BD 16 
20:08:49.259-<<<<-接收-68 1D 00 83 04 00 00 00 00 D4 02 37 02 00 00 00 01 BE BE BE BE BE F0 80 00 00 00 BD 16 
20:09:03.681-<<<<-接收-68 1D 00 83 04 00 00 00 00 D4 02 37 02 00 00 00 01 BE BE BE BE BE F0 80 00 00 00 BD 16 
20:09:41.241-<<<<-接收-68 1D 00 83 04 00 00 00 00 D4 02 37 02 00 00 00 01 BE BE BE BE BE F0 80 00 00 00 BD 16 
20:09:51.943-<<<<-接收-68 1D 00 83 04 00 00 00 00 D4 02 37 02 00 00 00 01 BE BE BE BE BE F0 80 00 00 00 BD 16 
20:10:02.576-<<<<-接收-68 1D 00 83 04 00 00 00 00 D4 02 37 02 00 00 00 01 BE BE BE BE BE F0 80 00 00 00 BD 16 
