12:00:54.537->>>>-发送-68 4C 00 43 05 00 00 00 00 00 CD CD CD CD CD CD CC CC CC CC CC CC F0 80 00 2F 00 68 2F 00 43 04 00 00 B0 04 00 CC CC CC CC CC CC 22 22 00 00 00 00 13 01 00 02 00 00 10 68 22 22 00 00 00 00 68 11 04 33 33 34 33 F6 16 2F 16 88 16 
12:01:17.340->>>>-发送-68 4C 00 43 05 00 00 00 00 01 CD CD CD CD CD CD CC CC CC CC CC CC F0 80 00 2F 00 68 2F 00 43 04 00 00 B0 04 00 CC CC CC CC CC CC 22 22 00 00 00 00 13 01 00 02 00 00 10 68 22 22 00 00 00 00 68 11 04 33 33 34 33 F6 16 2F 16 89 16 
12:01:48.780->>>>-发送-68 4C 00 43 05 00 00 00 00 02 CD CD CD CD CD CD CC CC CC CC CC CC F0 80 00 2F 00 68 2F 00 43 04 00 00 B0 04 00 CC CC CC CC CC CC 22 22 00 00 00 00 13 01 00 02 00 00 10 68 22 22 00 00 00 00 68 11 04 33 33 34 33 F6 16 2F 16 8A 16 
12:02:00.971->>>>-发送-68 2F 00 43 05 00 00 00 00 03 CD CD CD CD CD CD 22 22 00 00 00 00 13 01 00 02 00 00 10 68 22 22 00 00 00 00 68 11 04 33 33 34 33 F6 16 85 16 
12:02:08.803->>>>-发送-68 2F 00 43 05 00 00 00 00 04 CD CD CD CD CD CD 22 22 00 00 00 00 13 01 00 02 00 00 10 68 22 22 00 00 00 00 68 11 04 33 33 34 33 F6 16 86 16 
12:02:11.820->>>>-发送-68 2F 00 43 05 00 00 00 00 05 CD CD CD CD CD CD 22 22 00 00 00 00 13 01 00 02 00 00 10 68 22 22 00 00 00 00 68 11 04 33 33 34 33 F6 16 87 16 
12:02:12.069->>>>-发送-68 2F 00 43 05 00 00 00 00 06 CD CD CD CD CD CD 22 22 00 00 00 00 13 01 00 02 00 00 10 68 22 22 00 00 00 00 68 11 04 33 33 34 33 F6 16 88 16 
12:02:15.678->>>>-发送-68 2F 00 43 05 00 00 00 00 07 CD CD CD CD CD CD 22 22 00 00 00 00 13 01 00 02 00 00 10 68 22 22 00 00 00 00 68 11 04 33 33 34 33 F6 16 89 16 
12:02:22.690->>>>-发送-68 2F 00 43 05 00 00 00 00 08 CD CD CD CD CD CD 22 22 00 00 00 00 13 01 00 02 00 00 10 68 22 22 00 00 00 00 68 11 04 33 33 34 33 F6 16 8A 16 
12:02:22.915->>>>-发送-68 2F 00 43 05 00 00 00 00 09 CD CD CD CD CD CD 22 22 00 00 00 00 13 01 00 02 00 00 10 68 22 22 00 00 00 00 68 11 04 33 33 34 33 F6 16 8B 16 
12:02:26.532->>>>-发送-68 2F 00 43 05 00 00 00 00 0A CD CD CD CD CD CD 22 22 00 00 00 00 13 01 00 02 00 00 10 68 22 22 00 00 00 00 68 11 04 33 33 34 33 F6 16 8C 16 
