11:18:32.223->>>>-发送-68 12 00 43 00 00 00 00 00 00 10 10 02 01 00 01 67 16 
11:18:32.270-<<<<-接收-00 
11:18:47.709->>>>-发送-68 12 00 43 00 00 00 00 00 01 10 10 02 01 00 01 68 16 
11:18:47.756-<<<<-接收-00 
11:18:50.194->>>>-发送-68 12 00 43 00 00 00 00 00 02 10 10 02 01 00 01 69 16 
11:18:50.241-<<<<-接收-00 
11:18:51.256->>>>-发送-68 12 00 43 00 00 00 00 00 03 10 10 02 01 00 01 6A 16 
11:18:51.303-<<<<-接收-00 
11:18:52.725->>>>-发送-68 12 00 43 00 00 00 00 00 04 10 10 02 01 00 01 6B 16 
11:18:52.772-<<<<-接收-00 
11:18:53.991->>>>-发送-68 12 00 43 00 00 00 00 00 05 10 10 02 01 00 01 6C 16 
11:18:54.038-<<<<-接收-00 
11:18:58.914->>>>-发送-68 12 00 43 00 00 00 00 00 06 10 10 02 01 00 01 6D 16 
11:18:58.961-<<<<-接收-00 
11:18:59.976->>>>-发送-68 12 00 43 00 00 00 00 00 07 10 10 02 01 00 01 6E 16 
11:19:00.023-<<<<-接收-00 
11:20:48.285->>>>-发送-68 12 00 43 00 00 00 B0 04 00 10 01 00 01 00 10 19 16 
11:20:48.332-<<<<-接收-00 
11:20:49.879->>>>-发送-68 12 00 43 00 00 00 B0 04 00 10 01 00 01 00 10 19 16 
11:20:49.926-<<<<-接收-00 
11:20:50.864->>>>-发送-68 12 00 43 00 00 00 B0 04 00 10 01 00 01 00 10 19 16 
11:20:50.911-<<<<-接收-00 
11:20:51.348->>>>-发送-68 12 00 43 00 00 00 B0 04 00 10 01 00 01 00 10 19 16 
11:20:51.395-<<<<-接收-00 
11:20:52.005->>>>-发送-68 12 00 43 00 00 00 B0 04 00 10 01 00 01 00 10 19 16 
11:20:52.051-<<<<-接收-00 
11:20:59.521->>>>-发送-68 12 00 43 00 00 00 B0 04 00 10 01 00 01 00 10 19 16 
11:20:59.568-<<<<-接收-00 
11:21:00.209->>>>-发送-68 12 00 43 00 00 00 B0 04 00 10 01 00 01 00 10 19 16 
11:21:00.255-<<<<-接收-00 
11:21:00.662->>>>-发送-68 12 00 43 00 00 00 B0 04 00 10 01 00 01 00 10 19 16 
11:21:00.709-<<<<-接收-00 
11:21:00.880->>>>-发送-68 12 00 43 00 00 00 B0 04 00 10 01 00 01 00 10 19 16 
11:21:00.927-<<<<-接收-00 
11:21:01.318->>>>-发送-68 12 00 43 00 00 00 B0 04 00 10 01 00 01 00 10 19 16 
11:21:01.365-<<<<-接收-00 
11:21:01.693->>>>-发送-68 12 00 43 00 00 00 B0 04 00 10 01 00 01 00 10 19 16 
11:21:01.740-<<<<-接收-00 
11:21:02.256->>>>-发送-68 12 00 43 00 00 00 B0 04 00 10 01 00 01 00 10 19 16 
11:21:02.302-<<<<-接收-00 
11:21:02.771->>>>-发送-68 12 00 43 00 00 00 B0 04 00 10 01 00 01 00 10 19 16 
11:21:02.818-<<<<-接收-00 
11:21:03.209->>>>-发送-68 12 00 43 00 00 00 B0 04 00 10 01 00 01 00 10 19 16 
11:21:03.256-<<<<-接收-00 
11:21:03.600->>>>-发送-68 12 00 43 00 00 00 B0 04 00 10 01 00 01 00 10 19 16 
11:21:03.646-<<<<-接收-00 
11:21:04.068->>>>-发送-68 12 00 43 00 00 00 B0 04 00 10 01 00 01 00 10 19 16 
11:21:04.115-<<<<-接收-00 
11:21:08.897->>>>-发送-68 12 00 43 00 00 00 B0 04 00 10 01 00 01 00 10 19 16 
11:21:15.085-<<<<-接收-68 38 00 C3 00 00 00 00 00 01 03 02 01 B2 2F 01 01 00 00 28 32 00 DC 07 DC 07 1E 77 66 55 44 33 22 F8 03 03 00 28 06 16 27 06 16 5A 57 32 30 20 10 16 10 20 00 80 44 16 
11:21:18.664->>>>-发送-68 12 00 43 00 00 00 B0 04 00 10 01 00 01 00 10 19 16 
11:21:18.773-<<<<-接收-68 13 00 83 08 F0 00 00 FE 00 10 01 00 03 00 F8 03 88 16 
11:21:24.539->>>>-发送-68 12 00 43 00 00 00 00 00 00 10 10 02 01 00 01 67 16 
11:21:24.711-<<<<-接收-68 1F 00 83 08 F0 00 00 FE 00 10 10 02 01 00 01 00 01 77 66 55 44 33 22 01 00 01 00 40 AB 16 
11:21:24.711->>>>-发送-68 12 00 43 00 00 00 00 00 01 10 10 02 01 00 01 68 16 
11:21:24.883-<<<<-接收-68 1F 00 83 08 F0 00 00 FE 01 10 10 02 01 00 01 00 01 77 66 55 44 33 22 01 00 01 00 40 AC 16 
11:21:26.711->>>>-发送-68 12 00 43 00 00 00 00 00 02 10 10 02 01 00 01 69 16 
11:21:26.883-<<<<-接收-68 1F 00 83 08 F0 00 00 FE 02 10 10 02 01 00 01 00 01 77 66 55 44 33 22 01 00 01 00 40 AD 16 
11:21:26.883->>>>-发送-68 12 00 43 00 00 00 00 00 03 10 10 02 01 00 01 6A 16 
11:21:27.039-<<<<-接收-68 1F 00 83 08 F0 00 00 FE 03 10 10 02 01 00 01 00 01 77 66 55 44 33 22 01 00 01 00 40 AE 16 
11:21:28.462->>>>-发送-68 12 00 43 00 00 00 00 00 04 10 10 02 01 00 01 6B 16 
11:21:28.602-<<<<-接收-68 1F 00 83 08 F0 00 00 FE 04 10 10 02 02 00 01 00 01 77 66 55 44 33 22 01 00 01 00 40 B0 16 
11:21:28.602->>>>-发送-68 12 00 43 00 00 00 00 00 05 10 10 02 01 00 02 6D 16 
11:21:28.774-<<<<-接收-68 2A 00 83 08 F0 00 00 FE 05 10 10 02 02 00 01 00 02 77 66 55 44 33 22 01 00 01 00 40 33 00 00 00 00 00 02 00 01 00 11 F9 16 
11:21:31.665->>>>-发送-68 12 00 43 00 00 00 00 00 06 10 10 02 01 00 01 6D 16 
11:21:31.837-<<<<-接收-68 1F 00 83 08 F0 00 00 FE 06 10 10 02 04 00 01 00 01 77 66 55 44 33 22 01 00 01 00 40 B4 16 
11:21:31.837->>>>-发送-68 12 00 43 00 00 00 00 00 07 10 10 02 01 00 04 71 16 
11:21:32.056-<<<<-接收-68 40 00 83 08 F0 00 00 FE 07 10 10 02 04 00 01 00 04 77 66 55 44 33 22 01 00 01 00 40 33 00 00 00 00 00 02 00 01 00 11 06 00 00 00 00 00 03 00 01 00 11 64 73 60 06 00 10 04 00 01 00 11 7D 16 
11:21:33.243->>>>-发送-68 12 00 43 00 00 00 00 00 08 10 10 02 01 00 01 6F 16 
11:21:33.415-<<<<-接收-68 1F 00 83 08 F0 00 00 FE 08 10 10 02 04 00 01 00 01 77 66 55 44 33 22 01 00 01 00 40 B6 16 
11:21:33.415->>>>-发送-68 12 00 43 00 00 00 00 00 09 10 10 02 01 00 04 73 16 
11:21:33.618-<<<<-接收-68 40 00 83 08 F0 00 00 FE 09 10 10 02 04 00 01 00 04 77 66 55 44 33 22 01 00 01 00 40 33 00 00 00 00 00 02 00 01 00 11 06 00 00 00 00 00 03 00 01 00 11 64 73 60 06 00 10 04 00 01 00 11 7F 16 
11:21:36.634->>>>-发送-68 12 00 43 00 00 00 00 00 0A 10 10 02 01 00 01 71 16 
11:21:36.806-<<<<-接收-68 1F 00 83 08 F0 00 00 FE 0A 10 10 02 04 00 01 00 01 77 66 55 44 33 22 01 00 01 00 40 B8 16 
11:21:36.806->>>>-发送-68 12 00 43 00 00 00 00 00 0B 10 10 02 01 00 04 75 16 
11:21:37.009-<<<<-接收-68 40 00 83 08 F0 00 00 FE 0B 10 10 02 04 00 01 00 04 77 66 55 44 33 22 01 00 01 00 40 33 00 00 00 00 00 02 00 01 00 11 06 00 00 00 00 00 03 00 01 00 11 64 73 60 06 00 10 04 00 01 00 11 81 16 
11:21:37.619->>>>-发送-68 12 00 43 00 00 00 00 00 0C 10 10 02 01 00 01 73 16 
11:21:37.791-<<<<-接收-68 1F 00 83 08 F0 00 00 FE 0C 10 10 02 04 00 01 00 01 77 66 55 44 33 22 01 00 01 00 40 BA 16 
11:21:37.791->>>>-发送-68 12 00 43 00 00 00 00 00 0D 10 10 02 01 00 04 77 16 
11:21:37.994-<<<<-接收-68 40 00 83 00 00 00 00 00 0D 10 10 02 04 00 01 00 04 77 66 55 44 33 22 01 00 01 00 40 33 00 00 00 00 00 02 00 01 00 11 06 00 00 00 00 00 03 00 01 00 11 64 73 60 06 00 10 04 00 01 00 11 8D 16 
11:21:38.572->>>>-发送-68 12 00 43 00 00 00 00 00 0E 10 10 02 01 00 01 75 16 
11:21:38.744-<<<<-接收-68 1F 00 83 00 00 00 00 00 0E 10 10 02 04 00 01 00 01 77 66 55 44 33 22 01 00 01 00 40 C6 16 
11:21:38.744->>>>-发送-68 12 00 43 00 00 00 00 00 0F 10 10 02 01 00 04 79 16 
11:21:38.963-<<<<-接收-68 40 00 83 00 00 00 00 00 0F 10 10 02 04 00 01 00 04 77 66 55 44 33 22 01 00 01 00 40 33 00 00 00 00 00 02 00 01 00 11 06 00 00 00 00 00 03 00 01 00 11 64 73 60 06 00 10 04 00 01 00 11 8F 16 
11:21:47.057->>>>-发送-68 12 00 43 00 00 00 00 00 10 10 10 02 01 00 01 77 16 
11:21:47.229-<<<<-接收-68 1F 00 83 08 10 00 00 00 10 10 10 02 04 00 01 00 01 77 66 55 44 33 22 01 00 01 00 40 E0 16 
11:21:47.229->>>>-发送-68 12 00 43 00 00 00 00 00 11 10 10 02 01 00 04 7B 16 
11:21:47.432-<<<<-接收-68 40 00 83 00 00 00 00 00 11 10 10 02 04 00 01 00 04 77 66 55 44 33 22 01 00 01 00 40 33 00 00 00 00 00 02 00 01 00 11 06 00 00 00 00 00 03 00 01 00 11 64 73 60 06 00 10 04 00 01 00 11 91 16 
