09:58:41.329->>>>-发送-68 12 00 43 00 00 00 00 00 00 10 10 02 01 00 01 67 16 
09:58:41.861-<<<<-接收-68 14 00 83 08 10 00 00 04 00 10 10 02 00 00 00 00 00 C1 16 
10:01:26.014->>>>-发送-68 12 00 43 00 00 00 B0 04 00 10 01 00 01 00 10 19 16 
10:01:26.128-<<<<-接收-68 13 00 83 08 F0 00 00 FE 00 10 01 00 02 00 F8 03 87 16 
10:01:39.697->>>>-发送-68 12 00 43 00 00 00 B0 04 00 10 02 00 02 00 0A 15 16 
10:01:39.872-<<<<-接收-68 22 00 83 08 F0 00 00 FE 00 10 02 00 02 00 02 33 00 00 00 00 00 00 10 06 00 00 00 00 00 00 10 E8 16 
10:08:02.984->>>>-发送-68 12 00 43 00 00 00 00 00 00 10 10 02 01 00 01 67 16 
10:08:03.202-<<<<-接收-68 1F 00 83 08 F0 00 00 FE 00 10 10 02 02 00 01 00 01 77 66 55 44 33 22 01 00 01 00 40 AC 16 
10:08:03.202->>>>-发送-68 12 00 43 00 00 00 00 00 01 10 10 02 01 00 02 69 16 
10:08:03.452-<<<<-接收-68 2A 00 83 08 F0 00 00 FE 01 10 10 02 02 00 01 00 02 77 66 55 44 33 22 01 00 01 00 40 06 00 00 00 00 00 02 00 01 00 11 C8 16 
10:08:05.140->>>>-发送-68 12 00 43 00 00 00 00 00 02 10 10 02 01 00 01 69 16 
10:08:05.343-<<<<-接收-68 1F 00 83 08 F0 00 00 FE 02 10 10 02 02 00 01 00 01 77 66 55 44 33 22 01 00 01 00 40 AE 16 
10:08:05.343->>>>-发送-68 12 00 43 00 00 00 00 00 03 10 10 02 01 00 02 6B 16 
10:08:05.593-<<<<-接收-68 2A 00 83 08 F0 00 00 FE 03 10 10 02 02 00 01 00 02 77 66 55 44 33 22 01 00 01 00 40 06 00 00 00 00 00 02 00 01 00 11 CA 16 
10:08:08.328->>>>-发送-68 12 00 43 00 00 00 00 00 04 10 10 02 01 00 01 6B 16 
10:08:08.578-<<<<-接收-68 1F 00 83 08 F0 00 00 FE 04 10 10 02 02 00 01 00 01 77 66 55 44 33 22 01 00 01 00 40 B0 16 
10:08:08.578->>>>-发送-68 12 00 43 00 00 00 00 00 05 10 10 02 01 00 02 6D 16 
10:08:08.812-<<<<-接收-68 2A 00 83 08 F0 00 00 FE 05 10 10 02 02 00 01 00 02 77 66 55 44 33 22 01 00 01 00 40 06 00 00 00 00 00 02 00 01 00 11 CC 16 
10:08:09.687->>>>-发送-68 12 00 43 00 00 00 00 00 06 10 10 02 01 00 01 6D 16 
10:08:09.906-<<<<-接收-68 1F 00 83 08 F0 00 00 FE 06 10 10 02 02 00 01 00 01 77 66 55 44 33 22 01 00 01 00 40 B2 16 
10:08:09.906->>>>-发送-68 12 00 43 00 00 00 00 00 07 10 10 02 01 00 02 6F 16 
10:08:10.187-<<<<-接收-68 2A 00 83 08 F0 00 00 FE 07 10 10 02 02 00 01 00 02 77 66 55 44 33 22 01 00 01 00 40 06 00 00 00 00 00 02 00 01 00 11 CE 16 
10:08:11.094->>>>-发送-68 12 00 43 00 00 00 00 00 08 10 10 02 01 00 01 6F 16 
10:08:11.297-<<<<-接收-68 1F 00 83 08 F0 00 00 FE 08 10 10 02 02 00 01 00 01 77 66 55 44 33 22 01 00 01 00 40 B4 16 
10:08:11.297->>>>-发送-68 12 00 43 00 00 00 00 00 09 10 10 02 01 00 02 71 16 
10:08:11.531-<<<<-接收-68 2A 00 83 08 F0 00 00 FE 09 10 10 02 02 00 01 00 02 77 66 55 44 33 22 01 00 01 00 40 06 00 00 00 00 00 02 00 01 00 11 D0 16 
10:08:13.219->>>>-发送-68 12 00 43 00 00 00 00 00 0A 10 10 02 01 00 01 71 16 
10:08:13.422-<<<<-接收-68 1F 00 83 08 F0 00 00 FE 0A 10 10 02 02 00 01 00 01 77 66 55 44 33 22 01 00 01 00 40 B6 16 
10:08:13.422->>>>-发送-68 12 00 43 00 00 00 00 00 0B 10 10 02 01 00 02 73 16 
10:08:13.735-<<<<-接收-68 2A 00 83 08 F0 00 00 FE 0B 10 10 02 02 00 01 00 02 77 66 55 44 33 22 01 00 01 00 40 06 00 00 00 00 00 02 00 01 00 11 D2 16 
10:08:14.641->>>>-发送-68 12 00 43 00 00 00 00 00 0C 10 10 02 01 00 01 73 16 
10:08:14.844-<<<<-接收-68 1F 00 83 00 00 00 00 00 0C 10 10 02 02 00 01 00 01 77 66 55 44 33 22 01 00 01 00 40 C2 16 
10:08:14.844->>>>-发送-68 12 00 43 00 00 00 00 00 0D 10 10 02 01 00 02 75 16 
10:08:15.079-<<<<-接收-68 2A 00 83 00 00 00 00 00 0D 10 10 02 02 00 01 00 02 77 66 55 44 33 22 01 00 01 00 40 06 00 00 00 00 00 02 00 01 00 11 DE 16 
10:08:15.954->>>>-发送-68 12 00 43 00 00 00 00 00 0E 10 10 02 01 00 01 75 16 
10:08:16.172-<<<<-接收-68 1F 00 83 00 00 00 00 00 0E 10 10 02 02 00 01 00 01 77 66 55 44 33 22 01 00 01 00 40 C4 16 
10:08:16.172->>>>-发送-68 12 00 43 00 00 00 00 00 0F 10 10 02 01 00 02 77 16 
10:08:16.407-<<<<-接收-68 2A 00 83 00 00 00 00 00 0F 10 10 02 02 00 01 00 02 77 66 55 44 33 22 01 00 01 00 40 06 00 00 00 00 00 02 00 01 00 11 E0 16 
10:08:17.501->>>>-发送-68 12 00 43 00 00 00 00 00 10 10 10 02 01 00 01 77 16 
10:08:17.704-<<<<-接收-68 1F 00 83 00 00 00 00 00 10 10 10 02 02 00 01 00 01 77 66 55 44 33 22 01 00 01 00 40 C6 16 
10:08:17.704->>>>-发送-68 12 00 43 00 00 00 00 00 11 10 10 02 01 00 02 79 16 
10:08:17.985-<<<<-接收-68 2A 00 83 08 10 00 00 00 11 10 10 02 02 00 01 00 02 77 66 55 44 33 22 01 00 01 00 40 06 00 00 00 00 00 02 00 01 00 11 FA 16 
10:08:22.298->>>>-发送-68 12 00 43 00 00 00 00 00 12 10 10 02 01 00 01 79 16 
10:08:22.501-<<<<-接收-68 1F 00 83 08 10 00 00 00 12 10 10 02 02 00 01 00 01 77 66 55 44 33 22 01 00 01 00 40 E0 16 
10:08:22.501->>>>-发送-68 12 00 43 00 00 00 00 00 13 10 10 02 01 00 02 7B 16 
10:08:22.736-<<<<-接收-68 2A 00 83 08 10 00 00 00 13 10 10 02 02 00 01 00 02 77 66 55 44 33 22 01 00 01 00 40 06 00 00 00 00 00 02 00 01 00 11 FC 16 
10:08:23.595->>>>-发送-68 12 00 43 00 00 00 00 00 14 10 10 02 01 00 01 7B 16 
10:08:23.798-<<<<-接收-68 1F 00 83 00 00 00 00 00 14 10 10 02 02 00 01 00 01 77 66 55 44 33 22 01 00 01 00 40 CA 16 
10:08:23.798->>>>-发送-68 12 00 43 00 00 00 00 00 15 10 10 02 01 00 02 7D 16 
10:08:24.080-<<<<-接收-68 2A 00 83 00 00 00 00 00 15 10 10 02 02 00 01 00 02 77 66 55 44 33 22 01 00 01 00 40 06 00 00 00 00 00 02 00 01 00 11 E6 16 
10:18:37.413->>>>-发送-68 12 00 43 00 00 00 00 00 16 10 10 02 01 00 01 7D 16 
10:18:37.647-<<<<-接收-68 1F 00 83 08 10 00 00 00 16 10 10 02 02 00 01 00 01 77 66 55 44 33 22 01 00 01 00 40 E4 16 
10:18:37.647->>>>-发送-68 12 00 43 00 00 00 00 00 17 10 10 02 01 00 02 7F 16 
10:18:37.913-<<<<-接收-68 2A 00 83 08 10 00 00 00 17 10 10 02 02 00 01 00 02 77 66 55 44 33 22 01 00 01 00 40 06 00 00 00 00 00 02 00 01 00 11 00 16 
10:18:58.525->>>>-发送-68 12 00 43 00 00 00 00 00 18 10 10 02 01 00 01 7F 16 
10:18:58.665-<<<<-接收-68 1F 00 83 08 10 00 00 00 18 10 10 02 02 00 01 00 01 77 66 55 44 33 22 01 00 01 00 40 E6 16 
10:18:58.665->>>>-发送-68 12 00 43 00 00 00 00 00 19 10 10 02 01 00 02 81 16 
10:18:58.853-<<<<-接收-68 2A 00 83 08 10 00 00 00 19 10 10 02 02 00 01 00 02 77 66 55 44 33 22 01 00 01 00 40 06 00 00 00 00 00 02 00 01 00 11 02 16 
10:18:59.306->>>>-发送-68 12 00 43 00 00 00 00 00 1A 10 10 02 01 00 01 81 16 
10:18:59.556-<<<<-接收-68 1F 00 83 08 10 00 00 00 1A 10 10 02 02 00 01 00 01 77 66 55 44 33 22 01 00 01 00 40 E8 16 
10:18:59.556->>>>-发送-68 12 00 43 00 00 00 00 00 1B 10 10 02 01 00 02 83 16 
10:18:59.697-<<<<-接收-68 2A 00 83 08 10 00 00 00 1B 10 10 02 02 00 01 00 02 77 66 55 44 33 22 01 00 01 00 40 06 00 00 00 00 00 02 00 01 00 11 04 16 
10:19:00.181->>>>-发送-68 12 00 43 00 00 00 00 00 1C 10 10 02 01 00 01 83 16 
10:19:00.322-<<<<-接收-68 1F 00 83 00 00 00 00 00 1C 10 10 02 02 00 01 00 01 77 66 55 44 33 22 01 00 01 00 40 D2 16 
10:19:00.322->>>>-发送-68 12 00 43 00 00 00 00 00 1D 10 10 02 01 00 02 85 16 
10:19:00.525-<<<<-接收-68 2A 00 83 00 00 00 00 00 1D 10 10 02 02 00 01 00 02 77 66 55 44 33 22 01 00 01 00 40 06 00 00 00 00 00 02 00 01 00 11 EE 16 
10:19:00.994->>>>-发送-68 12 00 43 00 00 00 00 00 1E 10 10 02 01 00 01 85 16 
10:19:01.103-<<<<-接收-68 1F 00 83 00 00 00 00 00 1E 10 10 02 02 00 01 00 01 77 66 55 44 33 22 01 00 01 00 40 D4 16 
10:19:01.103->>>>-发送-68 12 00 43 00 00 00 00 00 1F 10 10 02 01 00 02 87 16 
10:19:01.259-<<<<-接收-68 2A 00 83 00 00 00 00 00 1F 10 10 02 02 00 01 00 02 77 66 55 44 33 22 01 00 01 00 40 06 00 00 00 00 00 02 00 01 00 11 F0 16 
10:19:01.728->>>>-发送-68 12 00 43 00 00 00 00 00 20 10 10 02 01 00 01 87 16 
10:19:01.900-<<<<-接收-68 1F 00 83 00 00 00 00 00 20 10 10 02 02 00 01 00 01 77 66 55 44 33 22 01 00 01 00 40 D6 16 
10:19:01.900->>>>-发送-68 12 00 43 00 00 00 00 00 21 10 10 02 01 00 02 89 16 
10:19:02.103-<<<<-接收-68 2A 00 83 00 00 00 00 00 21 10 10 02 02 00 01 00 02 77 66 55 44 33 22 01 00 01 00 40 06 00 00 00 00 00 02 00 01 00 11 F2 16 
10:19:02.806->>>>-发送-68 12 00 43 00 00 00 00 00 22 10 10 02 01 00 01 89 16 
10:19:02.916-<<<<-接收-68 1F 00 83 00 00 00 00 00 22 10 10 02 02 00 01 00 01 77 66 55 44 33 22 01 00 01 00 40 D8 16 
10:19:02.916->>>>-发送-68 12 00 43 00 00 00 00 00 23 10 10 02 01 00 02 8B 16 
10:19:03.056-<<<<-接收-68 2A 00 83 00 00 00 00 00 23 10 10 02 02 00 01 00 02 77 66 55 44 33 22 01 00 01 00 40 06 00 00 00 00 00 02 00 01 00 11 F4 16 
10:19:03.525->>>>-发送-68 12 00 43 00 00 00 00 00 24 10 10 02 01 00 01 8B 16 
10:19:03.744-<<<<-接收-68 1F 00 83 00 00 00 00 00 24 10 10 02 02 00 01 00 01 77 66 55 44 33 22 01 00 01 00 40 DA 16 
10:19:03.744->>>>-发送-68 12 00 43 00 00 00 00 00 25 10 10 02 01 00 02 8D 16 
10:19:03.885-<<<<-接收-68 2A 00 83 00 00 00 00 00 25 10 10 02 02 00 01 00 02 77 66 55 44 33 22 01 00 01 00 40 06 00 00 00 00 00 02 00 01 00 11 F6 16 
10:19:04.338->>>>-发送-68 12 00 43 00 00 00 00 00 26 10 10 02 01 00 01 8D 16 
10:19:04.541-<<<<-接收-68 1F 00 83 00 00 00 00 00 26 10 10 02 02 00 01 00 01 77 66 55 44 33 22 01 00 01 00 40 DC 16 
10:19:04.541->>>>-发送-68 12 00 43 00 00 00 00 00 27 10 10 02 01 00 02 8F 16 
10:19:04.744-<<<<-接收-68 2A 00 83 00 00 00 00 00 27 10 10 02 02 00 01 00 02 77 66 55 44 33 22 01 00 01 00 40 06 00 00 00 00 00 02 00 01 00 11 F8 16 
10:19:05.229->>>>-发送-68 12 00 43 00 00 00 00 00 28 10 10 02 01 00 01 8F 16 
10:19:05.369-<<<<-接收-68 1F 00 83 08 10 00 00 00 28 10 10 02 02 00 01 00 01 77 66 55 44 33 22 01 00 01 00 40 F6 16 
10:19:05.369->>>>-发送-68 12 00 43 00 00 00 00 00 29 10 10 02 01 00 02 91 16 
10:19:05.557-<<<<-接收-68 2A 00 83 00 00 00 00 00 29 10 10 02 02 00 01 00 02 77 66 55 44 33 22 01 00 01 00 40 06 00 00 00 00 00 02 00 01 00 11 FA 16 
10:19:06.229->>>>-发送-68 12 00 43 00 00 00 00 00 2A 10 10 02 01 00 01 91 16 
10:19:06.463-<<<<-接收-68 1F 00 83 00 00 00 00 00 2A 10 10 02 02 00 01 00 01 77 66 55 44 33 22 01 00 01 00 40 E0 16 
10:19:06.463->>>>-发送-68 12 00 43 00 00 00 00 00 2B 10 10 02 01 00 02 93 16 
10:19:06.651-<<<<-接收-68 2A 00 83 00 00 00 00 00 2B 10 10 02 02 00 01 00 02 77 66 55 44 33 22 01 00 01 00 40 06 00 00 00 00 00 02 00 01 00 11 FC 16 
10:19:07.104->>>>-发送-68 12 00 43 00 00 00 00 00 2C 10 10 02 01 00 01 93 16 
10:19:07.276-<<<<-接收-68 1F 00 83 00 00 00 00 00 2C 10 10 02 02 00 01 00 01 77 66 55 44 33 22 01 00 01 00 40 E2 16 
10:19:07.276->>>>-发送-68 12 00 43 00 00 00 00 00 2D 10 10 02 01 00 02 95 16 
10:19:07.416-<<<<-接收-68 2A 00 83 00 00 00 00 00 2D 10 10 02 02 00 01 00 02 77 66 55 44 33 22 01 00 01 00 40 06 00 00 00 00 00 02 00 01 00 11 FE 16 
10:19:08.557->>>>-发送-68 12 00 43 00 00 00 00 00 2E 10 10 02 01 00 01 95 16 
10:19:08.807-<<<<-接收-68 1F 00 83 00 00 00 00 00 2E 10 10 02 02 00 01 00 01 77 66 55 44 33 22 01 00 01 00 40 E4 16 
10:19:08.807->>>>-发送-68 12 00 43 00 00 00 00 00 2F 10 10 02 01 00 02 97 16 
10:19:08.963-<<<<-接收-68 2A 00 83 00 00 00 00 00 2F 10 10 02 02 00 01 00 02 77 66 55 44 33 22 01 00 01 00 40 06 00 00 00 00 00 02 00 01 00 11 00 16 
10:19:09.432->>>>-发送-68 12 00 43 00 00 00 00 00 30 10 10 02 01 00 01 97 16 
10:19:09.588-<<<<-接收-68 1F 00 83 00 00 00 00 00 30 10 10 02 02 00 01 00 01 77 66 55 44 33 22 01 00 01 00 40 E6 16 
10:19:09.588->>>>-发送-68 12 00 43 00 00 00 00 00 31 10 10 02 01 00 02 99 16 
10:19:09.792-<<<<-接收-68 2A 00 83 00 00 00 00 00 31 10 10 02 02 00 01 00 02 77 66 55 44 33 22 01 00 01 00 40 06 00 00 00 00 00 02 00 01 00 11 02 16 
10:19:10.276->>>>-发送-68 12 00 43 00 00 00 00 00 32 10 10 02 01 00 01 99 16 
10:19:10.401-<<<<-接收-68 1F 00 83 00 00 00 00 00 32 10 10 02 02 00 01 00 01 77 66 55 44 33 22 01 00 01 00 40 E8 16 
10:19:10.401->>>>-发送-68 12 00 43 00 00 00 00 00 33 10 10 02 01 00 02 9B 16 
10:19:10.557-<<<<-接收-68 2A 00 83 00 00 00 00 00 33 10 10 02 02 00 01 00 02 77 66 55 44 33 22 01 00 01 00 40 06 00 00 00 00 00 02 00 01 00 11 04 16 
10:19:11.042->>>>-发送-68 12 00 43 00 00 00 00 00 34 10 10 02 01 00 01 9B 16 
10:19:11.182-<<<<-接收-68 1F 00 83 00 00 00 00 00 34 10 10 02 02 00 01 00 01 77 66 55 44 33 22 01 00 01 00 40 EA 16 
10:19:11.182->>>>-发送-68 12 00 43 00 00 00 00 00 35 10 10 02 01 00 02 9D 16 
10:19:11.370-<<<<-接收-68 2A 00 83 00 00 00 00 00 35 10 10 02 02 00 01 00 02 77 66 55 44 33 22 01 00 01 00 40 06 00 00 00 00 00 02 00 01 00 11 06 16 
10:19:11.870->>>>-发送-68 12 00 43 00 00 00 00 00 36 10 10 02 01 00 01 9D 16 
10:19:12.042-<<<<-接收-68 1F 00 83 00 00 00 00 00 36 10 10 02 02 00 01 00 01 77 66 55 44 33 22 01 00 01 00 40 EC 16 
10:19:12.042->>>>-发送-68 12 00 43 00 00 00 00 00 37 10 10 02 01 00 02 9F 16 
10:19:12.182-<<<<-接收-68 2A 00 83 00 00 00 00 00 37 10 10 02 02 00 01 00 02 77 66 55 44 33 22 01 00 01 00 40 06 00 00 00 00 00 02 00 01 00 11 08 16 
10:19:12.839->>>>-发送-68 12 00 43 00 00 00 00 00 38 10 10 02 01 00 01 9F 16 
10:19:13.495-<<<<-接收-68 1F 00 83 00 00 00 00 00 38 10 10 02 02 00 01 00 01 77 66 55 44 33 22 01 00 01 00 40 EE 16 
10:19:13.495->>>>-发送-68 12 00 43 00 00 00 00 00 39 10 10 02 01 00 02 A1 16 
10:19:13.698-<<<<-接收-68 2A 00 83 00 00 00 00 00 39 10 10 02 02 00 01 00 02 77 66 55 44 33 22 01 00 01 00 40 06 00 00 00 00 00 02 00 01 00 11 0A 16 
10:19:14.167->>>>-发送-68 12 00 43 00 00 00 00 00 3A 10 10 02 01 00 01 A1 16 
10:19:14.276-<<<<-接收-68 1F 00 83 00 00 00 00 00 3A 10 10 02 02 00 01 00 01 77 66 55 44 33 22 01 00 01 00 40 F0 16 
10:19:14.276->>>>-发送-68 12 00 43 00 00 00 00 00 3B 10 10 02 01 00 02 A3 16 
10:19:14.417-<<<<-接收-68 2A 00 83 00 00 00 00 00 3B 10 10 02 02 00 01 00 02 77 66 55 44 33 22 01 00 01 00 40 06 00 00 00 00 00 02 00 01 00 11 0C 16 
10:19:14.917->>>>-发送-68 12 00 43 00 00 00 00 00 3C 10 10 02 01 00 01 A3 16 
10:19:15.105-<<<<-接收-68 1F 00 83 00 00 00 00 00 3C 10 10 02 02 00 01 00 01 77 66 55 44 33 22 01 00 01 00 40 F2 16 
10:19:15.105->>>>-发送-68 12 00 43 00 00 00 00 00 3D 10 10 02 01 00 02 A5 16 
10:19:15.261-<<<<-接收-68 2A 00 83 00 00 00 00 00 3D 10 10 02 02 00 01 00 02 77 66 55 44 33 22 01 00 01 00 40 06 00 00 00 00 00 02 00 01 00 11 0E 16 
10:19:15.745->>>>-发送-68 12 00 43 00 00 00 00 00 3E 10 10 02 01 00 01 A5 16 
10:19:15.902-<<<<-接收-68 1F 00 83 00 00 00 00 00 3E 10 10 02 02 00 01 00 01 77 66 55 44 33 22 01 00 01 00 40 F4 16 
10:19:15.902->>>>-发送-68 12 00 43 00 00 00 00 00 3F 10 10 02 01 00 02 A7 16 
10:19:16.105-<<<<-接收-68 2A 00 83 00 00 00 00 00 3F 10 10 02 02 00 01 00 02 77 66 55 44 33 22 01 00 01 00 40 06 00 00 00 00 00 02 00 01 00 11 10 16 
10:19:16.605->>>>-发送-68 12 00 43 00 00 00 00 00 40 10 10 02 01 00 01 A7 16 
10:19:16.745-<<<<-接收-68 1F 00 83 08 10 00 00 00 40 10 10 02 02 00 01 00 01 77 66 55 44 33 22 01 00 01 00 40 0E 16 
10:19:16.745->>>>-发送-68 12 00 43 00 00 00 00 00 41 10 10 02 01 00 02 A9 16 
10:19:16.902-<<<<-接收-68 2A 00 83 08 10 00 00 00 41 10 10 02 02 00 01 00 02 77 66 55 44 33 22 01 00 01 00 40 06 00 00 00 00 00 02 00 01 00 11 2A 16 
10:19:17.370->>>>-发送-68 12 00 43 00 00 00 00 00 42 10 10 02 01 00 01 A9 16 
10:19:17.589-<<<<-接收-68 1F 00 83 08 10 00 00 00 42 10 10 02 02 00 01 00 01 77 66 55 44 33 22 01 00 01 00 40 10 16 
10:19:17.589->>>>-发送-68 12 00 43 00 00 00 00 00 43 10 10 02 01 00 02 AB 16 
10:19:17.730-<<<<-接收-68 2A 00 83 08 10 00 00 00 43 10 10 02 02 00 01 00 02 77 66 55 44 33 22 01 00 01 00 40 06 00 00 00 00 00 02 00 01 00 11 2C 16 
10:19:18.246->>>>-发送-68 12 00 43 00 00 00 00 00 44 10 10 02 01 00 01 AB 16 
10:19:18.386-<<<<-接收-68 1F 00 83 08 10 00 00 00 44 10 10 02 02 00 01 00 01 77 66 55 44 33 22 01 00 01 00 40 12 16 
10:19:18.386->>>>-发送-68 12 00 43 00 00 00 00 00 45 10 10 02 01 00 02 AD 16 
10:19:18.589-<<<<-接收-68 2A 00 83 08 10 00 00 00 45 10 10 02 02 00 01 00 02 77 66 55 44 33 22 01 00 01 00 40 06 00 00 00 00 00 02 00 01 00 11 2E 16 
10:19:19.089->>>>-发送-68 12 00 43 00 00 00 00 00 46 10 10 02 01 00 01 AD 16 
10:19:19.293-<<<<-接收-68 1F 00 83 08 10 00 00 00 46 10 10 02 02 00 01 00 01 77 66 55 44 33 22 01 00 01 00 40 14 16 
10:19:19.293->>>>-发送-68 12 00 43 00 00 00 00 00 47 10 10 02 01 00 02 AF 16 
10:19:19.449-<<<<-接收-68 2A 00 83 08 10 00 00 00 47 10 10 02 02 00 01 00 02 77 66 55 44 33 22 01 00 01 00 40 06 00 00 00 00 00 02 00 01 00 11 30 16 
10:19:19.902->>>>-发送-68 12 00 43 00 00 00 00 00 48 10 10 02 01 00 01 AF 16 
10:19:20.121-<<<<-接收-68 1F 00 83 08 10 00 00 00 48 10 10 02 02 00 01 00 01 77 66 55 44 33 22 01 00 01 00 40 16 16 
10:19:20.121->>>>-发送-68 12 00 43 00 00 00 00 00 49 10 10 02 01 00 02 B1 16 
10:19:20.418-<<<<-接收-68 2A 00 83 08 10 00 00 00 49 10 10 02 02 00 01 00 02 77 66 55 44 33 22 01 00 01 00 40 06 00 00 00 00 00 02 00 01 00 11 32 16 
10:20:00.500->>>>-发送-68 12 00 43 00 00 00 00 00 4A 10 10 02 01 00 01 B1 16 
10:20:00.734-<<<<-接收-68 1F 00 83 08 10 00 00 00 4A 10 10 02 02 00 01 00 01 77 66 55 44 33 22 01 00 01 00 40 18 16 
10:20:00.734->>>>-发送-68 12 00 43 00 00 00 00 00 4B 10 10 02 01 00 02 B3 16 
10:20:00.969-<<<<-接收-68 2A 00 83 08 10 00 00 00 4B 10 10 02 02 00 01 00 02 77 66 55 44 33 22 01 00 01 00 40 06 00 00 00 00 00 02 00 01 00 11 34 16 
10:25:50.874->>>>-发送-68 12 00 43 00 00 00 00 00 4C 10 10 02 01 00 01 B3 16 
10:25:51.109-<<<<-接收-68 1F 00 83 08 10 00 00 00 4C 10 10 02 02 00 01 00 01 77 66 55 44 33 22 01 00 01 00 40 1A 16 
10:25:51.109->>>>-发送-68 12 00 43 00 00 00 00 00 4D 10 10 02 01 00 02 B5 16 
10:25:51.265-<<<<-接收-68 2A 00 83 08 10 00 00 00 4D 10 10 02 02 00 01 00 02 77 66 55 44 33 22 01 00 01 00 40 06 00 00 00 00 00 02 00 01 00 11 36 16 
