11:05:54.678->>>>-发送-68 0F 00 43 00 00 00 00 00 00 F0 20 03 56 16 
11:05:54.743-<<<<-接收-68 17 00 C3 00 00 40 00 00 01 F0 04 03 01 37 03 00 00 00 00 01 37 16 
11:05:56.490->>>>-发送-68 10 00 43 00 00 00 00 00 01 F0 80 03 01 B8 16 
11:05:56.565-<<<<-接收-68 15 00 83 00 20 00 00 FC 01 00 01 00 00 00 00 00 02 00 A3 16 
11:05:58.377->>>>-发送-68 2C 00 C3 05 00 00 00 00 03 01 BE BE BE BE BE CC CC CC CC CC CC F0 80 00 0F 00 68 0F 00 43 00 00 00 00 00 02 10 01 00 56 16 02 16 
11:06:03.530-<<<<-接收-68 1D 00 83 0C 10 00 00 04 03 CC CC CC CC CC CC 01 BE BE BE BE BE F0 80 00 00 00 95 16 
11:07:54.778->>>>-发送-68 0F 00 43 00 00 00 00 00 00 F0 20 03 56 16 
11:07:54.844-<<<<-接收-68 17 00 C3 00 00 40 00 00 01 F0 04 03 01 37 03 00 00 00 00 01 37 16 
11:07:56.002->>>>-发送-68 10 00 43 00 00 00 00 00 01 F0 80 03 01 B8 16 
11:07:56.076-<<<<-接收-68 15 00 83 00 20 00 00 FC 01 00 01 00 00 00 00 00 02 00 A3 16 
11:07:57.858->>>>-发送-68 2C 00 C3 05 00 00 00 00 03 01 BE BE BE BE BE 37 03 00 00 00 00 F0 80 00 0F 00 68 0F 00 43 00 00 00 00 00 02 10 01 00 56 16 74 16 
11:07:58.209-<<<<-接收-68 30 00 83 04 00 00 00 00 03 37 03 00 00 00 00 01 BE BE BE BE BE F0 80 00 13 00 68 13 00 83 08 10 40 00 FE 02 10 01 00 04 00 F8 03 EB 16 65 16 
11:07:58.212->>>>-发送-68 2F 00 C3 05 00 00 00 00 05 01 BE BE BE BE BE 37 03 00 00 00 00 F0 80 00 12 00 68 12 00 43 00 00 00 00 00 04 10 10 02 01 00 05 6F 16 AE 16 
11:07:58.583-<<<<-接收-68 52 00 83 04 00 00 00 00 05 37 03 00 00 00 00 01 BE BE BE BE BE F0 80 00 35 00 68 35 00 83 08 F0 40 00 FC 04 10 10 02 03 00 01 00 03 37 03 00 00 00 00 01 00 00 00 40 EB EB EB EB EB EB 02 00 01 00 11 35 00 00 00 00 00 03 00 01 00 11 3F 16 53 16 
