16:13:18.317->>>>-发送-68 0F 00 43 00 00 00 B0 04 00 03 01 00 FB 16 
16:13:18.395-<<<<-接收-68 18 00 83 00 00 00 00 00 00 03 01 00 5A 57 32 30 28 10 17 11 10 0A 16 
16:13:28.537->>>>-发送-68 0F 00 43 00 00 00 B0 04 00 03 08 00 02 16 
16:13:28.615-<<<<-接收-68 15 00 83 00 00 00 00 00 00 03 08 00 77 66 55 44 33 22 59 16 
16:13:45.992->>>>-发送-68 13 00 40 03 00 04 03 03 E8 85 03 00 00 00 00 40 FD 16 
16:13:46.086-<<<<-接收-68 10 00 83 00 00 00 00 00 E8 00 02 00 04 71 16 
16:14:26.449->>>>-发送-68 0C 00 40 03 01 03 03 00 E8 32 16 
16:15:15.673->>>>-发送-68 0C 00 40 03 02 01 03 00 E8 31 16 
16:16:06.241->>>>-发送-68 0F 00 43 00 00 00 B0 04 00 02 04 00 FD 16 
16:16:06.319-<<<<-接收-68 10 00 83 00 00 00 00 00 00 00 02 00 0A 8F 16 
16:17:33.061->>>>-发送-68 2F 00 40 02 00 07 02 02 E8 00 01 80 02 85 03 00 00 00 00 01 00 00 00 00 00 00 50 10 68 AA AA AA AA AA AA 68 11 04 35 37 33 37 B7 16 25 16 
16:17:33.170-<<<<-接收-68 10 00 83 00 00 00 00 00 E8 00 02 00 0A 77 16 
