14:43:00.799->>>>-发送-68 87 00 43 04 00 00 B0 04 00 11 11 11 11 11 11 06 00 00 00 00 00 F1 01 00 02 00 68 00 FE FE FE FE 68 00 00 00 00 00 65 68 11 0A 39 33 33 33 33 33 33 33 34 33 55 16 FE FE FE FE 68 00 00 00 00 00 65 68 11 0A 39 33 33 33 33 33 33 33 34 33 55 16 FE FE FE FE 68 00 00 00 00 00 65 68 11 0A 39 33 33 33 33 33 33 33 34 33 55 16 FE FE FE FE 68 00 00 00 00 00 65 68 11 0A 39 33 33 33 33 33 33 33 34 33 55 16 A3 16 
14:43:25.145-<<<<-接收-68 10 00 83 00 00 00 00 00 00 00 02 00 0B 90 16 
14:44:39.981->>>>-发送-68 87 00 43 04 00 00 B0 04 00 11 11 11 11 11 11 06 00 00 00 00 00 F1 01 00 02 00 68 00 FE FE FE FE 68 00 00 00 00 00 65 68 11 0A 39 33 33 33 33 33 33 33 34 33 55 16 FE FE FE FE 68 00 00 00 00 00 65 68 11 0A 39 33 33 33 33 33 34 34 33 37 5A 16 FE FE FE FE 68 00 00 00 00 00 65 68 11 0A 39 33 33 33 33 33 33 35 34 35 59 16 FE FE FE FE 68 00 00 00 00 00 65 68 11 0A 39 33 33 33 33 33 33 34 C3 33 E5 16 D5 16 
14:45:04.328-<<<<-接收-68 10 00 83 00 00 00 00 00 00 00 02 00 0B 90 16 
14:45:47.520->>>>-发送-68 87 00 43 04 00 00 B0 04 00 11 11 11 11 11 11 06 00 00 00 00 00 F1 01 00 02 00 68 00 FE FE FE FE 68 00 00 00 00 00 65 68 11 0A 39 33 33 33 33 33 33 33 34 33 55 16 FE FE FE FE 68 00 00 00 00 00 65 68 11 0A 39 33 33 33 33 33 34 34 33 37 5A 16 FE FE FE FE 68 00 00 00 00 00 65 68 11 0A 39 33 33 33 33 33 33 35 34 35 59 16 FE FE FE FE 68 00 00 00 00 00 65 68 11 0A 39 33 33 33 33 33 33 34 C3 33 E5 16 D5 16 
14:46:11.866-<<<<-接收-68 10 00 83 00 00 00 00 00 00 00 02 00 0B 90 16 
14:47:06.075->>>>-发送-68 87 00 43 04 00 00 B0 04 00 77 66 55 44 33 22 06 00 00 00 00 00 F1 01 00 02 00 68 00 FE FE FE FE 68 00 00 00 00 00 65 68 11 0A 39 33 33 33 33 33 33 33 34 33 55 16 FE FE FE FE 68 00 00 00 00 00 65 68 11 0A 39 33 33 33 33 33 34 34 33 37 5A 16 FE FE FE FE 68 00 00 00 00 00 65 68 11 0A 39 33 33 33 33 33 33 35 34 35 59 16 FE FE FE FE 68 00 00 00 00 00 65 68 11 0A 39 33 33 33 33 33 33 34 C3 33 E5 16 3A 16 
14:47:30.421-<<<<-接收-68 10 00 83 00 00 00 00 00 00 00 02 00 0B 90 16 
14:48:12.238->>>>-发送-68 87 00 43 04 00 00 B0 04 00 77 66 55 44 33 22 06 00 00 00 00 00 F1 01 00 02 00 68 00 FE FE FE FE 68 00 00 00 00 00 65 68 11 0A 39 33 33 33 33 33 33 33 34 33 55 16 FE FE FE FE 68 00 00 00 00 00 65 68 11 0A 39 33 33 33 33 33 34 34 33 37 5A 16 FE FE FE FE 68 00 00 00 00 00 65 68 11 0A 39 33 33 33 33 33 33 35 34 35 59 16 FE FE FE FE 68 00 00 00 00 00 65 68 11 0A 39 33 33 33 33 33 33 34 C3 33 E5 16 3A 16 
14:48:36.569-<<<<-接收-68 10 00 83 00 00 00 00 00 00 00 02 00 0B 90 16 
14:50:04.961->>>>-发送-68 39 00 43 04 00 00 B0 04 00 77 66 55 44 33 22 06 00 00 00 00 00 F1 01 00 02 00 68 00 FE FE FE FE 68 00 00 00 00 00 65 68 11 0A 39 33 33 33 33 33 33 33 34 33 55 16 E0 16 
14:50:39.793->>>>-发送-68 39 00 43 04 00 00 B0 04 00 77 66 55 44 33 22 06 00 00 00 00 00 F1 01 00 02 00 68 00 FE FE FE FE 68 00 00 00 00 00 65 68 11 0A 39 33 33 33 33 33 33 33 34 33 55 16 E0 16 
14:51:43.613->>>>-发送-68 39 00 43 04 00 00 B0 04 00 77 66 55 44 33 22 06 00 00 00 00 00 F1 01 00 02 00 68 00 FE FE FE FE 68 00 00 00 00 00 65 68 11 0A 39 33 33 33 33 33 33 33 34 33 55 16 E0 16 
14:56:03.953->>>>-发送-68 5B 00 43 04 00 00 B0 04 00 77 66 55 44 33 22 06 00 00 00 00 00 F1 01 00 02 00 3C 00 FE FE FE FE 68 06 00 00 00 00 00 68 11 04 35 34 33 37 BE 16 FE FE FE FE 68 06 00 00 00 00 00 68 11 04 34 34 39 38 C4 16 FE FE FE FE 68 06 00 00 00 00 00 68 11 04 35 34 33 37 BE 16 A6 16 
14:56:05.656-<<<<-接收-68 74 00 83 0C 10 00 00 04 00 06 00 00 00 00 00 77 66 55 44 33 22 F1 01 00 02 56 00 FE FE FE FE 68 06 00 00 00 00 00 68 91 07 35 34 33 37 37 89 47 48 16 FE FE FE FE 68 06 00 00 00 00 00 68 91 18 34 34 39 38 33 33 33 33 33 33 33 33 33 33 33 33 33 33 33 33 33 33 33 33 54 16 FE FE FE FE 68 06 00 00 00 00 00 68 91 07 35 34 33 37 37 89 47 48 16 B0 16 
14:56:08.407->>>>-发送-68 5B 00 43 04 00 00 B0 04 00 77 66 55 44 33 22 06 00 00 00 00 00 F1 01 00 02 00 3C 00 FE FE FE FE 68 06 00 00 00 00 00 68 11 04 35 34 33 37 BE 16 FE FE FE FE 68 06 00 00 00 00 00 68 11 04 34 34 39 38 C4 16 FE FE FE FE 68 06 00 00 00 00 00 68 11 04 35 34 33 37 BE 16 A6 16 
14:56:09.922-<<<<-接收-68 74 00 83 0C 10 00 00 04 00 06 00 00 00 00 00 77 66 55 44 33 22 F1 01 00 02 56 00 FE FE FE FE 68 06 00 00 00 00 00 68 91 07 35 34 33 37 3B 89 47 4C 16 FE FE FE FE 68 06 00 00 00 00 00 68 91 18 34 34 39 38 33 33 33 33 33 33 33 33 33 33 33 33 33 33 33 33 33 33 33 33 54 16 FE FE FE FE 68 06 00 00 00 00 00 68 91 07 35 34 33 37 3C 89 47 4D 16 C2 16 
14:56:20.845->>>>-发送-68 5B 00 43 04 00 00 B0 04 00 77 66 55 44 33 22 06 00 00 00 00 00 F1 01 00 02 00 3C 00 FE FE FE FE 68 06 00 00 00 00 00 68 11 04 35 34 33 37 BE 16 FE FE FE FE 68 06 00 00 00 00 00 68 11 04 34 34 39 38 C4 16 FE FE FE FE 68 06 00 00 00 00 00 68 11 04 35 34 33 37 BE 16 A6 16 
14:56:22.518-<<<<-接收-68 74 00 83 0C 10 00 00 04 00 06 00 00 00 00 00 77 66 55 44 33 22 F1 01 00 02 56 00 FE FE FE FE 68 06 00 00 00 00 00 68 91 07 35 34 33 37 54 89 47 65 16 FE FE FE FE 68 06 00 00 00 00 00 68 91 18 34 34 39 38 33 33 33 33 33 33 33 33 33 33 33 33 33 33 33 33 33 33 33 33 54 16 FE FE FE FE 68 06 00 00 00 00 00 68 91 07 35 34 33 37 54 89 47 65 16 24 16 
14:57:00.959->>>>-发送-68 5B 00 43 04 00 00 B0 04 00 77 66 55 44 33 22 06 00 00 00 00 00 F1 01 00 02 00 3C 00 FE FE FE FE 68 06 00 00 00 00 00 68 11 04 35 34 33 37 BE 16 FE FE FE FE 68 06 00 00 00 00 00 68 11 04 34 34 39 38 C4 16 FE FE FE FE 68 06 00 00 00 00 00 68 11 04 35 34 33 37 BE 16 A6 16 
14:57:02.678-<<<<-接收-68 74 00 83 0C 10 00 00 04 00 06 00 00 00 00 00 77 66 55 44 33 22 F1 01 00 02 56 00 FE FE FE FE 68 06 00 00 00 00 00 68 91 07 35 34 33 37 34 8A 47 46 16 FE FE FE FE 68 06 00 00 00 00 00 68 91 18 34 34 39 38 33 33 33 33 33 33 33 33 33 33 33 33 33 33 33 33 33 33 33 33 54 16 FE FE FE FE 68 06 00 00 00 00 00 68 91 07 35 34 33 37 34 8A 47 46 16 A8 16 
14:57:56.856->>>>-发送-68 5B 00 43 04 00 00 B0 04 00 77 66 55 44 33 22 06 00 00 00 00 00 F1 01 00 02 00 3C 00 FE FE FE FE 68 06 00 00 00 00 00 68 11 04 35 34 33 37 BE 16 FE FE FE FE 68 06 00 00 00 00 00 68 11 04 34 34 39 38 C4 16 FE FE FE FE 68 06 00 00 00 00 00 68 11 04 35 34 33 37 BE 16 A6 16 
14:57:58.465-<<<<-接收-68 74 00 83 0C 10 00 00 04 00 06 00 00 00 00 00 77 66 55 44 33 22 F1 01 00 02 56 00 FE FE FE FE 68 06 00 00 00 00 00 68 91 07 35 34 33 37 8A 8A 47 9C 16 FE FE FE FE 68 06 00 00 00 00 00 68 91 18 34 34 39 38 33 33 33 33 33 33 33 33 33 33 33 33 33 33 33 33 33 33 33 33 54 16 FE FE FE FE 68 06 00 00 00 00 00 68 91 07 35 34 33 37 8A 8A 47 9C 16 00 16 
14:58:25.494->>>>-发送-68 5B 00 43 04 00 00 B0 04 00 77 66 55 44 33 22 06 00 00 00 00 00 F1 01 00 02 00 3C 00 FE FE FE FE 68 06 00 00 00 00 00 68 11 04 35 34 33 37 BE 16 FE FE FE FE 68 06 00 00 00 00 00 68 11 04 34 34 39 38 C4 16 FE FE FE FE 68 06 00 00 00 00 00 68 11 04 35 34 33 37 BE 16 A6 16 
14:58:26.963-<<<<-接收-68 74 00 83 0C 10 00 00 04 00 06 00 00 00 00 00 77 66 55 44 33 22 F1 01 00 02 56 00 FE FE FE FE 68 06 00 00 00 00 00 68 91 07 35 34 33 37 58 8B 47 6B 16 FE FE FE FE 68 06 00 00 00 00 00 68 91 18 34 34 39 38 33 33 33 33 33 33 33 33 33 33 33 33 33 33 33 33 33 33 33 33 54 16 FE FE FE FE 68 06 00 00 00 00 00 68 91 07 35 34 33 37 59 8B 47 6C 16 3E 16 
