10:19:45.963->>>>-发送-68 0F 00 43 00 00 00 B0 04 00 10 40 0D 54 16 
10:19:49.667-<<<<-接收-68 19 00 83 F8 10 00 00 04 00 10 40 0D 01 90 BD 6D 00 00 01 01 01 02 AC 16 
10:20:08.028->>>>-发送-68 12 00 43 00 00 00 B0 04 00 10 10 02 01 00 02 1C 16 
10:20:10.966-<<<<-接收-68 1F 00 83 F8 F0 00 00 FE 00 10 10 02 01 00 01 00 01 00 00 01 01 01 02 01 00 01 00 40 D5 16 
10:23:23.424->>>>-发送-68 0F 00 43 00 00 00 B0 04 00 10 40 0D 54 16 
10:23:23.642-<<<<-接收-68 19 00 83 F8 10 00 00 04 00 10 40 0D 01 00 00 00 00 00 01 01 01 02 F2 16 
10:23:43.629->>>>-发送-68 0F 00 43 00 00 00 B0 04 00 10 40 0D 54 16 
10:23:43.863-<<<<-接收-68 19 00 83 F8 10 00 00 04 00 10 40 0D 01 00 00 00 00 00 01 01 01 02 F2 16 
15:00:37.130->>>>-发送-68 0F 00 43 00 00 00 B0 04 00 03 01 00 FB 16 
15:00:38.737-<<<<-接收-68 18 00 83 F8 F0 00 00 FE 00 03 01 00 5A 57 31 30 20 10 16 10 20 F5 16 
15:00:45.735->>>>-发送-68 0F 00 43 00 00 00 B0 04 00 03 01 00 FB 16 
15:00:47.385-<<<<-接收-68 18 00 83 F8 F0 00 00 FE 00 03 01 00 5A 57 31 30 20 10 16 10 20 F5 16 
15:01:01.994->>>>-发送-68 12 00 43 00 00 00 B0 04 00 10 10 02 01 00 02 1C 16 
15:01:04.729-<<<<-接收-68 1F 00 83 F8 F0 00 00 FE 00 10 10 02 01 00 01 00 01 BB BB BB BB BB BB 01 00 01 00 40 32 16 
15:01:09.718->>>>-发送-68 0F 00 43 00 00 00 B0 04 00 10 40 0D 54 16 
15:01:12.440-<<<<-接收-68 19 00 83 F8 10 00 00 04 00 10 40 0D 01 08 F1 18 BB BB BB BB BB BB 60 16 
15:02:33.088->>>>-发送-68 2E 00 43 04 00 00 B0 04 00 11 11 11 11 11 11 06 00 00 00 00 00 02 01 00 02 11 FE 68 06 00 00 00 00 00 68 11 04 33 32 34 35 B9 16 03 16 
16:38:36.244->>>>-发送-68 1B 00 43 04 00 00 B0 04 00 11 11 11 11 11 11 06 00 00 00 00 00 F0 80 18 EF 16 
16:50:13.804->>>>-发送-68 1C 00 43 04 00 00 B0 04 00 11 11 11 11 11 11 06 00 00 00 00 00 F0 80 18 31 20 16 
16:50:36.716->>>>-发送-68 1B 00 43 04 00 00 B0 04 00 11 11 11 11 11 11 06 00 00 00 00 00 03 08 00 72 16 
16:50:38.138-<<<<-接收-68 21 00 83 0C F0 00 00 FE 00 06 00 00 00 00 00 11 11 11 11 11 11 03 08 00 BB BB BB BB BB BB 56 16 
16:50:38.180->>>>-发送-68 1C 00 43 04 00 00 B0 04 00 11 11 11 11 11 11 06 00 00 00 00 00 F0 80 18 31 20 16 
16:51:08.260->>>>-发送-68 1C 00 43 04 00 00 B0 04 00 11 11 11 11 11 11 06 00 00 00 00 00 F0 80 18 32 21 16 
16:56:13.166->>>>-发送-68 1C 00 43 04 00 00 B0 04 00 11 11 11 11 11 11 06 00 00 00 00 00 F0 80 18 32 21 16 
16:57:54.180->>>>-发送-68 1C 00 43 04 00 00 B0 04 00 11 11 11 11 11 11 06 00 00 00 00 00 F0 80 18 11 00 16 
16:58:36.652->>>>-发送-68 1C 00 43 04 00 00 B0 04 00 11 11 11 11 11 11 06 00 00 00 00 00 F0 80 18 13 02 16 
16:59:26.946->>>>-发送-68 1C 00 43 04 00 00 B0 04 00 11 11 11 11 11 11 06 00 00 00 00 00 F0 80 18 20 0F 16 
17:00:09.499->>>>-发送-68 1C 00 43 04 00 00 B0 04 00 11 11 11 11 11 11 06 00 00 00 00 00 F0 80 18 29 18 16 
17:02:10.699->>>>-发送-68 1C 00 43 04 00 00 B0 04 00 11 11 11 11 11 11 06 00 00 00 00 00 F0 80 18 2B 1A 16 
17:02:43.209->>>>-发送-68 1C 00 43 04 00 00 B0 04 00 11 11 11 11 11 11 06 00 00 00 00 00 F0 80 18 2D 1C 16 
17:03:45.692->>>>-发送-68 1C 00 43 04 00 00 B0 04 00 11 11 11 11 11 11 06 00 00 00 00 00 F0 80 18 2F 1E 16 
17:04:32.739->>>>-发送-68 1C 00 43 04 00 00 B0 04 00 11 11 11 11 11 11 06 00 00 00 00 00 F0 80 18 2F 1E 16 
17:04:47.291->>>>-发送-68 1C 00 43 04 00 00 B0 04 00 11 11 11 11 11 11 06 00 00 00 00 00 F0 80 18 2F 1E 16 
17:06:08.946->>>>-发送-68 1C 00 43 04 00 00 B0 04 00 11 11 11 11 11 11 06 00 00 00 00 00 F0 80 18 32 21 16 
17:06:34.634->>>>-发送-68 1C 00 43 04 00 00 B0 04 00 11 11 11 11 11 11 06 00 00 00 00 00 F0 80 18 34 23 16 
17:08:18.428->>>>-发送-68 1C 00 43 04 00 00 B0 04 00 11 11 11 11 11 11 06 00 00 00 00 00 F0 80 18 34 23 16 
