09:41:38.608->>>>-发送-68 0F 00 43 00 00 00 B0 04 00 03 01 00 FB 16 
09:41:38.702-<<<<-接收-68 18 00 83 F8 F0 00 00 FE 00 03 01 00 5A 57 31 30 20 10 16 10 20 F5 16 
09:41:50.750->>>>-发送-68 0F 00 43 00 00 00 B0 04 00 03 01 00 FB 16 
09:41:50.844-<<<<-接收-68 18 00 83 F8 F0 00 00 FE 00 03 01 00 5A 57 31 30 20 10 16 10 20 F5 16 
09:41:56.282->>>>-发送-68 0F 00 43 00 00 00 B0 04 00 03 01 00 FB 16 
09:41:56.376-<<<<-接收-68 18 00 83 F8 F0 00 00 FE 00 03 01 00 5A 57 31 30 20 10 16 10 20 F5 16 
09:45:09.662->>>>-发送-68 12 00 43 00 00 00 B0 04 00 10 02 00 01 00 0A 14 16 
09:45:09.802-<<<<-接收-68 3A 00 83 F8 F0 00 00 FE 00 10 02 00 05 00 05 00 01 00 00 00 00 00 10 06 00 00 00 00 00 00 10 11 11 11 11 11 11 00 10 08 08 08 08 08 08 00 10 07 00 00 00 00 00 00 10 79 16 
09:45:11.334->>>>-发送-68 12 00 43 00 00 00 B0 04 00 10 02 00 01 00 0A 14 16 
09:45:11.490-<<<<-接收-68 3A 00 83 F8 F0 00 00 FE 00 10 02 00 05 00 05 00 01 00 00 00 00 00 10 06 00 00 00 00 00 00 10 11 11 11 11 11 11 00 10 08 08 08 08 08 08 00 10 07 00 00 00 00 00 00 10 79 16 
09:45:12.225->>>>-发送-68 12 00 43 00 00 00 B0 04 00 10 02 00 01 00 0A 14 16 
09:45:12.365-<<<<-接收-68 3A 00 83 F8 F0 00 00 FE 00 10 02 00 05 00 05 00 01 00 00 00 00 00 10 06 00 00 00 00 00 00 10 11 11 11 11 11 11 00 10 08 08 08 08 08 08 00 10 07 00 00 00 00 00 00 10 79 16 
09:45:12.928->>>>-发送-68 12 00 43 00 00 00 B0 04 00 10 02 00 01 00 0A 14 16 
09:45:13.068-<<<<-接收-68 3A 00 83 F8 10 00 00 FE 00 10 02 00 05 00 05 00 01 00 00 00 00 00 10 06 00 00 00 00 00 00 10 11 11 11 11 11 11 00 10 08 08 08 08 08 08 00 10 07 00 00 00 00 00 00 10 99 16 
09:45:13.787->>>>-发送-68 12 00 43 00 00 00 B0 04 00 10 02 00 01 00 0A 14 16 
09:45:13.928-<<<<-接收-68 3A 00 83 F8 10 00 00 00 00 10 02 00 05 00 05 00 01 00 00 00 00 00 10 06 00 00 00 00 00 00 10 11 11 11 11 11 11 00 10 08 08 08 08 08 08 00 10 07 00 00 00 00 00 00 10 9B 16 
09:45:14.772->>>>-发送-68 12 00 43 00 00 00 B0 04 00 10 02 00 01 00 0A 14 16 
09:45:14.928-<<<<-接收-68 3A 00 83 00 00 00 00 FE 00 10 02 00 05 00 05 00 01 00 00 00 00 00 10 06 00 00 00 00 00 00 10 11 11 11 11 11 11 00 10 08 08 08 08 08 08 00 10 07 00 00 00 00 00 00 10 91 16 
09:45:15.397->>>>-发送-68 12 00 43 00 00 00 B0 04 00 10 02 00 01 00 0A 14 16 
09:45:15.553-<<<<-接收-68 3A 00 83 00 00 00 00 FE 00 10 02 00 05 00 05 00 01 00 00 00 00 00 10 06 00 00 00 00 00 00 10 11 11 11 11 11 11 00 10 08 08 08 08 08 08 00 10 07 00 00 00 00 00 00 10 91 16 
09:45:15.975->>>>-发送-68 12 00 43 00 00 00 B0 04 00 10 02 00 01 00 0A 14 16 
09:45:16.131-<<<<-接收-68 3A 00 83 00 00 00 00 FE 00 10 02 00 05 00 05 00 01 00 00 00 00 00 10 06 00 00 00 00 00 00 10 11 11 11 11 11 11 00 10 08 08 08 08 08 08 00 10 07 00 00 00 00 00 00 10 91 16 
09:45:16.663->>>>-发送-68 12 00 43 00 00 00 B0 04 00 10 02 00 01 00 0A 14 16 
09:45:16.819-<<<<-接收-68 3A 00 83 00 00 00 00 FE 00 10 02 00 05 00 05 00 01 00 00 00 00 00 10 06 00 00 00 00 00 00 10 11 11 11 11 11 11 00 10 08 08 08 08 08 08 00 10 07 00 00 00 00 00 00 10 91 16 
09:45:17.225->>>>-发送-68 12 00 43 00 00 00 B0 04 00 10 02 00 01 00 0A 14 16 
09:45:17.381-<<<<-接收-68 3A 00 83 00 00 00 00 FE 00 10 02 00 05 00 05 00 01 00 00 00 00 00 10 06 00 00 00 00 00 00 10 11 11 11 11 11 11 00 10 08 08 08 08 08 08 00 10 07 00 00 00 00 00 00 10 91 16 
09:45:17.803->>>>-发送-68 12 00 43 00 00 00 B0 04 00 10 02 00 01 00 0A 14 16 
09:45:17.944-<<<<-接收-68 3A 00 83 00 00 00 00 FE 00 10 02 00 05 00 05 00 01 00 00 00 00 00 10 06 00 00 00 00 00 00 10 11 11 11 11 11 11 00 10 08 08 08 08 08 08 00 10 07 00 00 00 00 00 00 10 91 16 
09:45:18.397->>>>-发送-68 12 00 43 00 00 00 B0 04 00 10 02 00 01 00 0A 14 16 
09:45:18.538-<<<<-接收-68 3A 00 83 00 00 00 00 FE 00 10 02 00 05 00 05 00 01 00 00 00 00 00 10 06 00 00 00 00 00 00 10 11 11 11 11 11 11 00 10 08 08 08 08 08 08 00 10 07 00 00 00 00 00 00 10 91 16 
09:45:18.960->>>>-发送-68 12 00 43 00 00 00 B0 04 00 10 02 00 01 00 0A 14 16 
09:45:19.100-<<<<-接收-68 3A 00 83 00 00 00 00 FE 00 10 02 00 05 00 05 00 01 00 00 00 00 00 10 06 00 00 00 00 00 00 10 11 11 11 11 11 11 00 10 08 08 08 08 08 08 00 10 07 00 00 00 00 00 00 10 91 16 
09:45:19.522->>>>-发送-68 12 00 43 00 00 00 B0 04 00 10 02 00 01 00 0A 14 16 
09:45:19.679-<<<<-接收-68 3A 00 83 00 00 00 00 FE 00 10 02 00 05 00 05 00 01 00 00 00 00 00 10 06 00 00 00 00 00 00 10 11 11 11 11 11 11 00 10 08 08 08 08 08 08 00 10 07 00 00 00 00 00 00 10 91 16 
09:45:20.085->>>>-发送-68 12 00 43 00 00 00 B0 04 00 10 02 00 01 00 0A 14 16 
09:45:20.210-<<<<-接收-68 3A 00 83 00 00 00 00 FE 00 10 02 00 05 00 05 00 01 00 00 00 00 00 10 06 00 00 00 00 00 00 10 11 11 11 11 11 11 00 10 08 08 08 08 08 08 00 10 07 00 00 00 00 00 00 10 91 16 
09:45:20.679->>>>-发送-68 12 00 43 00 00 00 B0 04 00 10 02 00 01 00 0A 14 16 
09:45:20.835-<<<<-接收-68 3A 00 83 00 00 00 00 FE 00 10 02 00 05 00 05 00 01 00 00 00 00 00 10 06 00 00 00 00 00 00 10 11 11 11 11 11 11 00 10 08 08 08 08 08 08 00 10 07 00 00 00 00 00 00 10 91 16 
09:45:21.241->>>>-发送-68 12 00 43 00 00 00 B0 04 00 10 02 00 01 00 0A 14 16 
09:45:21.382-<<<<-接收-68 3A 00 83 00 00 00 00 FE 00 10 02 00 05 00 05 00 01 00 00 00 00 00 10 06 00 00 00 00 00 00 10 11 11 11 11 11 11 00 10 08 08 08 08 08 08 00 10 07 00 00 00 00 00 00 10 91 16 
09:45:21.835->>>>-发送-68 12 00 43 00 00 00 B0 04 00 10 02 00 01 00 0A 14 16 
09:45:21.976-<<<<-接收-68 3A 00 83 00 00 00 00 FE 00 10 02 00 05 00 05 00 01 00 00 00 00 00 10 06 00 00 00 00 00 00 10 11 11 11 11 11 11 00 10 08 08 08 08 08 08 00 10 07 00 00 00 00 00 00 10 91 16 
09:45:22.382->>>>-发送-68 12 00 43 00 00 00 B0 04 00 10 02 00 01 00 0A 14 16 
09:45:22.523-<<<<-接收-68 3A 00 83 00 00 00 00 FE 00 10 02 00 05 00 05 00 01 00 00 00 00 00 10 06 00 00 00 00 00 00 10 11 11 11 11 11 11 00 10 08 08 08 08 08 08 00 10 07 00 00 00 00 00 00 10 91 16 
09:45:22.944->>>>-发送-68 12 00 43 00 00 00 B0 04 00 10 02 00 01 00 0A 14 16 
09:45:23.101-<<<<-接收-68 3A 00 83 00 00 00 00 FE 00 10 02 00 05 00 05 00 01 00 00 00 00 00 10 06 00 00 00 00 00 00 10 11 11 11 11 11 11 00 10 08 08 08 08 08 08 00 10 07 00 00 00 00 00 00 10 91 16 
09:45:23.538->>>>-发送-68 12 00 43 00 00 00 B0 04 00 10 02 00 01 00 0A 14 16 
09:45:23.695-<<<<-接收-68 3A 00 83 00 00 00 00 FE 00 10 02 00 05 00 05 00 01 00 00 00 00 00 10 06 00 00 00 00 00 00 10 11 11 11 11 11 11 00 10 08 08 08 08 08 08 00 10 07 00 00 00 00 00 00 10 91 16 
09:45:24.116->>>>-发送-68 12 00 43 00 00 00 B0 04 00 10 02 00 01 00 0A 14 16 
09:45:24.257-<<<<-接收-68 3A 00 83 00 00 00 00 FE 00 10 02 00 05 00 05 00 01 00 00 00 00 00 10 06 00 00 00 00 00 00 10 11 11 11 11 11 11 00 10 08 08 08 08 08 08 00 10 07 00 00 00 00 00 00 10 91 16 
09:45:24.601->>>>-发送-68 12 00 43 00 00 00 B0 04 00 10 02 00 01 00 0A 14 16 
09:45:24.742-<<<<-接收-68 3A 00 83 00 00 00 00 FE 00 10 02 00 05 00 05 00 01 00 00 00 00 00 10 06 00 00 00 00 00 00 10 11 11 11 11 11 11 00 10 08 08 08 08 08 08 00 10 07 00 00 00 00 00 00 10 91 16 
09:45:25.132->>>>-发送-68 12 00 43 00 00 00 B0 04 00 10 02 00 01 00 0A 14 16 
09:45:25.273-<<<<-接收-68 3A 00 83 00 00 00 00 FE 00 10 02 00 05 00 05 00 01 00 00 00 00 00 10 06 00 00 00 00 00 00 10 11 11 11 11 11 11 00 10 08 08 08 08 08 08 00 10 07 00 00 00 00 00 00 10 91 16 
09:45:25.570->>>>-发送-68 12 00 43 00 00 00 B0 04 00 10 02 00 01 00 0A 14 16 
09:45:25.710-<<<<-接收-68 3A 00 83 00 00 00 00 FE 00 10 02 00 05 00 05 00 01 00 00 00 00 00 10 06 00 00 00 00 00 00 10 11 11 11 11 11 11 00 10 08 08 08 08 08 08 00 10 07 00 00 00 00 00 00 10 91 16 
09:45:26.320->>>>-发送-68 12 00 43 00 00 00 B0 04 00 10 02 00 01 00 0A 14 16 
09:45:26.476-<<<<-接收-68 3A 00 83 00 00 00 00 FE 00 10 02 00 05 00 05 00 01 00 00 00 00 00 10 06 00 00 00 00 00 00 10 11 11 11 11 11 11 00 10 08 08 08 08 08 08 00 10 07 00 00 00 00 00 00 10 91 16 
09:45:26.804->>>>-发送-68 12 00 43 00 00 00 B0 04 00 10 02 00 01 00 0A 14 16 
09:45:26.945-<<<<-接收-68 3A 00 83 00 00 00 00 FE 00 10 02 00 05 00 05 00 01 00 00 00 00 00 10 06 00 00 00 00 00 00 10 11 11 11 11 11 11 00 10 08 08 08 08 08 08 00 10 07 00 00 00 00 00 00 10 91 16 
09:45:27.336->>>>-发送-68 12 00 43 00 00 00 B0 04 00 10 02 00 01 00 0A 14 16 
09:45:27.476-<<<<-接收-68 3A 00 83 F8 10 00 00 00 00 10 02 00 05 00 05 00 01 00 00 00 00 00 10 06 00 00 00 00 00 00 10 11 11 11 11 11 11 00 10 08 08 08 08 08 08 00 10 07 00 00 00 00 00 00 10 9B 16 
09:45:27.929->>>>-发送-68 12 00 43 00 00 00 B0 04 00 10 02 00 01 00 0A 14 16 
09:45:28.070-<<<<-接收-68 3A 00 83 00 00 00 00 FE 00 10 02 00 05 00 05 00 01 00 00 00 00 00 10 06 00 00 00 00 00 00 10 11 11 11 11 11 11 00 10 08 08 08 08 08 08 00 10 07 00 00 00 00 00 00 10 91 16 
09:45:28.226->>>>-发送-68 12 00 43 00 00 00 B0 04 00 10 02 00 01 00 0A 14 16 
09:45:28.383-<<<<-接收-68 3A 00 83 F8 10 00 00 FE 00 10 02 00 05 00 05 00 01 00 00 00 00 00 10 06 00 00 00 00 00 00 10 11 11 11 11 11 11 00 10 08 08 08 08 08 08 00 10 07 00 00 00 00 00 00 10 99 16 
12:03:16.321->>>>-发送-68 0F 00 43 00 00 00 B0 04 00 10 40 0D 54 16 
12:03:16.446-<<<<-接收-68 1C 00 83 00 00 00 00 00 00 10 40 0D 02 87 5A 5B 14 72 58 36 91 23 DB B6 00 77 16 
12:03:27.495->>>>-发送-68 0F 00 43 00 00 00 B0 04 00 10 40 0D 54 16 
12:03:27.620-<<<<-接收-68 1C 00 83 00 00 00 00 00 00 10 40 0D 02 87 5A 5B 14 72 58 36 91 23 DB B6 00 77 16 
12:03:49.591->>>>-发送-68 0F 00 43 00 00 00 B0 04 00 10 40 0D 54 16 
12:03:49.716-<<<<-接收-68 1C 00 83 00 00 00 00 00 00 10 40 0D 02 87 5A 5B 14 72 58 36 91 23 DB B6 00 77 16 
12:03:56.341->>>>-发送-68 0F 00 43 00 00 00 B0 04 00 10 40 0D 54 16 
12:03:56.482-<<<<-接收-68 1C 00 83 00 00 00 00 00 00 10 40 0D 02 87 5A 5B 14 72 58 36 91 23 DB B6 00 77 16 
12:04:28.392->>>>-发送-68 0F 00 43 00 00 00 B0 04 00 10 40 0D 54 16 
12:04:28.517-<<<<-接收-68 1C 00 83 00 00 00 00 00 00 10 40 0D 02 87 5A 5B 14 72 58 36 91 23 DB B6 00 77 16 
12:04:59.442->>>>-发送-68 12 00 43 00 00 00 B0 04 00 10 10 02 01 00 02 1C 16 
12:04:59.582-<<<<-接收-68 35 00 83 F8 F0 00 00 FE 00 10 10 02 03 00 01 00 03 14 72 58 36 91 23 01 00 01 00 40 06 00 00 00 00 00 02 00 01 00 11 00 01 00 00 00 00 03 00 01 00 11 CC 16 
15:20:03.163->>>>-发送-68 0F 00 43 00 00 00 B0 04 00 03 08 00 02 16 
15:20:40.183->>>>-发送-68 0F 00 43 00 00 00 B0 04 00 03 08 00 02 16 
15:21:30.697->>>>-发送-68 0F 00 43 00 00 00 B0 04 00 03 08 00 02 16 
15:23:29.965->>>>-发送-68 0F 00 43 00 00 00 B0 04 00 03 08 00 02 16 
15:28:44.389->>>>-发送-68 0F 00 43 00 00 00 B0 04 00 03 08 00 02 16 
15:29:15.429->>>>-发送-68 0F 00 43 00 00 00 B0 04 00 03 08 00 02 16 
15:30:35.493->>>>-发送-68 0F 00 43 00 00 00 B0 04 00 03 08 00 02 16 
15:30:52.360->>>>-发送-68 0F 00 43 00 00 00 B0 04 00 03 08 00 02 16 
15:30:52.470-<<<<-接收-68 15 00 83 F8 F0 00 00 FE 00 03 08 00 14 72 58 36 91 23 3C 16 
15:32:43.974->>>>-发送-68 12 00 43 00 00 00 B0 04 00 10 02 00 01 00 0A 14 16 
15:32:44.115-<<<<-接收-68 3A 00 83 F8 F0 00 00 FE 00 10 02 00 05 00 05 00 01 00 00 00 00 00 10 06 00 00 00 00 00 00 10 11 11 11 11 11 11 00 10 08 08 08 08 08 08 00 10 07 00 00 00 00 00 00 10 79 16 
15:33:06.430->>>>-发送-68 1B 00 43 04 00 00 B0 04 00 11 11 11 11 11 11 06 00 00 00 00 00 03 01 00 6B 16 
15:33:06.602-<<<<-接收-68 24 00 83 0C 60 00 00 20 00 06 00 00 00 00 00 11 11 11 11 11 11 03 01 00 5A 57 31 30 20 10 16 10 20 07 16 
15:33:29.526->>>>-发送-68 1B 00 43 04 00 00 B0 04 00 11 11 11 11 11 11 06 00 00 00 00 00 03 01 00 6B 16 
15:33:29.776-<<<<-接收-68 24 00 83 0C 60 00 00 20 00 06 00 00 00 00 00 11 11 11 11 11 11 03 01 00 5A 57 31 30 20 10 16 10 20 07 16 
15:33:35.277->>>>-发送-68 1B 00 43 04 00 00 B0 04 00 11 11 11 11 11 11 06 00 00 00 00 00 03 01 00 6B 16 
15:33:35.605-<<<<-接收-68 24 00 83 0C 60 00 00 20 00 06 00 00 00 00 00 11 11 11 11 11 11 03 01 00 5A 57 31 30 20 10 16 10 20 07 16 
15:33:39.480->>>>-发送-68 1B 00 43 04 00 00 B0 04 00 11 11 11 11 11 11 06 00 00 00 00 00 03 01 00 6B 16 
15:33:40.574-<<<<-接收-68 1C 00 83 04 00 00 00 00 00 CC CC CC CC CC CC 14 72 58 36 91 23 00 02 00 01 1A 16 
15:33:44.028->>>>-发送-68 1B 00 43 04 00 00 B0 04 00 11 11 11 11 11 11 06 00 00 00 00 00 03 01 00 6B 16 
15:33:45.122-<<<<-接收-68 1C 00 83 0C 10 00 00 00 00 CC CC CC CC CC CC 14 72 58 36 91 23 00 02 00 01 32 16 
15:33:51.779->>>>-发送-68 1B 00 43 04 00 00 B0 04 00 11 11 11 11 11 11 06 00 00 00 00 00 03 01 00 6B 16 
15:33:52.872-<<<<-接收-68 1C 00 83 0C 10 00 00 00 00 CC CC CC CC CC CC 14 72 58 36 91 23 00 02 00 01 32 16 
15:34:08.515->>>>-发送-68 1B 00 43 04 00 00 B0 04 00 11 11 11 11 11 11 06 00 00 00 00 00 03 01 00 6B 16 
15:34:08.687-<<<<-接收-68 24 00 83 0C 60 00 00 20 00 06 00 00 00 00 00 11 11 11 11 11 11 03 01 00 5A 57 31 30 20 10 16 10 20 07 16 
15:34:46.831->>>>-发送-68 1B 00 43 04 00 00 B0 04 00 11 11 11 11 11 11 06 00 00 00 00 00 03 01 00 6B 16 
15:34:47.175-<<<<-接收-68 24 00 83 0C 60 00 00 20 00 06 00 00 00 00 00 11 11 11 11 11 11 03 01 00 5A 57 31 30 20 10 16 10 20 07 16 
15:43:31.788->>>>-发送-68 1B 00 43 04 00 00 B0 04 00 11 11 11 11 11 11 06 00 00 00 00 00 03 01 00 6B 16 
15:43:32.886-<<<<-接收-68 1C 00 83 0C 10 00 00 00 00 CC CC CC CC CC CC 14 72 58 36 91 23 00 02 00 01 32 16 
15:43:35.154->>>>-发送-68 1B 00 43 04 00 00 B0 04 00 11 11 11 11 11 11 06 00 00 00 00 00 03 01 00 6B 16 
15:43:36.249-<<<<-接收-68 1C 00 83 0C 10 00 00 00 00 CC CC CC CC CC CC 14 72 58 36 91 23 00 02 00 01 32 16 
15:43:53.529->>>>-发送-68 1B 00 43 04 00 00 B0 04 00 11 11 11 11 11 11 06 00 00 00 00 00 03 01 00 6B 16 
15:43:53.647-<<<<-接收-68 1C 00 83 0C F0 00 00 FE 00 CC CC CC CC CC CC 14 72 58 36 91 23 00 02 00 0C 1B 16 
15:44:21.403->>>>-发送-68 1B 00 43 04 00 00 B0 04 00 11 11 11 11 11 11 06 00 00 00 00 00 03 01 00 6B 16 
15:44:21.679-<<<<-接收-68 24 00 83 0C 60 00 00 20 00 06 00 00 00 00 00 11 11 11 11 11 11 03 01 00 5A 57 31 30 20 10 16 10 20 07 16 
18:05:10.361->>>>-发送-68 12 00 43 00 00 00 B0 04 00 10 02 00 01 00 0A 14 16 
18:05:10.486-<<<<-接收-68 1A 00 83 F8 F0 00 00 FE 00 10 02 00 01 00 01 07 00 00 00 00 00 00 10 94 16 
18:05:27.769->>>>-发送-68 12 00 43 00 00 00 B0 04 00 10 02 00 01 00 0A 14 16 
18:05:27.878-<<<<-接收-68 1A 00 83 F8 F0 00 00 FE 00 10 02 00 01 00 01 07 00 00 00 00 00 00 10 94 16 
18:52:31.272->>>>-发送-68 12 00 43 00 00 00 B0 04 00 10 02 00 01 00 0A 14 16 
18:52:31.397-<<<<-接收-68 1A 00 83 F8 F0 00 00 FE 00 10 02 00 01 00 01 07 00 00 00 00 00 00 10 94 16 
19:06:54.943->>>>-发送-68 12 00 43 00 00 00 B0 04 00 10 02 00 01 00 0A 14 16 
19:06:55.068-<<<<-接收-68 1A 00 83 F8 F0 00 00 FE 00 10 02 00 01 00 01 07 00 00 00 00 00 00 10 94 16 
19:08:52.049->>>>-发送-68 12 00 43 00 00 00 B0 04 00 10 02 00 01 00 0A 14 16 
19:09:31.319->>>>-发送-68 12 00 43 00 00 00 B0 04 00 10 02 00 01 00 0A 14 16 
19:09:35.038-<<<<-接收-68 38 00 C3 00 00 00 00 00 01 03 02 01 B2 2F 01 01 00 00 28 0A 00 00 04 00 04 1E 01 00 00 96 40 00 F8 03 0A 00 28 06 16 27 06 16 5A 57 31 30 20 10 16 10 20 00 80 70 16 
19:09:43.680->>>>-发送-68 12 00 43 00 00 00 B0 04 00 10 02 00 01 00 0A 14 16 
19:09:43.883-<<<<-接收-68 62 00 83 F8 F0 00 00 FE 00 10 02 00 0A 00 0A 07 00 00 00 00 00 00 10 00 02 00 00 00 00 00 10 01 02 00 00 00 00 00 10 02 02 00 00 00 00 00 10 03 02 00 00 00 00 00 10 04 02 00 00 00 00 00 10 05 02 00 00 00 00 00 10 06 02 00 00 00 00 00 10 07 02 00 00 00 00 00 10 08 02 00 00 00 00 00 10 6C 16 
19:10:14.292->>>>-发送-68 0F 00 43 00 00 00 B0 04 00 01 02 00 FA 16 
19:11:31.207->>>>-发送-68 0F 00 43 00 00 00 B0 04 00 01 02 00 FA 16 
19:15:28.643->>>>-发送-68 0F 00 43 00 00 00 B0 04 00 01 02 00 FA 16 
19:15:29.722-<<<<-接收-68 15 00 83 F8 F0 00 00 FE 00 00 01 00 00 00 00 00 00 00 6A 16 
19:15:37.879->>>>-发送-68 0F 00 43 00 00 00 B0 04 00 01 02 00 FA 16 
19:15:38.973-<<<<-接收-68 15 00 83 F8 F0 00 00 FE 00 00 01 00 00 00 00 00 00 00 6A 16 
19:15:39.035->>>>-发送-68 12 00 43 00 00 00 B0 04 00 10 02 00 01 00 0A 14 16 
19:15:46.676-<<<<-接收-68 38 00 C3 00 00 00 00 00 01 03 02 01 B2 2F 01 01 00 00 28 0A 00 00 04 00 04 1E BB BB BB BB BB BB F8 03 00 00 28 06 16 27 06 16 5A 57 31 30 20 10 16 10 20 00 80 F1 16 
19:15:49.114->>>>-发送-68 0F 00 43 00 00 00 B0 04 00 01 02 00 FA 16 
19:15:50.208-<<<<-接收-68 15 00 83 F8 F0 00 00 FE 00 00 01 00 00 00 00 00 00 00 6A 16 
19:15:50.271->>>>-发送-68 12 00 43 00 00 00 B0 04 00 10 02 00 01 00 0A 14 16 
19:15:57.928-<<<<-接收-68 38 00 C3 00 00 00 00 00 01 03 02 01 B2 2F 01 01 00 00 28 0A 00 00 04 00 04 1E BB BB BB BB BB BB F8 03 00 00 28 06 16 27 06 16 5A 57 31 30 20 10 16 10 20 00 80 F1 16 
19:53:58.138->>>>-发送-68 0F 00 43 00 00 00 B0 04 00 01 02 00 FA 16 
19:54:10.029-<<<<-接收-68 38 00 C3 00 00 00 00 00 01 03 02 01 B2 2F 01 01 00 00 28 0A 00 00 04 00 04 1E BB BB BB BB BB BB F8 03 14 00 28 06 16 27 06 16 5A 57 31 30 20 10 16 10 20 00 80 05 16 
19:54:10.108->>>>-发送-68 12 00 43 00 00 00 B0 04 00 10 02 00 01 00 0A 14 16 
19:54:10.311-<<<<-接收-68 62 00 83 F8 F0 00 00 FE 00 10 02 00 14 00 0A 00 02 00 00 00 00 00 10 01 02 00 00 00 00 00 10 02 02 00 00 00 00 00 10 03 02 00 00 00 00 00 10 04 02 00 00 00 00 00 10 05 02 00 00 00 00 00 10 06 02 00 00 00 00 00 10 07 02 00 00 00 00 00 10 08 02 00 00 00 00 00 10 09 02 00 00 00 00 00 10 7A 16 
19:54:15.218->>>>-发送-68 0F 00 43 00 00 00 B0 04 00 01 02 00 FA 16 
19:54:16.311-<<<<-接收-68 15 00 83 F8 F0 00 00 FE 00 00 01 00 00 00 00 00 00 00 6A 16 
19:54:16.390->>>>-发送-68 12 00 43 00 00 00 B0 04 00 10 02 00 01 00 0A 14 16 
19:54:24.031-<<<<-接收-68 38 00 C3 00 00 00 00 00 01 03 02 01 B2 2F 01 01 00 00 28 0A 00 00 04 00 04 1E BB BB BB BB BB BB F8 03 00 00 28 06 16 27 06 16 5A 57 31 30 20 10 16 10 20 00 80 F1 16 
20:38:58.732->>>>-发送-68 12 00 43 00 00 00 B0 04 00 10 02 00 01 00 0A 14 16 
20:38:58.826-<<<<-接收-68 12 00 83 F8 10 00 00 06 00 10 02 00 00 00 00 A3 16 
