12:14:34.948->>>>-发送-68 10 00 43 00 00 00 B0 04 00 05 02 00 01 FF 16 
12:14:35.026-<<<<-接收-68 15 00 83 00 00 00 00 00 00 00 01 00 00 00 00 00 02 00 86 16 
12:27:01.283->>>>-发送-68 10 00 43 00 00 00 B0 04 00 05 02 00 00 FE 16 
12:27:01.392-<<<<-接收-68 15 00 83 00 00 00 00 00 00 00 01 00 00 00 00 00 02 00 86 16 
14:20:26.801->>>>-发送-68 10 00 43 00 00 00 B0 04 00 05 02 00 01 FF 16 
14:20:26.895-<<<<-接收-68 15 00 83 08 F0 00 00 FE 00 00 01 00 00 00 00 00 02 00 7C 16 
14:25:37.893->>>>-发送-68 10 00 43 00 00 00 B0 04 00 05 02 00 01 FF 16 
14:25:37.971-<<<<-接收-68 15 00 83 08 F0 00 00 FE 00 00 01 00 00 00 00 00 02 00 7C 16 
14:34:40.823->>>>-发送-68 10 00 43 00 00 00 B0 04 00 05 02 00 01 FF 16 
14:36:42.225->>>>-发送-68 10 00 43 00 00 00 B0 04 00 05 02 00 01 FF 16 
14:37:01.305->>>>-发送-68 10 00 43 00 00 00 B0 04 00 05 02 00 01 FF 16 
14:37:01.383-<<<<-接收-68 15 00 83 08 F0 00 00 FE 00 00 01 00 00 00 00 00 02 00 7C 16 
14:39:13.209->>>>-发送-68 10 00 43 00 00 00 B0 04 00 05 02 00 01 FF 16 
14:39:13.287-<<<<-接收-68 15 00 83 08 F0 00 00 FE 00 00 01 00 00 00 00 00 02 00 7C 16 
14:40:12.169->>>>-发送-68 10 00 43 00 00 00 B0 04 00 05 02 00 01 FF 16 
14:40:12.247-<<<<-接收-68 15 00 83 08 F0 00 00 FE 00 00 01 00 00 00 00 00 02 00 7C 16 
14:52:14.949->>>>-发送-68 10 00 43 00 00 00 B0 04 00 05 02 00 01 FF 16 
14:52:15.027-<<<<-接收-68 15 00 83 00 00 00 00 00 00 00 01 00 00 00 00 00 02 00 86 16 
14:55:37.877->>>>-发送-68 10 00 43 00 00 00 B0 04 00 05 02 00 01 FF 16 
14:55:37.955-<<<<-接收-68 15 00 83 00 00 00 00 00 00 00 01 00 00 00 00 00 02 00 86 16 
14:56:03.426->>>>-发送-68 10 00 43 00 00 00 B0 04 00 05 02 00 00 FE 16 
14:56:03.520-<<<<-接收-68 15 00 83 00 00 00 00 00 00 00 01 00 00 00 00 00 02 00 86 16 
14:56:11.849->>>>-发送-68 10 00 43 00 00 00 B0 04 00 05 02 00 00 FE 16 
14:56:11.927-<<<<-接收-68 15 00 83 08 10 00 00 FE 00 00 01 00 00 00 00 00 02 00 9C 16 
15:14:26.962->>>>-发送-68 10 00 43 00 00 00 B0 04 00 05 02 00 01 FF 16 
15:14:27.056-<<<<-接收-68 15 00 83 00 00 00 00 00 00 00 01 00 00 00 00 00 02 00 86 16 
