09:37:24.870->>>>-发送-68 0F 00 43 00 00 00 00 00 00 F0 04 00 37 16 
09:37:24.949-<<<<-接收-68 10 00 83 08 F0 00 00 FE 00 00 02 00 04 7F 16 
09:43:25.597->>>>-发送-68 30 00 43 04 00 00 B0 04 00 11 11 11 11 11 11 00 50 00 00 00 00 13 01 00 02 00 00 11 FE 68 00 50 00 00 00 00 68 11 04 33 34 34 35 05 16 F6 16 
09:43:26.175-<<<<-接收-68 43 00 83 04 60 00 00 30 00 00 50 00 00 00 00 11 11 11 11 11 11 13 01 00 00 00 02 24 FE FE FE FE 68 00 50 00 00 00 00 68 91 14 33 34 34 35 33 83 33 33 33 33 35 39 33 33 33 33 33 35 34 99 86 16 21 16 
09:43:35.176->>>>-发送-68 30 00 43 04 00 00 B0 04 00 11 11 11 11 11 11 00 50 00 00 00 00 13 01 00 02 00 00 11 FE 68 00 50 00 00 00 00 68 11 04 33 34 34 35 05 16 F6 16 
09:43:35.754-<<<<-接收-68 43 00 83 04 60 00 00 30 00 00 50 00 00 00 00 11 11 11 11 11 11 13 01 00 00 00 02 24 FE FE FE FE 68 00 50 00 00 00 00 68 91 14 33 34 34 35 33 83 33 33 33 33 35 39 33 33 33 33 33 35 34 99 86 16 21 16 
09:43:42.771->>>>-发送-68 30 00 43 04 00 00 B0 04 00 11 11 11 11 11 11 00 50 00 00 00 00 13 01 00 02 00 00 11 FE 68 00 50 00 00 00 00 68 11 04 33 34 34 35 05 16 F6 16 
09:43:43.239-<<<<-接收-68 43 00 83 04 60 00 00 30 00 00 50 00 00 00 00 11 11 11 11 11 11 13 01 00 00 00 02 24 FE FE FE FE 68 00 50 00 00 00 00 68 91 14 33 34 34 35 33 83 33 33 33 33 35 39 33 33 33 33 33 35 34 99 86 16 21 16 
09:43:43.990->>>>-发送-68 30 00 43 04 00 00 B0 04 00 11 11 11 11 11 11 00 50 00 00 00 00 13 01 00 02 00 00 11 FE 68 00 50 00 00 00 00 68 11 04 33 34 34 35 05 16 F6 16 
09:43:44.552-<<<<-接收-68 43 00 83 04 60 00 00 30 00 00 50 00 00 00 00 11 11 11 11 11 11 13 01 00 00 00 02 24 FE FE FE FE 68 00 50 00 00 00 00 68 91 14 33 34 34 35 33 83 33 33 33 33 35 39 33 33 33 33 33 35 34 99 86 16 21 16 
09:46:12.631->>>>-发送-68 30 00 43 04 00 00 B0 04 00 11 11 11 11 11 11 00 50 00 00 00 00 13 01 00 02 00 00 11 FE 68 00 50 00 00 00 00 68 11 04 33 34 34 35 05 16 F6 16 
09:46:13.146-<<<<-接收-68 43 00 83 04 60 00 00 30 00 00 50 00 00 00 00 11 11 11 11 11 11 13 01 00 00 00 02 24 FE FE FE FE 68 00 50 00 00 00 00 68 91 14 33 34 34 35 33 83 33 33 33 33 35 39 33 33 33 33 33 35 34 99 86 16 21 16 
09:47:03.042->>>>-发送-68 30 00 43 04 00 00 B0 04 00 11 11 11 11 11 11 06 00 00 00 00 00 13 01 00 02 00 00 11 FE 68 06 00 00 00 00 00 68 11 04 33 34 34 35 BB 16 18 16 
09:47:04.839-<<<<-接收-68 43 00 83 04 60 00 00 30 00 06 00 00 00 00 00 11 11 11 11 11 11 13 01 00 02 00 02 24 FE FE FE FE 68 00 50 00 00 00 00 68 91 14 33 34 34 35 33 83 33 33 33 33 35 39 33 33 33 33 33 35 34 99 86 16 D9 16 
09:47:22.622->>>>-发送-68 30 00 43 04 00 00 B0 04 00 11 11 11 11 11 11 06 00 00 00 00 00 13 01 00 02 00 00 11 FE 68 06 00 00 00 00 00 68 11 04 33 34 34 35 BB 16 18 16 
09:47:23.138-<<<<-接收-68 43 00 83 04 60 00 00 30 00 06 00 00 00 00 00 11 11 11 11 11 11 13 01 00 00 00 02 24 FE FE FE FE 68 00 50 00 00 00 00 68 91 14 33 34 34 35 33 83 33 33 33 33 35 39 33 33 33 33 33 35 34 99 86 16 D7 16 
09:48:51.648->>>>-发送-68 30 00 43 04 00 00 B0 04 00 11 11 11 11 11 11 00 50 00 00 00 00 13 01 00 02 00 00 11 FE 68 00 50 00 00 00 00 68 11 04 33 34 34 35 05 16 F6 16 
09:48:52.507-<<<<-接收-68 43 00 83 04 60 00 00 30 00 00 50 00 00 00 00 11 11 11 11 11 11 13 01 00 01 00 02 24 FE FE FE FE 68 00 50 00 00 00 00 68 91 14 33 34 34 35 33 83 33 33 33 33 35 39 33 33 33 33 33 35 34 99 86 16 22 16 
