18:55:31.983->>>>-发送-68 12 00 43 00 00 00 00 00 00 10 10 02 01 00 01 67 16 
19:02:33.456->>>>-发送-68 12 00 43 00 00 00 00 00 00 10 10 02 01 00 01 67 16 
19:02:33.643-<<<<-接收-68 1F 00 83 08 F0 00 00 FE 00 10 10 02 04 00 01 00 01 11 11 11 11 11 11 01 00 01 00 40 49 16 
19:02:33.643->>>>-发送-68 12 00 43 00 00 00 00 00 01 10 10 02 01 00 1E 85 16 
19:02:33.972-<<<<-接收-68 40 00 83 08 F0 00 00 FE 01 10 10 02 04 00 01 00 04 11 11 11 11 11 11 01 00 01 00 40 33 00 00 00 00 00 02 00 01 00 11 06 00 00 00 00 00 03 00 01 00 11 11 22 33 44 55 66 04 00 01 00 11 2A 16 
19:02:35.612->>>>-发送-68 12 00 43 00 00 00 00 00 02 10 10 02 01 00 01 69 16 
19:02:35.831-<<<<-接收-68 1F 00 83 08 F0 00 00 FE 02 10 10 02 04 00 01 00 01 11 11 11 11 11 11 01 00 01 00 40 4B 16 
19:02:35.831->>>>-发送-68 12 00 43 00 00 00 00 00 03 10 10 02 01 00 1E 87 16 
19:02:36.206-<<<<-接收-68 40 00 83 08 F0 00 00 FE 03 10 10 02 04 00 01 00 04 11 11 11 11 11 11 01 00 01 00 40 33 00 00 00 00 00 02 00 01 00 11 06 00 00 00 00 00 03 00 01 00 11 11 22 33 44 55 66 04 00 01 00 11 2C 16 
19:02:37.222->>>>-发送-68 12 00 43 00 00 00 00 00 04 10 10 02 01 00 01 6B 16 
19:02:37.425-<<<<-接收-68 1F 00 83 08 F0 00 00 FE 04 10 10 02 04 00 01 00 01 11 11 11 11 11 11 01 00 01 00 40 4D 16 
19:02:37.425->>>>-发送-68 12 00 43 00 00 00 00 00 05 10 10 02 01 00 1E 89 16 
19:02:37.722-<<<<-接收-68 40 00 83 08 F0 00 00 FE 05 10 10 02 04 00 01 00 04 11 11 11 11 11 11 01 00 01 00 40 33 00 00 00 00 00 02 00 01 00 11 06 00 00 00 00 00 03 00 01 00 11 11 22 33 44 55 66 04 00 01 00 11 2E 16 
19:02:38.956->>>>-发送-68 12 00 43 00 00 00 00 00 06 10 10 02 01 00 01 6D 16 
19:02:39.160-<<<<-接收-68 1F 00 83 08 F0 00 00 FE 06 10 10 02 04 00 01 00 01 11 11 11 11 11 11 01 00 01 00 40 4F 16 
19:02:39.160->>>>-发送-68 12 00 43 00 00 00 00 00 07 10 10 02 01 00 1E 8B 16 
19:02:39.441-<<<<-接收-68 40 00 83 08 F0 00 00 FE 07 10 10 02 04 00 01 00 04 11 11 11 11 11 11 01 00 01 00 40 33 00 00 00 00 00 02 00 01 00 11 06 00 00 00 00 00 03 00 01 00 11 11 22 33 44 55 66 04 00 01 00 11 30 16 
19:02:40.097->>>>-发送-68 12 00 43 00 00 00 00 00 08 10 10 02 01 00 01 6F 16 
19:02:40.269-<<<<-接收-68 1F 00 83 08 F0 00 00 FE 08 10 10 02 04 00 01 00 01 11 11 11 11 11 11 01 00 01 00 40 51 16 
19:02:40.269->>>>-发送-68 12 00 43 00 00 00 00 00 09 10 10 02 01 00 1E 8D 16 
19:02:40.441-<<<<-接收-68 40 00 83 08 F0 00 00 FE 09 10 10 02 04 00 01 00 04 11 11 11 11 11 11 01 00 01 00 40 33 00 00 00 00 00 02 00 01 00 11 06 00 00 00 00 00 03 00 01 00 11 11 22 33 44 55 66 04 00 01 00 11 32 16 
19:02:41.066->>>>-发送-68 12 00 43 00 00 00 00 00 0A 10 10 02 01 00 01 71 16 
19:02:41.332-<<<<-接收-68 1F 00 83 08 F0 00 00 FE 0A 10 10 02 04 00 01 00 01 11 11 11 11 11 11 01 00 01 00 40 53 16 
19:02:41.332->>>>-发送-68 12 00 43 00 00 00 00 00 0B 10 10 02 01 00 1E 8F 16 
19:02:41.582-<<<<-接收-68 40 00 83 08 F0 00 00 FE 0B 10 10 02 04 00 01 00 04 11 11 11 11 11 11 01 00 01 00 40 33 00 00 00 00 00 02 00 01 00 11 06 00 00 00 00 00 03 00 01 00 11 11 22 33 44 55 66 04 00 01 00 11 34 16 
19:02:42.207->>>>-发送-68 12 00 43 00 00 00 00 00 0C 10 10 02 01 00 01 73 16 
19:02:42.441-<<<<-接收-68 1F 00 83 08 F0 00 00 FE 0C 10 10 02 04 00 01 00 01 11 11 11 11 11 11 01 00 01 00 40 55 16 
19:02:42.441->>>>-发送-68 12 00 43 00 00 00 00 00 0D 10 10 02 01 00 1E 91 16 
19:02:42.816-<<<<-接收-68 40 00 83 08 F0 00 00 FE 0D 10 10 02 04 00 01 00 04 11 11 11 11 11 11 01 00 01 00 40 33 00 00 00 00 00 02 00 01 00 11 06 00 00 00 00 00 03 00 01 00 11 11 22 33 44 55 66 04 00 01 00 11 36 16 
19:02:43.816->>>>-发送-68 12 00 43 00 00 00 00 00 0E 10 10 02 01 00 01 75 16 
19:02:43.972-<<<<-接收-68 1F 00 83 08 F0 00 00 FE 0E 10 10 02 04 00 01 00 01 11 11 11 11 11 11 01 00 01 00 40 57 16 
19:02:43.972->>>>-发送-68 12 00 43 00 00 00 00 00 0F 10 10 02 01 00 1E 93 16 
19:02:44.191-<<<<-接收-68 40 00 83 08 F0 00 00 FE 0F 10 10 02 04 00 01 00 04 11 11 11 11 11 11 01 00 01 00 40 33 00 00 
19:02:44.207->>>>-发送-68 12 00 43 00 00 00 00 00 10 10 10 02 01 00 1E 94 16 
19:02:44.457-<<<<-接收-68 40 00 83 08 F0 00 00 FE 10 10 10 02 04 00 01 00 04 11 11 11 11 11 11 01 00 01 00 40 33 00 00 00 00 00 02 00 01 00 11 06 00 00 00 00 00 03 00 01 00 11 11 22 33 44 55 66 04 00 01 00 11 39 16 
19:02:45.051->>>>-发送-68 12 00 43 00 00 00 00 00 11 10 10 02 01 00 01 78 16 
19:02:45.254-<<<<-接收-68 1F 00 83 08 F0 00 00 FE 11 10 10 02 04 00 01 00 01 11 11 11 11 11 11 01 00 01 00 40 5A 16 
19:02:45.254->>>>-发送-68 12 00 43 00 00 00 00 00 12 10 10 02 01 00 1E 96 16 
19:02:45.582-<<<<-接收-68 40 00 83 08 F0 00 00 FE 12 10 10 02 04 00 01 00 04 11 11 11 11 11 11 01 00 01 00 40 33 00 00 00 00 00 02 00 01 00 11 06 00 00 00 00 00 03 00 01 00 11 11 22 33 44 55 66 04 00 01 00 11 3B 16 
19:02:46.363->>>>-发送-68 12 00 43 00 00 00 00 00 13 10 10 02 01 00 01 7A 16 
19:02:46.567-<<<<-接收-68 1F 00 83 08 F0 00 00 FE 13 10 10 02 04 00 01 00 01 11 11 11 11 11 11 01 00 01 00 40 5C 16 
19:02:46.567->>>>-发送-68 12 00 43 00 00 00 00 00 14 10 10 02 01 00 1E 98 16 
19:02:46.817-<<<<-接收-68 40 00 83 00 00 00 00 00 14 10 10 02 04 00 01 00 04 11 11 11 11 11 11 01 00 01 00 40 33 00 00 00 00 00 02 00 01 00 11 06 00 00 00 00 00 03 00 01 00 11 11 22 33 44 55 66 04 00 01 00 11 47 16 
19:02:47.395->>>>-发送-68 12 00 43 00 00 00 00 00 15 10 10 02 01 00 01 7C 16 
19:02:47.582-<<<<-接收-68 1F 00 83 00 00 00 00 00 15 10 10 02 04 00 01 00 01 11 11 11 11 11 11 01 00 01 00 40 68 16 
19:02:47.582->>>>-发送-68 12 00 43 00 00 00 00 00 16 10 10 02 01 00 1E 9A 16 
19:02:47.879-<<<<-接收-68 40 00 83 00 00 00 00 00 16 10 10 02 04 00 01 00 04 11 11 11 11 11 11 01 00 01 00 40 33 00 00 00 00 00 02 00 01 00 11 06 00 00 00 00 00 03 00 01 00 11 11 22 33 44 55 66 04 00 01 00 11 49 16 
19:02:48.661->>>>-发送-68 12 00 43 00 00 00 00 00 17 10 10 02 01 00 01 7E 16 
19:02:48.926-<<<<-接收-68 1F 00 83 00 00 00 00 00 17 10 10 02 04 00 01 00 01 11 11 11 11 11 11 01 00 01 00 40 6A 16 
19:02:48.926->>>>-发送-68 12 00 43 00 00 00 00 00 18 10 10 02 01 00 1E 9C 16 
19:02:49.239-<<<<-接收-68 40 00 83 00 00 00 00 00 18 10 10 02 04 00 01 00 04 11 11 11 11 11 11 01 00 01 00 40 33 00 00 00 00 00 02 00 01 00 11 06 00 00 00 00 00 03 00 01 00 11 11 22 33 44 55 66 04 00 01 00 11 4B 16 
19:02:49.817->>>>-发送-68 12 00 43 00 00 00 00 00 19 10 10 02 01 00 01 80 16 
19:02:50.020-<<<<-接收-68 1F 00 83 00 00 00 00 00 19 10 10 02 04 00 01 00 01 11 11 11 11 11 11 01 00 01 00 40 6C 16 
19:02:50.020->>>>-发送-68 12 00 43 00 00 00 00 00 1A 10 10 02 01 00 1E 9E 16 
19:02:50.301-<<<<-接收-68 40 00 83 00 00 00 00 00 1A 10 10 02 04 00 01 00 04 11 11 11 11 11 11 01 00 01 00 40 33 00 00 00 00 00 02 00 01 00 11 06 00 00 00 00 00 03 00 01 00 11 11 22 33 44 55 66 04 00 01 00 11 4D 16 
19:02:50.942->>>>-发送-68 12 00 43 00 00 00 00 00 1B 10 10 02 01 00 01 82 16 
19:02:51.114-<<<<-接收-68 1F 00 83 00 00 00 00 00 1B 10 10 02 04 00 01 00 01 11 11 11 11 11 11 01 00 01 00 40 6E 16 
19:02:51.114->>>>-发送-68 12 00 43 00 00 00 00 00 1C 10 10 02 01 00 1E A0 16 
19:02:51.411-<<<<-接收-68 40 00 83 00 00 00 00 00 1C 10 10 02 04 00 01 00 04 11 11 11 11 11 11 01 00 01 00 40 33 00 00 00 00 00 02 00 01 00 11 06 00 00 00 00 00 03 00 01 00 11 11 22 33 44 55 66 04 00 01 00 11 4F 16 
19:02:59.115->>>>-发送-68 12 00 43 00 00 00 00 00 1D 10 10 02 01 00 01 84 16 
19:02:59.271-<<<<-接收-68 1F 00 83 00 00 00 00 00 1D 10 10 02 04 00 01 00 01 11 11 11 11 11 11 01 00 01 00 40 70 16 
19:02:59.271->>>>-发送-68 12 00 43 00 00 00 00 00 1E 10 10 02 01 00 1E A2 16 
19:02:59.615-<<<<-接收-68 40 00 83 00 00 00 00 00 1E 10 10 02 04 00 01 00 04 11 11 11 11 11 11 01 00 01 00 40 33 00 00 00 00 00 02 00 01 00 11 06 00 00 00 00 00 03 00 01 00 11 11 22 33 44 55 66 04 00 01 00 11 51 16 
19:07:08.641->>>>-发送-68 12 00 43 00 00 00 00 00 1F 10 10 02 01 00 01 86 16 
19:08:04.835->>>>-发送-68 12 00 43 00 00 00 B0 04 00 10 10 02 02 00 05 20 16 
19:15:07.083->>>>-发送-68 12 00 43 00 00 00 B0 04 00 10 10 02 02 00 01 1C 16 
19:15:07.317-<<<<-接收-68 1F 00 83 00 00 00 00 00 00 10 10 02 04 00 02 00 01 06 00 00 00 00 00 02 00 01 00 11 C6 16 
19:15:09.927->>>>-发送-68 12 00 43 00 00 00 B0 04 00 10 10 02 02 00 01 1C 16 
19:15:10.146-<<<<-接收-68 1F 00 83 00 00 00 00 00 00 10 10 02 04 00 02 00 01 06 00 00 00 00 00 02 00 01 00 11 C6 16 
19:15:12.240->>>>-发送-68 12 00 43 00 00 00 B0 04 00 10 10 02 02 00 01 1C 16 
19:15:12.458-<<<<-接收-68 1F 00 83 00 00 00 00 00 00 10 10 02 04 00 02 00 01 06 00 00 00 00 00 02 00 01 00 11 C6 16 
19:15:14.521->>>>-发送-68 12 00 43 00 00 00 B0 04 00 10 10 02 02 00 01 1C 16 
19:15:14.724-<<<<-接收-68 1F 00 83 00 00 00 00 00 00 10 10 02 04 00 02 00 01 06 00 00 00 00 00 02 00 01 00 11 C6 16 
19:15:16.287->>>>-发送-68 12 00 43 00 00 00 B0 04 00 10 10 02 02 00 01 1C 16 
19:15:16.490-<<<<-接收-68 1F 00 83 00 00 00 00 00 00 10 10 02 04 00 02 00 01 06 00 00 00 00 00 02 00 01 00 11 C6 16 
19:15:18.068->>>>-发送-68 12 00 43 00 00 00 B0 04 00 10 10 02 02 00 01 1C 16 
19:15:18.303-<<<<-接收-68 1F 00 83 00 00 00 00 00 00 10 10 02 04 00 02 00 01 06 00 00 00 00 00 02 00 01 00 11 C6 16 
19:15:20.162->>>>-发送-68 12 00 43 00 00 00 B0 04 00 10 10 02 02 00 01 1C 16 
19:15:20.334-<<<<-接收-68 1F 00 83 00 00 00 00 00 00 10 10 02 04 00 02 00 01 06 00 00 00 00 00 02 00 01 00 11 C6 16 
19:18:52.857->>>>-发送-68 12 00 43 00 00 00 B0 04 00 10 10 02 01 00 01 1B 16 
19:19:41.299->>>>-发送-68 12 00 43 00 00 00 B0 04 00 10 10 02 01 00 01 1B 16 
19:24:15.391->>>>-发送-68 12 00 43 00 00 00 B0 04 00 10 10 02 01 00 01 1B 16 
19:26:33.156->>>>-发送-68 12 00 43 00 00 00 B0 04 00 10 10 02 02 00 01 1C 16 
19:26:33.375-<<<<-接收-68 1F 00 83 08 F0 00 00 FE 00 10 10 02 04 00 02 00 01 33 00 00 00 00 00 02 00 01 00 11 E9 16 
19:26:34.390->>>>-发送-68 12 00 43 00 00 00 B0 04 00 10 10 02 02 00 01 1C 16 
19:26:34.593-<<<<-接收-68 1F 00 83 08 F0 00 00 FE 00 10 10 02 04 00 02 00 01 33 00 00 00 00 00 02 00 01 00 11 E9 16 
19:26:52.330->>>>-发送-68 12 00 43 00 00 00 B0 04 00 10 10 02 01 00 01 1B 16 
19:28:49.405->>>>-发送-68 12 00 43 00 00 00 B0 04 00 10 10 02 01 00 01 1B 16 
19:38:26.325->>>>-发送-68 12 00 43 00 00 00 B0 04 00 10 10 02 01 00 01 1B 16 
19:38:26.513-<<<<-接收-68 1F 00 83 08 10 00 00 00 00 10 10 02 68 38 01 00 01 11 11 11 11 11 11 01 00 01 00 40 07 16 
19:38:35.779->>>>-发送-68 12 00 43 00 00 00 B0 04 00 10 10 02 01 00 01 1B 16 
19:38:35.967-<<<<-接收-68 1F 00 83 08 10 00 00 00 00 10 10 02 68 1F 01 00 01 11 11 11 11 11 11 01 00 01 00 40 EE 16 
19:39:16.299->>>>-发送-68 12 00 43 00 00 00 B0 04 00 10 10 02 01 00 01 1B 16 
19:39:16.456-<<<<-接收-68 1F 00 83 08 10 00 00 00 00 10 10 02 68 1F 01 00 01 11 11 11 11 11 11 01 00 01 00 40 EE 16 
19:39:20.737->>>>-发送-68 12 00 43 00 00 00 B0 04 00 10 10 02 01 00 01 1B 16 
19:39:20.925-<<<<-接收-68 1F 00 83 08 10 00 00 00 00 10 10 02 68 1F 01 00 01 11 11 11 11 11 11 01 00 01 00 40 EE 16 
19:39:41.396->>>>-发送-68 12 00 43 00 00 00 B0 04 00 10 10 02 01 00 06 20 16 
19:39:41.708-<<<<-接收-68 40 00 83 08 F0 00 00 FE 00 10 10 02 04 00 01 00 04 11 11 11 11 11 11 01 00 01 00 40 33 00 00 00 00 00 02 00 01 00 11 11 22 33 44 55 66 03 00 01 00 11 06 00 00 00 00 00 04 00 01 00 11 29 16 
19:40:04.101->>>>-发送-68 12 00 43 00 00 00 B0 04 00 10 10 02 01 00 06 20 16 
19:40:04.430-<<<<-接收-68 40 00 83 00 00 00 00 30 00 10 10 02 04 00 01 00 04 11 11 11 11 11 11 01 00 01 00 40 33 00 00 00 00 00 02 00 01 00 11 11 22 33 44 55 66 03 00 01 00 11 06 00 00 00 00 00 04 00 01 00 11 63 16 
19:40:06.836->>>>-发送-68 12 00 43 00 00 00 B0 04 00 10 10 02 01 00 06 20 16 
19:40:07.164-<<<<-接收-68 40 00 83 00 00 00 00 30 00 10 10 02 04 00 01 00 04 11 11 11 11 11 11 01 00 01 00 40 33 00 00 00 00 00 02 00 01 00 11 11 22 33 44 55 66 03 00 01 00 11 06 00 00 00 00 00 04 00 01 00 11 63 16 
19:40:09.274->>>>-发送-68 12 00 43 00 00 00 B0 04 00 10 10 02 01 00 06 20 16 
19:40:09.602-<<<<-接收-68 40 00 83 00 00 00 00 30 00 10 10 02 04 00 01 00 04 11 11 11 11 11 11 01 00 01 00 40 33 00 00 00 00 00 02 00 01 00 11 11 22 33 44 55 66 03 00 01 00 11 06 00 00 00 00 00 04 00 01 00 11 63 16 
19:40:26.135->>>>-发送-68 12 00 43 00 00 00 B0 04 00 10 10 02 02 00 09 24 16 
19:40:26.447-<<<<-接收-68 35 00 83 00 00 00 00 30 00 10 10 02 04 00 02 00 03 33 00 00 00 00 00 02 00 01 00 11 11 22 33 44 55 66 03 00 01 00 11 06 00 00 00 00 00 04 00 01 00 11 BB 16 
19:40:31.276->>>>-发送-68 12 00 43 00 00 00 B0 04 00 10 10 02 02 00 09 24 16 
19:40:31.495-<<<<-接收-68 35 00 83 00 00 00 00 30 00 10 10 02 04 00 02 00 03 33 00 00 00 00 00 02 00 01 00 11 11 22 33 44 55 66 03 00 01 00 11 06 00 00 00 00 00 04 00 01 00 11 BB 16 
19:40:57.982->>>>-发送-68 12 00 43 00 00 00 B0 04 00 10 10 02 01 00 06 20 16 
19:40:58.216-<<<<-接收-68 40 00 83 00 00 00 00 30 00 10 10 02 04 00 01 00 04 11 11 11 11 11 11 01 00 01 00 40 33 00 00 00 00 00 02 00 01 00 11 11 22 33 44 55 66 03 00 01 00 11 06 00 00 00 00 00 04 00 01 00 11 63 16 
19:46:55.299->>>>-发送-68 12 00 43 00 00 00 B0 04 00 10 10 02 01 00 06 20 16 
19:46:55.846-<<<<-接收-68 14 00 83 08 10 00 00 04 00 10 10 02 00 00 00 00 00 C1 16 
19:47:12.973->>>>-发送-68 12 00 43 00 00 00 B0 04 00 10 10 02 01 00 06 20 16 
19:47:13.285-<<<<-接收-68 40 00 83 08 F0 00 00 FE 00 10 10 02 04 00 01 00 04 11 11 11 11 11 11 01 00 01 00 40 33 00 00 00 00 00 02 00 01 00 11 06 00 00 00 00 00 03 00 01 00 11 11 22 33 44 55 66 04 00 01 00 11 29 16 
19:47:14.332->>>>-发送-68 12 00 43 00 00 00 B0 04 00 10 10 02 01 00 06 20 16 
19:47:14.645-<<<<-接收-68 40 00 83 08 F0 00 00 FE 00 10 10 02 04 00 01 00 04 11 11 11 11 11 11 01 00 01 00 40 33 00 00 00 00 00 02 00 01 00 11 06 00 00 00 00 00 03 00 01 00 11 11 22 33 44 55 66 04 00 01 00 11 29 16 
19:47:27.833->>>>-发送-68 12 00 43 00 00 00 B0 04 00 10 10 02 02 00 06 21 16 
19:47:28.177-<<<<-接收-68 35 00 83 08 F0 00 00 FE 00 10 10 02 04 00 02 00 03 33 00 00 00 00 00 02 00 01 00 11 06 00 00 00 00 00 03 00 01 00 11 11 22 33 44 55 66 04 00 01 00 11 81 16 
19:47:48.383->>>>-发送-68 12 00 43 00 00 00 B0 04 00 10 10 02 01 00 01 1B 16 
19:47:48.539-<<<<-接收-68 14 00 83 08 10 00 00 04 00 10 10 02 00 00 00 00 00 C1 16 
19:47:49.695->>>>-发送-68 12 00 43 00 00 00 B0 04 00 10 10 02 01 00 01 1B 16 
19:47:49.851-<<<<-接收-68 14 00 83 08 10 00 00 04 00 10 10 02 00 00 00 00 00 C1 16 
19:47:50.445->>>>-发送-68 12 00 43 00 00 00 B0 04 00 10 10 02 01 00 01 1B 16 
19:47:50.586-<<<<-接收-68 14 00 83 08 10 00 00 04 00 10 10 02 00 00 00 00 00 C1 16 
19:47:51.070->>>>-发送-68 12 00 43 00 00 00 B0 04 00 10 10 02 01 00 01 1B 16 
19:47:51.273-<<<<-接收-68 14 00 83 08 10 00 00 04 00 10 10 02 00 00 00 00 00 C1 16 
19:47:51.586->>>>-发送-68 12 00 43 00 00 00 B0 04 00 10 10 02 01 00 01 1B 16 
19:47:51.711-<<<<-接收-68 14 00 83 08 10 00 00 04 00 10 10 02 00 00 00 00 00 C1 16 
19:47:51.914->>>>-发送-68 12 00 43 00 00 00 B0 04 00 10 10 02 01 00 01 1B 16 
19:47:52.055-<<<<-接收-68 14 00 83 08 10 00 00 04 00 10 10 02 00 00 00 00 00 C1 16 
19:47:52.242->>>>-发送-68 12 00 43 00 00 00 B0 04 00 10 10 02 01 00 01 1B 16 
19:47:52.414-<<<<-接收-68 14 00 83 08 10 00 00 04 00 10 10 02 00 00 00 00 00 C1 16 
19:47:52.742->>>>-发送-68 12 00 43 00 00 00 B0 04 00 10 10 02 01 00 01 1B 16 
19:47:52.867-<<<<-接收-68 14 00 83 08 10 00 00 04 00 10 10 02 00 00 00 00 00 C1 16 
19:47:53.071->>>>-发送-68 12 00 43 00 00 00 B0 04 00 10 10 02 01 00 01 1B 16 
19:47:53.196-<<<<-接收-68 14 00 83 08 10 00 00 04 00 10 10 02 00 00 00 00 00 C1 16 
19:47:53.414->>>>-发送-68 12 00 43 00 00 00 B0 04 00 10 10 02 01 00 01 1B 16 
19:47:53.539-<<<<-接收-68 14 00 83 08 10 00 00 04 00 10 10 02 00 00 00 00 00 C1 16 
19:47:53.743->>>>-发送-68 12 00 43 00 00 00 B0 04 00 10 10 02 01 00 01 1B 16 
19:47:53.914-<<<<-接收-68 14 00 83 08 10 00 00 04 00 10 10 02 00 00 00 00 00 C1 16 
19:47:54.243->>>>-发送-68 12 00 43 00 00 00 B0 04 00 10 10 02 01 00 01 1B 16 
19:47:54.368-<<<<-接收-68 14 00 83 08 10 00 00 04 00 10 10 02 00 00 00 00 00 C1 16 
19:47:54.571->>>>-发送-68 12 00 43 00 00 00 B0 04 00 10 10 02 01 00 01 1B 16 
19:47:54.711-<<<<-接收-68 14 00 83 08 10 00 00 04 00 10 10 02 00 00 00 00 00 C1 16 
19:47:54.914->>>>-发送-68 12 00 43 00 00 00 B0 04 00 10 10 02 01 00 01 1B 16 
19:47:55.086-<<<<-接收-68 14 00 83 08 10 00 00 04 00 10 10 02 00 00 00 00 00 C1 16 
19:47:55.414->>>>-发送-68 12 00 43 00 00 00 B0 04 00 10 10 02 01 00 01 1B 16 
19:47:55.524-<<<<-接收-68 14 00 83 08 10 00 00 04 00 10 10 02 00 00 00 00 00 C1 16 
19:47:55.743->>>>-发送-68 12 00 43 00 00 00 B0 04 00 10 10 02 01 00 01 1B 16 
19:47:55.868-<<<<-接收-68 14 00 83 00 00 00 00 00 00 10 10 02 00 00 00 00 00 A5 16 
19:47:56.102->>>>-发送-68 12 00 43 00 00 00 B0 04 00 10 10 02 01 00 01 1B 16 
19:47:56.290-<<<<-接收-68 14 00 83 08 10 00 00 04 00 10 10 02 00 00 00 00 00 C1 16 
19:47:56.571->>>>-发送-68 12 00 43 00 00 00 B0 04 00 10 10 02 01 00 01 1B 16 
19:47:56.696-<<<<-接收-68 14 00 83 08 10 00 00 04 00 10 10 02 00 00 00 00 00 C1 16 
19:54:08.433->>>>-发送-68 12 00 43 00 00 00 B0 04 00 10 10 02 01 00 01 1B 16 
19:54:08.632-<<<<-接收-68 1F 00 83 00 00 00 00 00 00 10 10 02 04 00 01 00 01 11 11 11 11 11 11 01 00 01 00 40 53 16 
19:54:09.408->>>>-发送-68 12 00 43 00 00 00 B0 04 00 10 10 02 01 00 01 1B 16 
19:54:09.639-<<<<-接收-68 1F 00 83 00 00 00 00 00 00 10 10 02 04 00 01 00 01 11 11 11 11 11 11 01 00 01 00 40 53 16 
19:54:10.055->>>>-发送-68 12 00 43 00 00 00 B0 04 00 10 10 02 01 00 01 1B 16 
19:54:10.275-<<<<-接收-68 1F 00 83 00 00 00 00 00 00 10 10 02 04 00 01 00 01 11 11 11 11 11 11 01 00 01 00 40 53 16 
19:54:10.624->>>>-发送-68 12 00 43 00 00 00 B0 04 00 10 10 02 01 00 01 1B 16 
19:54:10.890-<<<<-接收-68 1F 00 83 00 00 00 00 00 00 10 10 02 04 00 01 00 01 11 11 11 11 11 11 01 00 01 00 40 53 16 
19:54:11.169->>>>-发送-68 12 00 43 00 00 00 B0 04 00 10 10 02 01 00 01 1B 16 
19:54:11.390-<<<<-接收-68 1F 00 83 00 00 00 00 00 00 10 10 02 04 00 01 00 01 11 11 11 11 11 11 01 00 01 00 40 53 16 
19:54:11.672->>>>-发送-68 12 00 43 00 00 00 B0 04 00 10 10 02 01 00 01 1B 16 
19:54:11.888-<<<<-接收-68 1F 00 83 00 00 00 00 00 00 10 10 02 04 00 01 00 01 11 11 11 11 11 11 01 00 01 00 40 53 16 
19:54:12.185->>>>-发送-68 12 00 43 00 00 00 B0 04 00 10 10 02 01 00 01 1B 16 
19:54:12.466-<<<<-接收-68 1F 00 83 00 00 00 00 00 00 10 10 02 04 00 01 00 01 11 11 11 11 11 11 01 00 01 00 40 53 16 
19:54:12.716->>>>-发送-68 12 00 43 00 00 00 B0 04 00 10 10 02 01 00 01 1B 16 
19:54:12.888-<<<<-接收-68 1F 00 83 00 00 00 00 00 00 10 10 02 04 00 01 00 01 11 11 11 11 11 11 01 00 01 00 40 53 16 
19:54:13.060->>>>-发送-68 12 00 43 00 00 00 B0 04 00 10 10 02 01 00 01 1B 16 
19:54:13.279-<<<<-接收-68 1F 00 83 00 00 00 00 00 00 10 10 02 04 00 01 00 01 11 11 11 11 11 11 01 00 01 00 40 53 16 
19:54:13.591->>>>-发送-68 12 00 43 00 00 00 B0 04 00 10 10 02 01 00 01 1B 16 
19:54:13.794-<<<<-接收-68 1F 00 83 00 00 00 00 00 00 10 10 02 04 00 01 00 01 11 11 11 11 11 11 01 00 01 00 40 53 16 
19:54:14.107->>>>-发送-68 12 00 43 00 00 00 B0 04 00 10 10 02 01 00 01 1B 16 
19:54:14.326-<<<<-接收-68 1F 00 83 00 00 00 00 00 00 10 10 02 04 00 01 00 01 11 11 11 11 11 11 01 00 01 00 40 53 16 
19:54:14.607->>>>-发送-68 12 00 43 00 00 00 B0 04 00 10 10 02 01 00 01 1B 16 
19:54:14.794-<<<<-接收-68 1F 00 83 00 00 00 00 00 00 10 10 02 04 00 01 00 01 11 11 11 11 11 11 01 00 01 00 40 53 16 
19:54:15.123->>>>-发送-68 12 00 43 00 00 00 B0 04 00 10 10 02 01 00 01 1B 16 
19:54:15.279-<<<<-接收-68 1F 00 83 00 00 00 00 00 00 10 10 02 04 00 01 00 01 11 11 11 11 11 11 01 00 01 00 40 53 16 
19:54:27.343->>>>-发送-68 12 00 43 00 00 00 B0 04 00 10 10 02 01 00 09 23 16 
19:54:27.718-<<<<-接收-68 40 00 83 00 00 00 00 00 00 10 10 02 04 00 01 00 04 11 11 11 11 11 11 01 00 01 00 40 11 22 33 44 55 66 02 00 01 00 11 06 00 00 00 00 00 03 00 01 00 11 33 00 00 00 00 00 04 00 01 00 11 33 16 
19:54:27.983->>>>-发送-68 12 00 43 00 00 00 B0 04 00 10 10 02 01 00 09 23 16 
19:54:28.218-<<<<-接收-68 40 00 83 00 00 00 00 00 00 10 10 02 04 00 01 00 04 11 11 11 11 11 11 01 00 01 00 40 11 22 33 44 55 66 02 00 01 00 11 06 00 00 00 00 00 03 00 01 00 11 33 00 00 00 00 00 04 00 01 00 11 33 16 
19:54:28.562->>>>-发送-68 12 00 43 00 00 00 B0 04 00 10 10 02 01 00 09 23 16 
19:54:28.749-<<<<-接收-68 40 00 83 00 00 00 00 00 00 10 10 02 04 00 01 00 04 11 11 11 11 11 11 01 00 01 00 40 11 22 33 44 55 66 02 00 01 00 11 06 00 00 00 00 00 03 00 01 00 11 33 00 00 00 00 00 04 00 01 00 11 33 16 
19:54:29.015->>>>-发送-68 12 00 43 00 00 00 B0 04 00 10 10 02 01 00 09 23 16 
19:54:29.890-<<<<-接收-68 40 00 83 00 00 00 00 00 00 10 10 02 04 00 01 00 04 11 11 11 11 11 11 01 00 01 00 40 11 22 33 44 55 66 02 00 01 00 11 06 00 00 00 00 00 03 00 01 00 11 33 00 00 00 00 00 04 00 01 00 11 33 16 
19:54:30.234->>>>-发送-68 12 00 43 00 00 00 B0 04 00 10 10 02 01 00 09 23 16 
19:54:30.530-<<<<-接收-68 40 00 83 00 00 00 00 00 00 10 10 02 04 00 01 00 04 11 11 11 11 11 11 01 00 01 00 40 11 22 33 44 55 66 02 00 01 00 11 06 00 00 00 00 00 03 00 01 00 11 33 00 00 00 00 00 04 00 01 00 11 33 16 
19:54:51.267->>>>-发送-68 12 00 43 00 00 00 B0 04 00 10 10 02 01 00 FF 19 16 
19:54:51.580-<<<<-接收-68 40 00 83 00 00 00 00 00 00 10 10 02 04 00 01 00 04 11 11 11 11 11 11 01 00 01 00 40 11 22 33 44 55 66 02 00 01 00 11 06 00 00 00 00 00 03 00 01 00 11 33 00 00 00 00 00 04 00 01 00 11 33 16 
19:54:51.877->>>>-发送-68 12 00 43 00 00 00 B0 04 00 10 10 02 01 00 FF 19 16 
19:54:52.158-<<<<-接收-68 40 00 83 00 00 00 00 00 00 10 10 02 04 00 01 00 04 11 11 11 11 11 11 01 00 01 00 40 11 22 33 44 55 66 02 00 01 00 11 06 00 00 00 00 00 03 00 01 00 11 33 00 00 00 00 00 04 00 01 00 11 33 16 
19:54:52.345->>>>-发送-68 12 00 43 00 00 00 B0 04 00 10 10 02 01 00 FF 19 16 
19:54:52.580-<<<<-接收-68 40 00 83 00 00 00 00 00 00 10 10 02 04 00 01 00 04 11 11 11 11 11 11 01 00 01 00 40 11 22 33 44 55 66 02 00 01 00 11 06 00 00 00 00 00 03 00 01 00 11 33 00 00 00 00 00 04 00 01 00 11 33 16 
19:54:52.877->>>>-发送-68 12 00 43 00 00 00 B0 04 00 10 10 02 01 00 FF 19 16 
19:54:53.158-<<<<-接收-68 40 00 83 00 00 00 00 00 00 10 10 02 04 00 01 00 04 11 11 11 11 11 11 01 00 01 00 40 11 22 33 44 55 66 02 00 01 00 11 06 00 00 00 00 00 03 00 01 00 11 33 00 00 00 00 00 04 00 01 00 11 33 16 
19:54:53.392->>>>-发送-68 12 00 43 00 00 00 B0 04 00 10 10 02 01 00 FF 19 16 
19:54:53.674-<<<<-接收-68 40 00 83 00 00 00 00 00 00 10 10 02 04 00 01 00 04 11 11 11 11 11 11 01 00 01 00 40 11 22 33 44 55 66 02 00 01 00 11 06 00 00 00 00 00 03 00 01 00 11 33 00 00 00 00 00 04 00 01 00 11 33 16 
19:54:53.892->>>>-发送-68 12 00 43 00 00 00 B0 04 00 10 10 02 01 00 FF 19 16 
19:54:54.174-<<<<-接收-68 40 00 83 00 00 00 00 00 00 10 10 02 04 00 01 00 04 11 11 11 11 11 11 01 00 01 00 40 11 22 33 44 55 66 02 00 01 00 11 06 00 00 00 00 00 03 00 01 00 11 33 00 00 00 00 00 04 00 01 00 11 33 16 
19:54:54.392->>>>-发送-68 12 00 43 00 00 00 B0 04 00 10 10 02 01 00 FF 19 16 
19:54:54.705-<<<<-接收-68 40 00 83 00 00 00 00 00 00 10 10 02 04 00 01 00 04 11 11 11 11 11 11 01 00 01 00 40 11 22 33 44 55 66 02 00 01 00 11 06 00 00 00 00 00 03 00 01 00 11 33 00 00 00 00 00 04 00 01 00 11 33 16 
19:54:54.939->>>>-发送-68 12 00 43 00 00 00 B0 04 00 10 10 02 01 00 FF 19 16 
19:54:55.205-<<<<-接收-68 40 00 83 00 00 00 00 00 00 10 10 02 04 00 01 00 04 11 11 11 11 11 11 01 00 01 00 40 11 22 33 44 55 66 02 00 01 00 11 06 00 00 00 00 00 03 00 01 00 11 33 00 00 00 00 00 04 00 01 00 11 33 16 
19:54:55.471->>>>-发送-68 12 00 43 00 00 00 B0 04 00 10 10 02 01 00 FF 19 16 
19:54:55.783-<<<<-接收-68 40 00 83 00 00 00 00 00 00 10 10 02 04 00 01 00 04 11 11 11 11 11 11 01 00 01 00 40 11 22 33 44 55 66 02 00 01 00 11 06 00 00 00 00 00 03 00 01 00 11 33 00 00 00 00 00 04 00 01 00 11 33 16 
19:54:55.986->>>>-发送-68 12 00 43 00 00 00 B0 04 00 10 10 02 01 00 FF 19 16 
19:54:56.174-<<<<-接收-68 40 00 83 00 00 00 00 00 00 10 10 02 04 00 01 00 04 11 11 11 11 11 11 01 00 01 00 40 11 22 33 44 55 66 02 00 01 00 11 06 00 00 00 00 00 03 00 01 00 11 33 00 00 00 00 00 04 00 01 00 11 33 16 
19:54:56.518->>>>-发送-68 12 00 43 00 00 00 B0 04 00 10 10 02 01 00 FF 19 16 
19:54:56.830-<<<<-接收-68 40 00 83 00 00 00 00 00 00 10 10 02 04 00 01 00 04 11 11 11 11 11 11 01 00 01 00 40 11 22 33 44 55 66 02 00 01 00 11 06 00 00 00 00 00 03 00 01 00 11 33 00 00 00 00 00 04 00 01 00 11 33 16 
19:54:57.065->>>>-发送-68 12 00 43 00 00 00 B0 04 00 10 10 02 01 00 FF 19 16 
19:54:57.361-<<<<-接收-68 40 00 83 00 00 00 00 00 00 10 10 02 04 00 01 00 04 11 11 11 11 11 11 01 00 01 00 40 11 22 33 44 55 66 02 00 01 00 11 06 00 00 00 00 00 03 00 01 00 11 33 00 00 00 00 00 04 00 01 00 11 33 16 
19:54:57.612->>>>-发送-68 12 00 43 00 00 00 B0 04 00 10 10 02 01 00 FF 19 16 
19:54:57.830-<<<<-接收-68 40 00 83 00 00 00 00 00 00 10 10 02 04 00 01 00 04 11 11 11 11 11 11 01 00 01 00 40 11 22 33 44 55 66 02 00 01 00 11 06 00 00 00 00 00 03 00 01 00 11 33 00 00 00 00 00 04 00 01 00 11 33 16 
19:54:58.174->>>>-发送-68 12 00 43 00 00 00 B0 04 00 10 10 02 01 00 FF 19 16 
19:54:58.471-<<<<-接收-68 40 00 83 00 00 00 00 00 00 10 10 02 04 00 01 00 04 11 11 11 11 11 11 01 00 01 00 40 11 22 33 44 55 66 02 00 01 00 11 06 00 00 00 00 00 03 00 01 00 11 33 00 00 00 00 00 04 00 01 00 11 33 16 
19:54:58.721->>>>-发送-68 12 00 43 00 00 00 B0 04 00 10 10 02 01 00 FF 19 16 
19:54:58.940-<<<<-接收-68 40 00 83 00 00 00 00 00 00 10 10 02 04 00 01 00 04 11 11 11 11 11 11 01 00 01 00 40 11 22 33 44 55 66 02 00 01 00 11 06 00 00 00 00 00 03 00 01 00 11 33 00 00 00 00 00 04 00 01 00 11 33 16 
19:54:59.284->>>>-发送-68 12 00 43 00 00 00 B0 04 00 10 10 02 01 00 FF 19 16 
19:54:59.518-<<<<-接收-68 40 00 83 00 00 00 00 00 00 10 10 02 04 00 01 00 04 11 11 11 11 11 11 01 00 01 00 40 11 22 33 44 55 66 02 00 01 00 11 06 00 00 00 00 00 03 00 01 00 11 33 00 00 00 00 00 04 00 01 00 11 33 16 
19:54:59.862->>>>-发送-68 12 00 43 00 00 00 B0 04 00 10 10 02 01 00 FF 19 16 
19:55:00.206-<<<<-接收-68 40 00 83 00 00 00 00 00 00 10 10 02 04 00 01 00 04 11 11 11 11 11 11 01 00 01 00 40 11 22 33 44 55 66 02 00 01 00 11 06 00 00 00 00 00 03 00 01 00 11 33 00 00 00 00 00 04 00 01 00 11 33 16 
19:55:00.424->>>>-发送-68 12 00 43 00 00 00 B0 04 00 10 10 02 01 00 FF 19 16 
19:55:00.627-<<<<-接收-68 40 00 83 00 00 00 00 00 00 10 10 02 04 00 01 00 04 11 11 11 11 11 11 01 00 01 00 40 11 22 33 44 55 66 02 00 01 00 11 06 00 00 00 00 00 03 00 01 00 11 33 00 00 00 00 00 04 00 01 00 11 33 16 
19:55:00.956->>>>-发送-68 12 00 43 00 00 00 B0 04 00 10 10 02 01 00 FF 19 16 
19:55:01.174-<<<<-接收-68 40 00 83 00 00 00 00 00 00 10 10 02 04 00 01 00 04 11 11 11 11 11 11 01 00 01 00 40 11 22 33 44 55 66 02 00 01 00 11 06 00 00 00 00 00 03 00 01 00 11 33 00 00 00 00 00 04 00 01 00 11 33 16 
19:55:01.534->>>>-发送-68 12 00 43 00 00 00 B0 04 00 10 10 02 01 00 FF 19 16 
19:55:01.831-<<<<-接收-68 40 00 83 00 00 00 00 00 00 10 10 02 04 00 01 00 04 11 11 11 11 11 11 01 00 01 00 40 11 22 33 44 55 66 02 00 01 00 11 06 00 00 00 00 00 03 00 01 00 11 33 00 00 00 00 00 04 00 01 00 11 33 16 
19:55:02.065->>>>-发送-68 12 00 43 00 00 00 B0 04 00 10 10 02 01 00 FF 19 16 
19:55:02.378-<<<<-接收-68 40 00 83 00 00 00 00 00 00 10 10 02 04 00 01 00 04 11 11 11 11 11 11 01 00 01 00 40 11 22 33 44 55 66 02 00 01 00 11 06 00 00 00 00 00 03 00 01 00 11 33 00 00 00 00 00 04 00 01 00 11 33 16 
19:55:02.612->>>>-发送-68 12 00 43 00 00 00 B0 04 00 10 10 02 01 00 FF 19 16 
19:55:02.940-<<<<-接收-68 40 00 83 00 00 00 00 00 00 10 10 02 04 00 01 00 04 11 11 11 11 11 11 01 00 01 00 40 11 22 33 44 55 66 02 00 01 00 11 06 00 00 00 00 00 03 00 01 00 11 33 00 00 00 00 00 04 00 01 00 11 33 16 
19:55:03.159->>>>-发送-68 12 00 43 00 00 00 B0 04 00 10 10 02 01 00 FF 19 16 
19:55:03.393-<<<<-接收-68 40 00 83 00 00 00 00 00 00 10 10 02 04 00 01 00 04 11 11 11 11 11 11 01 00 01 00 40 11 22 33 44 55 66 02 00 01 00 11 06 00 00 00 00 00 03 00 01 00 11 33 00 00 00 00 00 04 00 01 00 11 33 16 
19:55:03.722->>>>-发送-68 12 00 43 00 00 00 B0 04 00 10 10 02 01 00 FF 19 16 
19:55:04.050-<<<<-接收-68 40 00 83 00 00 00 00 00 00 10 10 02 04 00 01 00 04 11 11 11 11 11 11 01 00 01 00 40 11 22 33 44 55 66 02 00 01 00 11 06 00 00 00 00 00 03 00 01 00 11 33 00 00 00 00 00 04 00 01 00 11 33 16 
19:55:04.300->>>>-发送-68 12 00 43 00 00 00 B0 04 00 10 10 02 01 00 FF 19 16 
19:55:04.612-<<<<-接收-68 40 00 83 00 00 00 00 00 00 10 10 02 04 00 01 00 04 11 11 11 11 11 11 01 00 01 00 40 11 22 33 44 55 66 02 00 01 00 11 06 00 00 00 00 00 03 00 01 00 11 33 00 00 00 00 00 04 00 01 00 11 33 16 
19:55:04.847->>>>-发送-68 12 00 43 00 00 00 B0 04 00 10 10 02 01 00 FF 19 16 
19:55:05.081-<<<<-接收-68 40 00 83 00 00 00 00 00 00 10 10 02 04 00 01 00 04 11 11 11 11 11 11 01 00 01 00 40 11 22 33 44 55 66 02 00 01 00 11 06 00 00 00 00 00 03 00 01 00 11 33 00 00 00 00 00 04 00 01 00 11 33 16 
19:55:05.409->>>>-发送-68 12 00 43 00 00 00 B0 04 00 10 10 02 01 00 FF 19 16 
19:55:05.784-<<<<-接收-68 40 00 83 00 00 00 00 00 00 10 10 02 04 00 01 00 04 11 11 11 11 11 11 01 00 01 00 40 11 22 33 44 55 66 02 00 01 00 11 06 00 00 00 00 00 03 00 01 00 11 33 00 00 00 00 00 04 00 01 00 11 33 16 
19:55:05.972->>>>-发送-68 12 00 43 00 00 00 B0 04 00 10 10 02 01 00 FF 19 16 
19:55:06.206-<<<<-接收-68 40 00 83 00 00 00 00 00 00 10 10 02 04 00 01 00 04 11 11 11 11 11 11 01 00 01 00 40 11 22 33 44 55 66 02 00 01 00 11 06 00 00 00 00 00 03 00 01 00 11 33 00 00 00 00 00 04 00 01 00 11 33 16 
19:55:06.534->>>>-发送-68 12 00 43 00 00 00 B0 04 00 10 10 02 01 00 FF 19 16 
19:55:06.753-<<<<-接收-68 40 00 83 00 00 00 00 00 00 10 10 02 04 00 01 00 04 11 11 11 11 11 11 01 00 01 00 40 11 22 33 44 55 66 02 00 01 00 11 06 00 00 00 00 00 03 00 01 00 11 33 00 00 00 00 00 04 00 01 00 11 33 16 
19:55:07.066->>>>-发送-68 12 00 43 00 00 00 B0 04 00 10 10 02 01 00 FF 19 16 
19:55:07.378-<<<<-接收-68 40 00 83 00 00 00 00 00 00 10 10 02 04 00 01 00 04 11 11 11 11 11 11 01 00 01 00 40 11 22 33 44 55 66 02 00 01 00 11 06 00 00 00 00 00 03 00 01 00 11 33 00 00 00 00 00 04 00 01 00 11 33 16 
19:55:07.613->>>>-发送-68 12 00 43 00 00 00 B0 04 00 10 10 02 01 00 FF 19 16 
19:55:07.956-<<<<-接收-68 40 00 83 00 00 00 00 00 00 10 10 02 04 00 01 00 04 11 11 11 11 11 11 01 00 01 00 40 11 22 33 44 55 66 02 00 01 00 11 06 00 00 00 00 00 03 00 01 00 11 33 00 00 00 00 00 04 00 01 00 11 33 16 
19:55:08.128->>>>-发送-68 12 00 43 00 00 00 B0 04 00 10 10 02 01 00 FF 19 16 
19:55:08.425-<<<<-接收-68 40 00 83 00 00 00 00 00 00 10 10 02 04 00 01 00 04 11 11 11 11 11 11 01 00 01 00 40 11 22 33 44 55 66 02 00 01 00 11 06 00 00 00 00 00 03 00 01 00 11 33 00 00 00 00 00 04 00 01 00 11 33 16 
19:55:08.660->>>>-发送-68 12 00 43 00 00 00 B0 04 00 10 10 02 01 00 FF 19 16 
19:55:08.878-<<<<-接收-68 40 00 83 00 00 00 00 00 00 10 10 02 04 00 01 00 04 11 11 11 11 11 11 01 00 01 00 40 11 22 33 44 55 66 02 00 01 00 11 06 00 00 00 00 00 03 00 01 00 11 33 00 00 00 00 00 04 00 01 00 11 33 16 
19:55:09.191->>>>-发送-68 12 00 43 00 00 00 B0 04 00 10 10 02 01 00 FF 19 16 
19:55:09.519-<<<<-接收-68 40 00 83 00 00 00 00 00 00 10 10 02 04 00 01 00 04 11 11 11 11 11 11 01 00 01 00 40 11 22 33 44 55 66 02 00 01 00 11 06 00 00 00 00 00 03 00 01 00 11 33 00 00 00 00 00 04 00 01 00 11 33 16 
19:55:09.738->>>>-发送-68 12 00 43 00 00 00 B0 04 00 10 10 02 01 00 FF 19 16 
19:55:09.941-<<<<-接收-68 40 00 83 00 00 00 00 00 00 10 10 02 04 00 01 00 04 11 11 11 11 11 11 01 00 01 00 40 11 22 33 44 55 66 02 00 01 00 11 06 00 00 00 00 00 03 00 01 00 11 33 00 00 00 00 00 04 00 01 00 11 33 16 
19:55:10.269->>>>-发送-68 12 00 43 00 00 00 B0 04 00 10 10 02 01 00 FF 19 16 
19:55:10.472-<<<<-接收-68 40 00 83 00 00 00 00 00 00 10 10 02 04 00 01 00 04 11 11 11 11 11 11 01 00 01 00 40 11 22 33 44 55 66 02 00 01 00 11 06 00 00 00 00 00 03 00 01 00 11 33 00 00 00 00 00 04 00 01 00 11 33 16 
19:55:10.800->>>>-发送-68 12 00 43 00 00 00 B0 04 00 10 10 02 01 00 FF 19 16 
19:55:11.035-<<<<-接收-68 40 00 83 00 00 00 00 00 00 10 10 02 04 00 01 00 04 11 11 11 11 11 11 01 00 01 00 40 11 22 33 44 55 66 02 00 01 00 11 06 00 00 00 00 00 03 00 01 00 11 33 00 00 00 00 00 04 00 01 00 11 33 16 
19:55:26.474->>>>-发送-68 12 00 43 00 00 00 B0 04 00 10 10 02 02 00 FF 1A 16 
19:55:26.708-<<<<-接收-68 35 00 83 00 00 00 00 00 00 10 10 02 04 00 02 00 03 11 22 33 44 55 66 02 00 01 00 11 06 00 00 00 00 00 03 00 01 00 11 33 00 00 00 00 00 04 00 01 00 11 8B 16 
19:55:27.005->>>>-发送-68 12 00 43 00 00 00 B0 04 00 10 10 02 02 00 FF 1A 16 
19:55:27.240-<<<<-接收-68 35 00 83 00 00 00 00 00 00 10 10 02 04 00 02 00 03 11 22 33 44 55 66 02 00 01 00 11 06 00 00 00 00 00 03 00 01 00 11 33 00 00 00 00 00 04 00 01 00 11 8B 16 
19:55:27.568->>>>-发送-68 12 00 43 00 00 00 B0 04 00 10 10 02 02 00 FF 1A 16 
19:55:27.771-<<<<-接收-68 35 00 83 00 00 00 00 00 00 10 10 02 04 00 02 00 03 11 22 33 44 55 66 02 00 01 00 11 06 00 00 00 00 00 03 00 01 00 11 33 00 00 00 00 00 04 00 01 00 11 8B 16 
19:55:28.115->>>>-发送-68 12 00 43 00 00 00 B0 04 00 10 10 02 02 00 FF 1A 16 
19:55:28.427-<<<<-接收-68 35 00 83 00 00 00 00 00 00 10 10 02 04 00 02 00 03 11 22 33 44 55 66 02 00 01 00 11 06 00 00 00 00 00 03 00 01 00 11 33 00 00 00 00 00 04 00 01 00 11 8B 16 
19:55:28.677->>>>-发送-68 12 00 43 00 00 00 B0 04 00 10 10 02 02 00 FF 1A 16 
19:55:28.959-<<<<-接收-68 35 00 83 00 00 00 00 00 00 10 10 02 04 00 02 00 03 11 22 33 44 55 66 02 00 01 00 11 06 00 00 00 00 00 03 00 01 00 11 33 00 00 00 00 00 04 00 01 00 11 8B 16 
19:55:29.209->>>>-发送-68 12 00 43 00 00 00 B0 04 00 10 10 02 02 00 FF 1A 16 
19:55:29.506-<<<<-接收-68 35 00 83 00 00 00 00 00 00 10 10 02 04 00 02 00 03 11 22 33 44 55 66 02 00 01 00 11 06 00 00 00 00 00 03 00 01 00 11 33 00 00 00 00 00 04 00 01 00 11 8B 16 
19:55:29.724->>>>-发送-68 12 00 43 00 00 00 B0 04 00 10 10 02 02 00 FF 1A 16 
19:55:29.943-<<<<-接收-68 35 00 83 00 00 00 00 00 00 10 10 02 04 00 02 00 03 11 22 33 44 55 66 02 00 01 00 11 06 00 00 00 00 00 03 00 01 00 11 33 00 00 00 00 00 04 00 01 00 11 8B 16 
19:55:30.256->>>>-发送-68 12 00 43 00 00 00 B0 04 00 10 10 02 02 00 FF 1A 16 
19:55:30.427-<<<<-接收-68 35 00 83 00 00 00 00 00 00 10 10 02 04 00 02 00 03 11 22 33 44 55 66 02 00 01 00 11 06 00 00 00 00 00 03 00 01 00 11 33 00 00 00 00 00 04 00 01 00 11 8B 16 
19:55:30.631->>>>-发送-68 12 00 43 00 00 00 B0 04 00 10 10 02 02 00 FF 1A 16 
19:55:30.881-<<<<-接收-68 35 00 83 00 00 00 00 00 00 10 10 02 04 00 02 00 03 11 22 33 44 55 66 02 00 01 00 11 06 00 00 00 00 00 03 00 01 00 11 33 00 00 00 00 00 04 00 01 00 11 8B 16 
19:55:31.193->>>>-发送-68 12 00 43 00 00 00 B0 04 00 10 10 02 02 00 FF 1A 16 
19:55:31.428-<<<<-接收-68 35 00 83 00 00 00 00 00 00 10 10 02 04 00 02 00 03 11 22 33 44 55 66 02 00 01 00 11 06 00 00 00 00 00 03 00 01 00 11 33 00 00 00 00 00 04 00 01 00 11 8B 16 
19:55:31.756->>>>-发送-68 12 00 43 00 00 00 B0 04 00 10 10 02 02 00 FF 1A 16 
19:55:32.100-<<<<-接收-68 35 00 83 00 00 00 00 00 00 10 10 02 04 00 02 00 03 11 22 33 44 55 66 02 00 01 00 11 06 00 00 00 00 00 03 00 01 00 11 33 00 00 00 00 00 04 00 01 00 11 8B 16 
19:55:32.318->>>>-发送-68 12 00 43 00 00 00 B0 04 00 10 10 02 02 00 FF 1A 16 
19:55:32.584-<<<<-接收-68 35 00 83 00 00 00 00 00 00 10 10 02 04 00 02 00 03 11 22 33 44 55 66 02 00 01 00 11 06 00 00 00 00 00 03 00 01 00 11 33 00 00 00 00 00 04 00 01 00 11 8B 16 
19:55:32.897->>>>-发送-68 12 00 43 00 00 00 B0 04 00 10 10 02 02 00 FF 1A 16 
19:55:33.146-<<<<-接收-68 35 00 83 00 00 00 00 00 00 10 10 02 04 00 02 00 03 11 22 33 44 55 66 02 00 01 00 11 06 00 00 00 00 00 03 00 01 00 11 33 00 00 00 00 00 04 00 01 00 11 8B 16 
19:55:33.443->>>>-发送-68 12 00 43 00 00 00 B0 04 00 10 10 02 02 00 FF 1A 16 
19:55:33.772-<<<<-接收-68 35 00 83 00 00 00 00 00 00 10 10 02 04 00 02 00 03 11 22 33 44 55 66 02 00 01 00 11 06 00 00 00 00 00 03 00 01 00 11 33 00 00 00 00 00 04 00 01 00 11 8B 16 
19:55:34.022->>>>-发送-68 12 00 43 00 00 00 B0 04 00 10 10 02 02 00 FF 1A 16 
19:55:34.303-<<<<-接收-68 35 00 83 00 00 00 00 00 00 10 10 02 04 00 02 00 03 11 22 33 44 55 66 02 00 01 00 11 06 00 00 00 00 00 03 00 01 00 11 33 00 00 00 00 00 04 00 01 00 11 8B 16 
19:55:34.569->>>>-发送-68 12 00 43 00 00 00 B0 04 00 10 10 02 02 00 FF 1A 16 
19:55:34.834-<<<<-接收-68 35 00 83 00 00 00 00 00 00 10 10 02 04 00 02 00 03 11 22 33 44 55 66 02 00 01 00 11 06 00 00 00 00 00 03 00 01 00 11 33 00 00 00 00 00 04 00 01 00 11 8B 16 
19:55:35.131->>>>-发送-68 12 00 43 00 00 00 B0 04 00 10 10 02 02 00 FF 1A 16 
19:55:35.397-<<<<-接收-68 35 00 83 00 00 00 00 00 00 10 10 02 04 00 02 00 03 11 22 33 44 55 66 02 00 01 00 11 06 00 00 00 00 00 03 00 01 00 11 33 00 00 00 00 00 04 00 01 00 11 8B 16 
19:55:35.694->>>>-发送-68 12 00 43 00 00 00 B0 04 00 10 10 02 02 00 FF 1A 16 
19:55:35.928-<<<<-接收-68 35 00 83 00 00 00 00 00 00 10 10 02 04 00 02 00 03 11 22 33 44 55 66 02 00 01 00 11 06 00 00 00 00 00 03 00 01 00 11 33 00 00 00 00 00 04 00 01 00 11 8B 16 
19:55:36.256->>>>-发送-68 12 00 43 00 00 00 B0 04 00 10 10 02 02 00 FF 1A 16 
19:55:36.584-<<<<-接收-68 35 00 83 00 00 00 00 00 00 10 10 02 04 00 02 00 03 11 22 33 44 55 66 02 00 01 00 11 06 00 00 00 00 00 03 00 01 00 11 33 00 00 00 00 00 04 00 01 00 11 8B 16 
19:55:36.850->>>>-发送-68 12 00 43 00 00 00 B0 04 00 10 10 02 02 00 FF 1A 16 
19:55:37.069-<<<<-接收-68 35 00 83 00 00 00 00 00 00 10 10 02 04 00 02 00 03 11 22 33 44 55 66 02 00 01 00 11 06 00 00 00 00 00 03 00 01 00 11 33 00 00 00 00 00 04 00 01 00 11 8B 16 
19:55:37.428->>>>-发送-68 12 00 43 00 00 00 B0 04 00 10 10 02 02 00 FF 1A 16 
19:55:37.709-<<<<-接收-68 35 00 83 00 00 00 00 00 00 10 10 02 04 00 02 00 03 11 22 33 44 55 66 02 00 01 00 11 06 00 00 00 00 00 03 00 01 00 11 33 00 00 00 00 00 04 00 01 00 11 8B 16 
19:55:38.006->>>>-发送-68 12 00 43 00 00 00 B0 04 00 10 10 02 02 00 FF 1A 16 
19:55:38.225-<<<<-接收-68 35 00 83 00 00 00 00 00 00 10 10 02 04 00 02 00 03 11 22 33 44 55 66 02 00 01 00 11 06 00 00 00 00 00 03 00 01 00 11 33 00 00 00 00 00 04 00 01 00 11 8B 16 
19:55:38.569->>>>-发送-68 12 00 43 00 00 00 B0 04 00 10 10 02 02 00 FF 1A 16 
19:55:38.835-<<<<-接收-68 35 00 83 00 00 00 00 00 00 10 10 02 04 00 02 00 03 11 22 33 44 55 66 02 00 01 00 11 06 00 00 00 00 00 03 00 01 00 11 33 00 00 00 00 00 04 00 01 00 11 8B 16 
19:55:39.163->>>>-发送-68 12 00 43 00 00 00 B0 04 00 10 10 02 02 00 FF 1A 16 
19:55:39.366-<<<<-接收-68 35 00 83 00 00 00 00 00 00 10 10 02 04 00 02 00 03 11 22 33 44 55 66 02 00 01 00 11 06 00 00 00 00 00 03 00 01 00 11 33 00 00 00 00 00 04 00 01 00 11 8B 16 
19:55:39.725->>>>-发送-68 12 00 43 00 00 00 B0 04 00 10 10 02 02 00 FF 1A 16 
19:55:39.913-<<<<-接收-68 35 00 83 00 00 00 00 00 00 10 10 02 04 00 02 00 03 11 22 33 44 55 66 02 00 01 00 11 06 00 00 00 00 00 03 00 01 00 11 33 00 00 00 00 00 04 00 01 00 11 8B 16 
19:55:40.132->>>>-发送-68 12 00 43 00 00 00 B0 04 00 10 10 02 02 00 FF 1A 16 
19:55:40.382-<<<<-接收-68 35 00 83 00 00 00 00 00 00 10 10 02 04 00 02 00 03 11 22 33 44 55 66 02 00 01 00 11 06 00 00 00 00 00 03 00 01 00 11 33 00 00 00 00 00 04 00 01 00 11 8B 16 
19:55:40.725->>>>-发送-68 12 00 43 00 00 00 B0 04 00 10 10 02 02 00 FF 1A 16 
19:55:40.991-<<<<-接收-68 35 00 83 00 00 00 00 00 00 10 10 02 04 00 02 00 03 11 22 33 44 55 66 02 00 01 00 11 06 00 00 00 00 00 03 00 01 00 11 33 00 00 00 00 00 04 00 01 00 11 8B 16 
19:55:41.304->>>>-发送-68 12 00 43 00 00 00 B0 04 00 10 10 02 02 00 FF 1A 16 
19:55:41.507-<<<<-接收-68 35 00 83 00 00 00 00 00 00 10 10 02 04 00 02 00 03 11 22 33 44 55 66 02 00 01 00 11 06 00 00 00 00 00 03 00 01 00 11 33 00 00 00 00 00 04 00 01 00 11 8B 16 
19:55:41.694->>>>-发送-68 12 00 43 00 00 00 B0 04 00 10 10 02 02 00 FF 1A 16 
19:55:41.929-<<<<-接收-68 35 00 83 00 00 00 00 00 00 10 10 02 04 00 02 00 03 11 22 33 44 55 66 02 00 01 00 11 06 00 00 00 00 00 03 00 01 00 11 33 00 00 00 00 00 04 00 01 00 11 8B 16 
19:55:42.273->>>>-发送-68 12 00 43 00 00 00 B0 04 00 10 10 02 02 00 FF 1A 16 
19:55:42.460-<<<<-接收-68 35 00 83 00 00 00 00 00 00 10 10 02 04 00 02 00 03 11 22 33 44 55 66 02 00 01 00 11 06 00 00 00 00 00 03 00 01 00 11 33 00 00 00 00 00 04 00 01 00 11 8B 16 
19:55:42.648->>>>-发送-68 12 00 43 00 00 00 B0 04 00 10 10 02 02 00 FF 1A 16 
19:55:42.913-<<<<-接收-68 35 00 83 00 00 00 00 00 00 10 10 02 04 00 02 00 03 11 22 33 44 55 66 02 00 01 00 11 06 00 00 00 00 00 03 00 01 00 11 33 00 00 00 00 00 04 00 01 00 11 8B 16 
19:55:43.257->>>>-发送-68 12 00 43 00 00 00 B0 04 00 10 10 02 02 00 FF 1A 16 
19:55:43.569-<<<<-接收-68 35 00 83 00 00 00 00 00 00 10 10 02 04 00 02 00 03 11 22 33 44 55 66 02 00 01 00 11 06 00 00 00 00 00 03 00 01 00 11 33 00 00 00 00 00 04 00 01 00 11 8B 16 
19:55:43.866->>>>-发送-68 12 00 43 00 00 00 B0 04 00 10 10 02 02 00 FF 1A 16 
19:55:44.116-<<<<-接收-68 35 00 83 00 00 00 00 00 00 10 10 02 04 00 02 00 03 11 22 33 44 55 66 02 00 01 00 11 06 00 00 00 00 00 03 00 01 00 11 33 00 00 00 00 00 04 00 01 00 11 8B 16 
19:55:44.601->>>>-发送-68 12 00 43 00 00 00 B0 04 00 10 10 02 02 00 FF 1A 16 
19:55:44.851-<<<<-接收-68 35 00 83 00 00 00 00 00 00 10 10 02 04 00 02 00 03 11 22 33 44 55 66 02 00 01 00 11 06 00 00 00 00 00 03 00 01 00 11 33 00 00 00 00 00 04 00 01 00 11 8B 16 
19:55:45.226->>>>-发送-68 12 00 43 00 00 00 B0 04 00 10 10 02 02 00 FF 1A 16 
19:55:45.476-<<<<-接收-68 35 00 83 00 00 00 00 00 00 10 10 02 04 00 02 00 03 11 22 33 44 55 66 02 00 01 00 11 06 00 00 00 00 00 03 00 01 00 11 33 00 00 00 00 00 04 00 01 00 11 8B 16 
19:55:45.788->>>>-发送-68 12 00 43 00 00 00 B0 04 00 10 10 02 02 00 FF 1A 16 
19:55:46.117-<<<<-接收-68 35 00 83 00 00 00 00 00 00 10 10 02 04 00 02 00 03 11 22 33 44 55 66 02 00 01 00 11 06 00 00 00 00 00 03 00 01 00 11 33 00 00 00 00 00 04 00 01 00 11 8B 16 
19:55:46.382->>>>-发送-68 12 00 43 00 00 00 B0 04 00 10 10 02 02 00 FF 1A 16 
19:55:46.617-<<<<-接收-68 35 00 83 00 00 00 00 00 00 10 10 02 04 00 02 00 03 11 22 33 44 55 66 02 00 01 00 11 06 00 00 00 00 00 03 00 01 00 11 33 00 00 00 00 00 04 00 01 00 11 8B 16 
19:55:46.945->>>>-发送-68 12 00 43 00 00 00 B0 04 00 10 10 02 02 00 FF 1A 16 
19:55:47.211-<<<<-接收-68 35 00 83 00 00 00 00 00 00 10 10 02 04 00 02 00 03 11 22 33 44 55 66 02 00 01 00 11 06 00 00 00 00 00 03 00 01 00 11 33 00 00 00 00 00 04 00 01 00 11 8B 16 
19:55:47.554->>>>-发送-68 12 00 43 00 00 00 B0 04 00 10 10 02 02 00 FF 1A 16 
19:55:47.804-<<<<-接收-68 35 00 83 00 00 00 00 00 00 10 10 02 04 00 02 00 03 11 22 33 44 55 66 02 00 01 00 11 06 00 00 00 00 00 03 00 01 00 11 33 00 00 00 00 00 04 00 01 00 11 8B 16 
19:55:48.148->>>>-发送-68 12 00 43 00 00 00 B0 04 00 10 10 02 02 00 FF 1A 16 
19:55:48.383-<<<<-接收-68 35 00 83 00 00 00 00 00 00 10 10 02 04 00 02 00 03 11 22 33 44 55 66 02 00 01 00 11 06 00 00 00 00 00 03 00 01 00 11 33 00 00 00 00 00 04 00 01 00 11 8B 16 
19:55:48.742->>>>-发送-68 12 00 43 00 00 00 B0 04 00 10 10 02 02 00 FF 1A 16 
19:55:48.929-<<<<-接收-68 35 00 83 00 00 00 00 00 00 10 10 02 04 00 02 00 03 11 22 33 44 55 66 02 00 01 00 11 06 00 00 00 00 00 03 00 01 00 11 33 00 00 00 00 00 04 00 01 00 11 8B 16 
19:55:49.164->>>>-发送-68 12 00 43 00 00 00 B0 04 00 10 10 02 02 00 FF 1A 16 
19:55:49.445-<<<<-接收-68 35 00 83 00 00 00 00 00 00 10 10 02 04 00 02 00 03 11 22 33 44 55 66 02 00 01 00 11 06 00 00 00 00 00 03 00 01 00 11 33 00 00 00 00 00 04 00 01 00 11 8B 16 
19:55:49.820->>>>-发送-68 12 00 43 00 00 00 B0 04 00 10 10 02 02 00 FF 1A 16 
19:55:50.117-<<<<-接收-68 35 00 83 00 00 00 00 00 00 10 10 02 04 00 02 00 03 11 22 33 44 55 66 02 00 01 00 11 06 00 00 00 00 00 03 00 01 00 11 33 00 00 00 00 00 04 00 01 00 11 8B 16 
19:55:50.398->>>>-发送-68 12 00 43 00 00 00 B0 04 00 10 10 02 02 00 FF 1A 16 
19:55:50.633-<<<<-接收-68 35 00 83 00 00 00 00 00 00 10 10 02 04 00 02 00 03 11 22 33 44 55 66 02 00 01 00 11 06 00 00 00 00 00 03 00 01 00 11 33 00 00 00 00 00 04 00 01 00 11 8B 16 
19:55:50.961->>>>-发送-68 12 00 43 00 00 00 B0 04 00 10 10 02 02 00 FF 1A 16 
19:55:51.133-<<<<-接收-68 35 00 83 00 00 00 00 00 00 10 10 02 04 00 02 00 03 11 22 33 44 55 66 02 00 01 00 11 06 00 00 00 00 00 03 00 01 00 11 33 00 00 00 00 00 04 00 01 00 11 8B 16 
19:55:51.367->>>>-发送-68 12 00 43 00 00 00 B0 04 00 10 10 02 02 00 FF 1A 16 
19:55:51.695-<<<<-接收-68 35 00 83 00 00 00 00 00 00 10 10 02 04 00 02 00 03 11 22 33 44 55 66 02 00 01 00 11 06 00 00 00 00 00 03 00 01 00 11 33 00 00 00 00 00 04 00 01 00 11 8B 16 
19:55:51.977->>>>-发送-68 12 00 43 00 00 00 B0 04 00 10 10 02 02 00 FF 1A 16 
19:55:52.164-<<<<-接收-68 35 00 83 00 00 00 00 00 00 10 10 02 04 00 02 00 03 11 22 33 44 55 66 02 00 01 00 11 06 00 00 00 00 00 03 00 01 00 11 33 00 00 00 00 00 04 00 01 00 11 8B 16 
19:55:52.524->>>>-发送-68 12 00 43 00 00 00 B0 04 00 10 10 02 02 00 FF 1A 16 
19:55:52.820-<<<<-接收-68 35 00 83 00 00 00 00 00 00 10 10 02 04 00 02 00 03 11 22 33 44 55 66 02 00 01 00 11 06 00 00 00 00 00 03 00 01 00 11 33 00 00 00 00 00 04 00 01 00 11 8B 16 
19:55:53.102->>>>-发送-68 12 00 43 00 00 00 B0 04 00 10 10 02 02 00 FF 1A 16 
19:55:53.414-<<<<-接收-68 35 00 83 00 00 00 00 00 00 10 10 02 04 00 02 00 03 11 22 33 44 55 66 02 00 01 00 11 06 00 00 00 00 00 03 00 01 00 11 33 00 00 00 00 00 04 00 01 00 11 8B 16 
19:55:53.696->>>>-发送-68 12 00 43 00 00 00 B0 04 00 10 10 02 02 00 FF 1A 16 
19:55:53.867-<<<<-接收-68 35 00 83 00 00 00 00 00 00 10 10 02 04 00 02 00 03 11 22 33 44 55 66 02 00 01 00 11 06 00 00 00 00 00 03 00 01 00 11 33 00 00 00 00 00 04 00 01 00 11 8B 16 
19:55:54.133->>>>-发送-68 12 00 43 00 00 00 B0 04 00 10 10 02 02 00 FF 1A 16 
19:55:54.414-<<<<-接收-68 35 00 83 00 00 00 00 00 00 10 10 02 04 00 02 00 03 11 22 33 44 55 66 02 00 01 00 11 06 00 00 00 00 00 03 00 01 00 11 33 00 00 00 00 00 04 00 01 00 11 8B 16 
19:55:54.711->>>>-发送-68 12 00 43 00 00 00 B0 04 00 10 10 02 02 00 FF 1A 16 
19:55:54.899-<<<<-接收-68 35 00 83 00 00 00 00 00 00 10 10 02 04 00 02 00 03 11 22 33 44 55 66 02 00 01 00 11 06 00 00 00 00 00 03 00 01 00 11 33 00 00 00 00 00 04 00 01 00 11 8B 16 
19:55:55.149->>>>-发送-68 12 00 43 00 00 00 B0 04 00 10 10 02 02 00 FF 1A 16 
19:55:55.368-<<<<-接收-68 35 00 83 00 00 00 00 00 00 10 10 02 04 00 02 00 03 11 22 33 44 55 66 02 00 01 00 11 06 00 00 00 00 00 03 00 01 00 11 33 00 00 00 00 00 04 00 01 00 11 8B 16 
19:55:55.743->>>>-发送-68 12 00 43 00 00 00 B0 04 00 10 10 02 02 00 FF 1A 16 
19:55:56.008-<<<<-接收-68 35 00 83 00 00 00 00 00 00 10 10 02 04 00 02 00 03 11 22 33 44 55 66 02 00 01 00 11 06 00 00 00 00 00 03 00 01 00 11 33 00 00 00 00 00 04 00 01 00 11 8B 16 
19:55:56.337->>>>-发送-68 12 00 43 00 00 00 B0 04 00 10 10 02 02 00 FF 1A 16 
19:55:56.524-<<<<-接收-68 35 00 83 00 00 00 00 00 00 10 10 02 04 00 02 00 03 11 22 33 44 55 66 02 00 01 00 11 06 00 00 00 00 00 03 00 01 00 11 33 00 00 00 00 00 04 00 01 00 11 8B 16 
19:55:56.743->>>>-发送-68 12 00 43 00 00 00 B0 04 00 10 10 02 02 00 FF 1A 16 
19:55:56.993-<<<<-接收-68 35 00 83 00 00 00 00 00 00 10 10 02 04 00 02 00 03 11 22 33 44 55 66 02 00 01 00 11 06 00 00 00 00 00 03 00 01 00 11 33 00 00 00 00 00 04 00 01 00 11 8B 16 
19:55:57.321->>>>-发送-68 12 00 43 00 00 00 B0 04 00 10 10 02 02 00 FF 1A 16 
19:55:57.618-<<<<-接收-68 35 00 83 00 00 00 00 00 00 10 10 02 04 00 02 00 03 11 22 33 44 55 66 02 00 01 00 11 06 00 00 00 00 00 03 00 01 00 11 33 00 00 00 00 00 04 00 01 00 11 8B 16 
19:55:57.899->>>>-发送-68 12 00 43 00 00 00 B0 04 00 10 10 02 02 00 FF 1A 16 
19:55:58.102-<<<<-接收-68 35 00 83 00 00 00 00 00 00 10 10 02 04 00 02 00 03 11 22 33 44 55 66 02 00 01 00 11 06 00 00 00 00 00 03 00 01 00 11 33 00 00 00 00 00 04 00 01 00 11 8B 16 
19:55:58.259->>>>-发送-68 12 00 43 00 00 00 B0 04 00 10 10 02 02 00 FF 1A 16 
19:55:58.555-<<<<-接收-68 35 00 83 00 00 00 00 00 00 10 10 02 04 00 02 00 03 11 22 33 44 55 66 02 00 01 00 11 06 00 00 00 00 00 03 00 01 00 11 33 00 00 00 00 00 04 00 01 00 11 8B 16 
19:56:22.746->>>>-发送-68 12 00 43 00 00 00 B0 04 00 10 10 02 20 00 FF 38 16 
19:56:23.730-<<<<-接收-68 14 00 83 08 10 00 00 04 00 10 10 02 00 00 00 00 00 C1 16 
19:56:26.012->>>>-发送-68 12 00 43 00 00 00 B0 04 00 10 10 02 20 00 FF 38 16 
19:56:27.012-<<<<-接收-68 14 00 83 08 10 00 00 04 00 10 10 02 00 00 00 00 00 C1 16 
19:56:27.887->>>>-发送-68 12 00 43 00 00 00 B0 04 00 10 10 02 20 00 FF 38 16 
19:56:28.887-<<<<-接收-68 14 00 83 08 10 00 00 04 00 10 10 02 00 00 00 00 00 C1 16 
19:56:29.699->>>>-发送-68 12 00 43 00 00 00 B0 04 00 10 10 02 20 00 FF 38 16 
19:56:30.731-<<<<-接收-68 14 00 83 08 10 00 00 04 00 10 10 02 00 00 00 00 00 C1 16 
19:56:34.700->>>>-发送-68 12 00 43 00 00 00 B0 04 00 10 10 02 20 00 FF 38 16 
19:56:35.716-<<<<-接收-68 14 00 83 08 10 00 00 04 00 10 10 02 00 00 00 00 00 C1 16 
19:56:36.185->>>>-发送-68 12 00 43 00 00 00 B0 04 00 10 10 02 20 00 FF 38 16 
19:56:37.169-<<<<-接收-68 14 00 83 08 10 00 00 04 00 10 10 02 00 00 00 00 00 C1 16 
19:56:37.731->>>>-发送-68 12 00 43 00 00 00 B0 04 00 10 10 02 20 00 FF 38 16 
19:56:38.732-<<<<-接收-68 14 00 83 08 10 00 00 04 00 10 10 02 00 00 00 00 00 C1 16 
19:56:39.294->>>>-发送-68 12 00 43 00 00 00 B0 04 00 10 10 02 20 00 FF 38 16 
19:56:40.341-<<<<-接收-68 14 00 83 08 10 00 00 04 00 10 10 02 00 00 00 00 00 C1 16 
19:56:40.841->>>>-发送-68 12 00 43 00 00 00 B0 04 00 10 10 02 20 00 FF 38 16 
19:56:41.826-<<<<-接收-68 14 00 83 08 10 00 00 04 00 10 10 02 00 00 00 00 00 C1 16 
19:56:42.419->>>>-发送-68 12 00 43 00 00 00 B0 04 00 10 10 02 20 00 FF 38 16 
19:56:43.435-<<<<-接收-68 14 00 83 08 10 00 00 04 00 10 10 02 00 00 00 00 00 C1 16 
19:56:43.888->>>>-发送-68 12 00 43 00 00 00 B0 04 00 10 10 02 20 00 FF 38 16 
19:56:45.420-<<<<-接收-68 14 00 83 08 10 00 00 04 00 10 10 02 00 00 00 00 00 C1 16 
19:56:46.061->>>>-发送-68 12 00 43 00 00 00 B0 04 00 10 10 02 20 00 FF 38 16 
19:56:47.076-<<<<-接收-68 14 00 83 08 10 00 00 04 00 10 10 02 00 00 00 00 00 C1 16 
19:56:47.811->>>>-发送-68 12 00 43 00 00 00 B0 04 00 10 10 02 20 00 FF 38 16 
19:56:48.826-<<<<-接收-68 14 00 83 08 10 00 00 04 00 10 10 02 00 00 00 00 00 C1 16 
19:56:49.545->>>>-发送-68 12 00 43 00 00 00 B0 04 00 10 10 02 20 00 FF 38 16 
19:56:50.561-<<<<-接收-68 14 00 83 08 10 00 00 04 00 10 10 02 00 00 00 00 00 C1 16 
19:56:51.045->>>>-发送-68 12 00 43 00 00 00 B0 04 00 10 10 02 20 00 FF 38 16 
19:56:52.108-<<<<-接收-68 14 00 83 08 10 00 00 04 00 10 10 02 00 00 00 00 00 C1 16 
19:56:52.780->>>>-发送-68 12 00 43 00 00 00 B0 04 00 10 10 02 20 00 FF 38 16 
19:56:53.764-<<<<-接收-68 14 00 83 08 10 00 00 04 00 10 10 02 00 00 00 00 00 C1 16 
19:56:54.405->>>>-发送-68 12 00 43 00 00 00 B0 04 00 10 10 02 20 00 FF 38 16 
19:56:55.421-<<<<-接收-68 14 00 83 08 10 00 00 04 00 10 10 02 00 00 00 00 00 C1 16 
19:56:56.124->>>>-发送-68 12 00 43 00 00 00 B0 04 00 10 10 02 20 00 FF 38 16 
19:56:57.140-<<<<-接收-68 14 00 83 08 10 00 00 04 00 10 10 02 00 00 00 00 00 C1 16 
19:58:53.401->>>>-发送-68 12 00 43 00 00 00 B0 04 00 10 10 02 01 00 FF 19 16 
19:58:53.729-<<<<-接收-68 40 00 83 00 00 00 00 00 00 10 10 02 04 00 01 00 04 11 11 11 11 11 11 01 00 01 00 40 11 22 33 44 55 66 02 00 01 00 11 06 00 00 00 00 00 03 00 01 00 11 33 00 00 00 00 00 04 00 01 00 11 33 16 
19:58:54.713->>>>-发送-68 12 00 43 00 00 00 B0 04 00 10 10 02 01 00 FF 19 16 
19:58:55.041-<<<<-接收-68 40 00 83 00 00 00 00 00 00 10 10 02 04 00 01 00 04 11 11 11 11 11 11 01 00 01 00 40 11 22 33 44 55 66 02 00 01 00 11 06 00 00 00 00 00 03 00 01 00 11 33 00 00 00 00 00 04 00 01 00 11 33 16 
20:00:49.366->>>>-发送-68 12 00 43 00 00 00 B0 04 00 10 10 02 01 00 01 1B 16 
20:00:49.585-<<<<-接收-68 1F 00 83 00 00 00 00 00 00 10 10 02 04 00 01 00 01 11 11 11 11 11 11 01 00 01 00 40 53 16 
20:00:51.569->>>>-发送-68 12 00 43 00 00 00 B0 04 00 10 10 02 01 00 01 1B 16 
20:00:51.726-<<<<-接收-68 1F 00 83 00 00 00 00 00 00 10 10 02 04 00 01 00 01 11 11 11 11 11 11 01 00 01 00 40 53 16 
