16:33:05.890->>>>-发送-68 2D 00 43 00 00 00 B0 04 00 13 01 00 03 00 00 1A FE 68 17 00 43 05 09 00 00 00 00 10 00 DA AD 05 01 02 00 10 01 00 00 E7 FA 16 9D 16 
16:33:06.000-<<<<-接收-68 10 00 83 08 10 00 00 00 00 00 02 00 07 A4 16 
16:33:16.173->>>>-发送-68 39 00 43 04 00 00 B0 04 00 11 11 11 11 11 11 09 00 00 00 00 10 13 01 00 03 00 00 1A FE 68 17 00 43 05 09 00 00 00 00 10 00 DA AD 05 01 02 00 10 01 00 00 E7 FA 16 20 16 
16:33:26.345-<<<<-接收-68 10 00 83 08 10 00 00 00 00 00 02 00 0B A8 16 
16:33:56.802->>>>-发送-68 39 00 43 04 00 00 B0 04 00 11 11 11 11 11 11 09 00 00 00 00 10 13 01 00 03 00 00 1A FE 68 17 00 43 05 09 00 00 00 00 10 00 DA AD 05 01 02 00 10 01 00 00 E7 FA 16 20 16 
16:34:06.975-<<<<-接收-68 10 00 83 08 10 00 00 00 00 00 02 00 0B A8 16 
16:40:58.393->>>>-发送-68 2D 00 43 00 00 00 B0 04 00 13 01 00 03 00 00 1A FE 68 17 00 43 05 09 00 00 00 00 10 00 DA AD 05 01 07 00 10 02 00 00 04 01 16 C7 16 
16:40:58.503-<<<<-接收-68 10 00 83 08 10 00 00 00 00 00 02 00 07 A4 16 
16:41:06.254->>>>-发送-68 39 00 43 04 00 00 B0 04 00 11 11 11 11 11 11 09 00 00 00 00 10 13 01 00 03 00 00 1A FE 68 17 00 43 05 09 00 00 00 00 10 00 DA AD 05 01 07 00 10 02 00 00 04 01 16 4A 16 
16:41:07.254-<<<<-接收-68 59 00 83 04 00 00 00 00 00 09 00 00 00 00 10 11 11 11 11 11 11 13 01 00 01 00 03 3A FE FE FE FE 68 34 00 C3 05 09 00 00 00 00 10 00 34 75 85 01 07 00 10 02 00 01 01 05 06 00 00 09 AB 06 00 00 02 9E 06 00 00 03 25 06 00 00 02 48 06 00 00 01 9E 00 00 55 AC 16 B6 16 
16:41:10.176->>>>-发送-68 39 00 43 04 00 00 B0 04 00 11 11 11 11 11 11 09 00 00 00 00 10 13 01 00 03 00 00 1A FE 68 17 00 43 05 09 00 00 00 00 10 00 DA AD 05 01 07 00 10 02 00 00 04 01 16 4A 16 
16:41:12.895-<<<<-接收-68 59 00 83 04 00 00 00 00 00 09 00 00 00 00 10 11 11 11 11 11 11 13 01 00 02 00 03 3A FE FE FE FE 68 34 00 C3 05 09 00 00 00 00 10 00 34 75 85 01 07 00 10 02 00 01 01 05 06 00 00 09 AB 06 00 00 02 9E 06 00 00 03 25 06 00 00 02 48 06 00 00 01 9E 00 00 55 AC 16 B7 16 
