09:25:57.896->>>>-发送-68 0F 00 43 00 00 00 B0 04 00 03 80 01 7B 16 
09:26:00.303-<<<<-接收-68 10 00 83 60 60 00 00 66 00 03 80 01 00 2D 16 
09:26:57.856->>>>-发送-68 10 00 43 00 00 00 B0 04 00 05 80 01 01 7E 16 
09:26:59.247-<<<<-接收-68 10 00 83 00 00 00 00 00 00 00 02 00 13 98 16 
09:39:44.603->>>>-发送-68 0F 00 43 00 00 00 B0 04 00 03 80 01 7B 16 
09:39:47.290-<<<<-接收-68 10 00 83 60 60 00 00 66 00 03 80 01 00 2D 16 
09:39:47.353->>>>-发送-68 10 00 43 00 00 00 B0 04 00 05 80 01 01 7E 16 
09:39:49.228-<<<<-接收-68 10 00 83 00 00 00 00 00 00 00 02 00 13 98 16 
10:15:33.494->>>>-发送-68 0F 00 43 00 00 00 B0 04 00 03 80 01 7B 16 
10:15:36.400-<<<<-接收-68 10 00 83 60 60 00 00 66 00 03 80 01 00 2D 16 
10:16:06.107->>>>-发送-68 10 00 43 00 00 00 B0 04 00 05 80 01 01 7E 16 
10:16:07.310-<<<<-接收-68 10 00 83 00 00 00 00 00 00 00 02 00 13 98 16 
10:16:26.000->>>>-发送-68 10 00 43 00 00 00 B0 04 00 05 80 01 01 7E 16 
10:16:27.593-<<<<-接收-68 10 00 83 00 00 00 00 FE 00 00 02 00 13 96 16 
10:16:32.953->>>>-发送-68 0F 00 43 00 00 00 B0 04 00 03 80 01 7B 16 
10:16:35.329-<<<<-接收-68 10 00 83 60 60 00 00 66 00 03 80 01 00 2D 16 
10:20:59.268->>>>-发送-68 10 00 43 00 00 00 B0 04 00 05 80 01 01 7E 16 
10:21:00.861-<<<<-接收-68 10 00 83 00 00 00 00 00 00 00 02 00 13 98 16 
10:21:10.050->>>>-发送-68 10 00 43 00 00 00 B0 04 00 05 80 01 01 7E 16 
10:21:11.488-<<<<-接收-68 10 00 83 00 00 00 00 FE 00 00 02 00 13 96 16 
10:28:36.976->>>>-发送-68 0F 00 43 00 00 00 B0 04 00 03 80 01 7B 16 
10:28:39.727-<<<<-接收-68 10 00 83 60 60 00 00 66 00 03 80 01 00 2D 16 
10:28:39.789->>>>-发送-68 10 00 43 00 00 00 B0 04 00 05 80 01 01 7E 16 
10:28:41.664-<<<<-接收-68 10 00 83 00 00 00 00 00 00 00 02 00 13 98 16 
10:29:23.950->>>>-发送-68 10 00 43 00 00 00 B0 04 00 05 80 01 00 7D 16 
10:29:25.153-<<<<-接收-68 15 00 83 00 00 00 00 00 00 00 01 00 00 00 00 00 00 00 84 16 
10:29:35.420->>>>-发送-68 0F 00 43 00 00 00 B0 04 00 03 80 01 7B 16 
10:29:37.733-<<<<-接收-68 10 00 83 60 60 00 00 66 00 03 80 01 00 2D 16 
10:29:41.936->>>>-发送-68 0F 00 43 00 00 00 B0 04 00 03 80 01 7B 16 
10:29:44.483-<<<<-接收-68 10 00 83 60 60 00 00 66 00 03 80 01 00 2D 16 
10:30:06.642->>>>-发送-68 10 00 43 00 00 00 B0 04 00 05 80 01 01 7E 16 
10:30:08.658-<<<<-接收-68 15 00 83 00 00 00 00 00 00 00 01 00 00 00 00 00 00 00 84 16 
10:30:17.174->>>>-发送-68 0F 00 43 00 00 00 B0 04 00 03 80 01 7B 16 
10:30:19.284-<<<<-接收-68 10 00 83 60 60 00 00 66 00 03 80 01 00 2D 16 
11:11:25.358->>>>-发送-68 0F 00 43 00 00 00 B0 04 00 03 08 00 02 16 
11:11:27.030-<<<<-接收-68 15 00 83 00 00 00 00 FC 00 03 08 00 32 00 00 96 40 00 92 16 
11:11:37.219->>>>-发送-68 0F 00 43 00 00 00 B0 04 00 03 08 00 02 16 
11:11:38.641-<<<<-接收-68 15 00 83 00 00 00 00 FE 00 03 08 00 32 00 00 96 40 00 94 16 
11:11:42.298->>>>-发送-68 0F 00 43 00 00 00 B0 04 00 03 08 00 02 16 
11:11:43.485-<<<<-接收-68 15 00 83 00 00 00 00 FE 00 03 08 00 32 00 00 96 40 00 94 16 
11:12:15.645->>>>-发送-68 15 00 43 00 00 00 B0 04 00 05 01 00 00 00 01 01 01 02 02 16 
11:12:17.817-<<<<-接收-68 15 00 83 30 30 00 00 34 00 00 01 00 00 00 00 00 00 00 18 16 
11:12:34.366->>>>-发送-68 0F 00 43 00 00 00 B0 04 00 03 08 00 02 16 
11:12:35.460-<<<<-接收-68 15 00 83 00 00 00 00 FC 00 03 08 00 00 00 01 01 01 02 8F 16 
11:13:13.589->>>>-发送-68 12 00 43 00 00 00 B0 04 00 10 02 00 01 00 0A 14 16 
11:13:15.089-<<<<-接收-68 1A 00 83 00 00 00 00 FC 00 10 02 00 01 00 01 06 00 00 00 00 00 00 10 A9 16 
11:13:16.183->>>>-发送-68 0F 00 43 00 00 00 B0 04 00 03 80 01 7B 16 
11:13:18.949-<<<<-接收-68 10 00 83 60 60 00 00 66 00 03 80 01 00 2D 16 
11:13:19.011->>>>-发送-68 12 00 43 00 00 00 B0 04 00 10 02 00 01 00 0A 14 16 
11:13:20.902-<<<<-接收-68 1A 00 83 00 00 00 00 FC 00 10 02 00 01 00 01 06 00 00 00 00 00 00 10 A9 16 
11:13:27.137->>>>-发送-68 0F 00 43 00 00 00 B0 04 00 03 08 00 02 16 
11:13:28.653-<<<<-接收-68 15 00 83 00 00 00 00 FE 00 03 08 00 00 00 01 01 01 02 91 16 
11:13:28.715->>>>-发送-68 0F 00 43 00 00 00 B0 04 00 03 80 01 7B 16 
11:13:31.560-<<<<-接收-68 10 00 83 60 60 00 00 66 00 03 80 01 00 2D 16 
11:13:31.622->>>>-发送-68 12 00 43 00 00 00 B0 04 00 10 02 00 01 00 0A 14 16 
11:13:33.497-<<<<-接收-68 1A 00 83 00 00 00 00 00 00 10 02 00 01 00 01 06 00 00 00 00 00 00 10 AD 16 
11:13:45.655->>>>-发送-68 0F 00 43 00 00 00 B0 04 00 03 01 00 FB 16 
11:13:47.046-<<<<-接收-68 18 00 83 00 00 00 00 FE 00 03 01 00 5A 57 31 30 20 10 16 10 20 0D 16 
11:13:47.108->>>>-发送-68 0F 00 43 00 00 00 B0 04 00 03 02 00 FC 16 
11:13:48.983-<<<<-接收-68 10 00 83 00 00 00 00 FE 00 03 02 00 00 86 16 
11:13:49.061->>>>-发送-68 0F 00 43 00 00 00 B0 04 00 03 04 00 FE 16 
11:13:50.921-<<<<-接收-68 11 00 83 00 00 00 00 FE 00 03 04 00 00 00 88 16 
11:13:50.984->>>>-发送-68 0F 00 43 00 00 00 B0 04 00 03 08 00 02 16 
11:13:52.843-<<<<-接收-68 15 00 83 00 00 00 00 FE 00 03 08 00 00 00 01 01 01 02 91 16 
11:13:52.921->>>>-发送-68 0F 00 43 00 00 00 B0 04 00 03 10 00 0A 16 
11:13:54.796-<<<<-接收-68 13 00 83 00 00 00 00 FE 00 03 10 00 21 01 00 00 B6 16 
11:13:54.859->>>>-发送-68 0F 00 43 00 00 00 B0 04 00 03 20 00 1A 16 
11:13:56.734-<<<<-接收-68 10 00 83 00 00 00 00 FE 00 03 20 00 00 A4 16 
11:13:56.797->>>>-发送-68 0F 00 43 00 00 00 B0 04 00 03 40 00 3A 16 
11:13:58.672-<<<<-接收-68 10 00 83 00 00 00 00 FE 00 03 40 00 14 D8 16 
11:13:58.734->>>>-发送-68 0F 00 43 00 00 00 B0 04 00 03 80 00 7A 16 
11:14:00.610-<<<<-接收-68 10 00 83 00 00 00 00 00 00 00 02 00 0A 8F 16 
11:14:00.672->>>>-发送-68 0F 00 43 00 00 00 B0 04 00 03 01 01 FC 16 
11:14:02.532-<<<<-接收-68 11 00 83 00 00 00 00 FE 00 03 01 01 0A 00 90 16 
11:14:02.610->>>>-发送-68 0F 00 43 00 00 00 B0 04 00 03 02 01 FD 16 
11:14:04.501-<<<<-接收-68 38 00 83 00 00 00 00 FE 00 03 02 01 B2 2F 01 01 00 00 14 0A 00 00 08 00 08 1E 00 00 01 01 01 02 F8 07 01 00 28 06 16 27 06 16 5A 57 31 30 20 10 16 10 20 00 80 4A 16 
11:14:04.563->>>>-发送-68 0F 00 43 00 00 00 B0 04 00 03 04 01 FF 16 
11:14:06.407-<<<<-接收-68 10 00 83 00 00 00 00 00 00 00 02 00 02 87 16 
11:14:06.470->>>>-发送-68 0F 00 43 00 00 00 B0 04 00 03 80 01 7B 16 
11:14:09.298-<<<<-接收-68 10 00 83 60 60 00 00 66 00 03 80 01 00 2D 16 
11:14:18.612->>>>-发送-68 0F 00 43 00 00 00 B0 04 00 04 01 00 FC 16 
11:14:19.940-<<<<-接收-68 15 00 83 00 00 00 00 FE 00 00 01 00 00 00 00 00 00 00 82 16 
11:14:20.018->>>>-发送-68 0F 00 43 00 00 00 B0 04 00 04 02 00 FD 16 
11:14:21.878-<<<<-接收-68 15 00 83 30 30 00 00 38 00 00 01 00 00 00 00 00 00 00 1C 16 
11:14:21.956->>>>-发送-68 0F 00 43 00 00 00 B0 04 00 04 04 00 FF 16 
11:14:23.815-<<<<-接收-68 10 00 83 30 30 00 00 30 00 00 02 00 01 16 16 
11:14:40.833->>>>-发送-68 2E 00 43 04 00 00 B0 04 00 11 11 11 11 11 11 06 00 00 00 00 00 02 01 00 02 11 FE 68 06 00 00 00 00 00 68 11 04 33 32 34 35 B9 16 03 16 
11:46:10.640->>>>-发送-68 1B 00 43 04 00 00 B0 04 00 11 11 11 11 11 11 06 00 00 00 00 00 01 02 00 6A 16 
11:46:21.750-<<<<-接收-68 38 00 C3 00 00 00 00 00 01 03 02 01 B2 2F 01 01 00 00 14 0A 00 00 08 00 08 1E BB BB BB BB BB BB F8 07 00 00 28 06 16 27 06 16 5A 57 31 30 20 10 16 10 20 00 80 E9 16 
11:46:39.940->>>>-发送-68 1B 00 43 04 00 00 B0 04 00 11 11 11 11 11 11 06 00 00 00 00 00 01 02 00 6A 16 
11:46:50.894-<<<<-接收-68 38 00 C3 00 00 00 00 00 01 03 02 01 B2 2F 01 01 00 00 14 0A 00 00 08 00 08 1E BB BB BB BB BB BB F8 07 00 00 28 06 16 27 06 16 5A 57 31 30 20 10 16 10 20 00 80 E9 16 
11:47:31.172->>>>-发送-68 0F 00 43 00 00 00 B0 04 00 01 02 00 FA 16 
11:47:42.251-<<<<-接收-68 38 00 C3 00 00 00 00 00 01 03 02 01 B2 2F 01 01 00 00 14 0A 00 00 08 00 08 1E BB BB BB BB BB BB F8 07 00 00 28 06 16 27 06 16 5A 57 31 30 20 10 16 10 20 00 80 E9 16 
11:48:08.473->>>>-发送-68 0F 00 43 00 00 00 B0 04 00 10 01 00 08 16 
11:48:10.317-<<<<-接收-68 13 00 83 00 00 00 00 00 00 10 01 00 00 00 F8 07 93 16 
11:48:10.395->>>>-发送-68 12 00 43 00 00 00 B0 04 00 10 02 00 01 00 0A 14 16 
11:48:12.239-<<<<-接收-68 10 00 83 38 30 00 00 00 00 00 02 00 1C 09 16 
11:48:26.944->>>>-发送-68 0F 00 43 00 00 00 B0 04 00 01 01 00 F9 16 
11:48:37.757-<<<<-接收-68 38 00 C3 00 00 00 00 00 01 03 02 01 B2 2F 01 01 00 00 14 0A 00 00 08 00 08 1E BB BB BB BB BB BB F8 07 00 00 28 06 16 27 06 16 5A 57 31 30 20 10 16 10 20 00 80 E9 16 
11:48:54.229->>>>-发送-68 0F 00 43 00 00 00 B0 04 00 01 04 00 FC 16 
11:48:56.149-<<<<-接收-68 15 00 83 F8 10 00 00 00 00 00 01 00 00 00 00 00 00 00 8C 16 
11:49:48.528->>>>-发送-68 0F 00 43 00 00 00 B0 04 00 01 04 00 FC 16 
11:49:50.263-<<<<-接收-68 15 00 83 F8 10 00 00 FE 00 00 01 00 00 00 00 00 00 00 8A 16 
11:49:57.326->>>>-发送-68 0F 00 43 00 00 00 B0 04 00 00 01 00 F8 16 
11:50:13.906->>>>-发送-68 10 00 43 00 00 00 B0 04 00 00 02 00 24 1D 16 
11:50:57.770->>>>-发送-68 11 00 43 00 00 00 B0 04 00 F0 10 03 01 10 0B 16 
11:50:58.911-<<<<-接收-68 10 00 83 00 00 00 00 FE 00 00 02 00 13 96 16 
11:51:23.898->>>>-发送-68 11 00 43 00 00 00 B0 04 00 F0 10 03 01 10 0B 16 
11:51:25.023-<<<<-接收-68 10 00 83 00 00 00 00 00 00 00 02 00 13 98 16 
11:52:32.921->>>>-发送-68 11 00 43 00 00 00 B0 04 00 F0 10 03 01 10 0B 16 
11:52:34.421-<<<<-接收-68 10 00 83 00 00 00 00 00 00 00 02 00 13 98 16 
11:53:20.066->>>>-发送-68 17 00 43 00 00 00 B0 04 00 11 01 00 01 06 00 00 00 00 00 02 12 16 
11:53:21.785-<<<<-接收-68 15 00 83 00 00 00 00 00 00 00 01 00 00 00 00 00 00 00 84 16 
11:53:28.552->>>>-发送-68 16 00 43 00 00 00 B0 04 00 11 02 00 01 09 00 00 00 00 11 25 16 
11:53:30.505-<<<<-接收-68 10 00 83 00 00 00 00 FE 00 00 02 00 21 A4 16 
11:53:54.226->>>>-发送-68 11 00 43 00 00 00 B0 04 00 F0 10 03 01 10 0B 16 
11:53:55.648-<<<<-接收-68 10 00 83 F8 10 00 00 FE 00 00 02 00 13 9E 16 
11:54:18.557->>>>-发送-68 0F 00 43 00 00 00 B0 04 00 10 01 00 08 16 
11:54:19.807-<<<<-接收-68 13 00 83 00 00 00 00 00 00 10 01 00 01 00 F8 07 94 16 
11:54:19.870->>>>-发送-68 12 00 43 00 00 00 B0 04 00 10 02 00 01 00 0A 14 16 
11:54:21.745-<<<<-接收-68 1A 00 83 00 00 00 00 FC 00 10 02 00 01 00 01 06 00 00 00 00 00 00 10 A9 16 
11:59:59.889->>>>-发送-68 0F 00 43 00 00 00 B0 04 00 03 01 00 FB 16 
12:00:01.890-<<<<-接收-68 18 00 83 00 00 00 00 FE 00 03 01 00 5A 57 31 30 20 10 16 10 20 0D 16 
12:00:05.906->>>>-发送-68 0F 00 43 00 00 00 B0 04 00 03 02 00 FC 16 
12:00:07.812-<<<<-接收-68 10 00 83 00 00 00 00 FE 00 03 02 00 00 86 16 
12:00:11.094->>>>-发送-68 0F 00 43 00 00 00 B0 04 00 03 04 00 FE 16 
12:00:12.750-<<<<-接收-68 11 00 83 00 00 00 00 FE 00 03 04 00 00 00 88 16 
12:00:16.157->>>>-发送-68 0F 00 43 00 00 00 B0 04 00 03 08 00 02 16 
12:00:17.688-<<<<-接收-68 15 00 83 00 00 00 00 FE 00 03 08 00 BB BB BB BB BB BB EE 16 
12:00:17.751->>>>-发送-68 0F 00 43 00 00 00 B0 04 00 03 10 00 0A 16 
12:00:19.657-<<<<-接收-68 13 00 83 00 00 00 00 FE 00 03 10 00 21 01 00 00 B6 16 
12:00:28.424->>>>-发送-68 0F 00 43 00 00 00 B0 04 00 03 10 00 0A 16 
12:00:29.533-<<<<-接收-68 13 00 83 00 00 00 00 FE 00 03 10 00 21 01 00 00 B6 16 
12:00:33.862->>>>-发送-68 0F 00 43 00 00 00 B0 04 00 03 20 00 1A 16 
12:00:35.471-<<<<-接收-68 10 00 83 00 00 00 00 FE 00 03 20 00 00 A4 16 
12:00:38.300->>>>-发送-68 0F 00 43 00 00 00 B0 04 00 03 40 00 3A 16 
12:00:39.425-<<<<-接收-68 10 00 83 00 00 00 00 FE 00 03 40 00 14 D8 16 
12:00:42.535->>>>-发送-68 0F 00 43 00 00 00 B0 04 00 03 80 00 7A 16 
12:00:44.363-<<<<-接收-68 10 00 83 00 00 00 00 00 00 00 02 00 0A 8F 16 
12:00:48.238->>>>-发送-68 0F 00 43 00 00 00 B0 04 00 03 01 01 FC 16 
12:00:50.270-<<<<-接收-68 11 00 83 00 00 00 00 FE 00 03 01 01 0A 00 90 16 
12:00:54.364->>>>-发送-68 0F 00 43 00 00 00 B0 04 00 03 02 01 FD 16 
12:00:56.239-<<<<-接收-68 38 00 83 00 00 00 00 FE 00 03 02 01 B2 2F 01 01 00 00 14 0A 00 00 08 00 08 1E BB BB BB BB BB BB F8 07 01 00 28 06 16 27 06 16 5A 57 31 30 20 10 16 10 20 00 80 A7 16 
12:00:59.146->>>>-发送-68 0F 00 43 00 00 00 B0 04 00 03 04 01 FF 16 
12:01:01.133-<<<<-接收-68 10 00 83 00 00 00 00 FE 00 00 02 00 02 85 16 
12:01:04.063->>>>-发送-68 0F 00 43 00 00 00 B0 04 00 03 80 01 7B 16 
12:01:07.085-<<<<-接收-68 10 00 83 60 60 00 00 66 00 03 80 01 00 2D 16 
12:01:14.086->>>>-发送-68 15 00 43 00 00 00 B0 04 00 05 01 00 00 00 01 01 01 02 02 16 
12:01:16.477-<<<<-接收-68 15 00 83 30 30 00 00 30 00 00 01 00 00 00 00 00 00 00 14 16 
12:02:50.784->>>>-发送-68 12 00 43 00 00 00 B0 04 00 10 10 02 01 00 10 2A 16 
12:02:52.018-<<<<-接收-68 1F 00 83 30 30 00 00 30 00 10 10 02 01 00 01 00 01 00 00 00 00 00 06 02 00 01 00 11 52 16 
12:03:56.166->>>>-发送-68 0F 00 43 00 00 00 B0 04 00 12 01 00 0A 16 
12:03:58.182-<<<<-接收-68 15 00 83 30 30 00 00 00 00 00 01 00 00 00 00 00 00 00 E4 16 
12:04:28.843->>>>-发送-68 0F 00 43 00 00 00 B0 04 00 12 02 00 0B 16 
12:04:30.780-<<<<-接收-68 15 00 83 48 20 00 00 52 00 00 01 00 00 00 00 00 00 00 3E 16 
12:04:48.095->>>>-发送-68 0F 00 43 00 00 00 B0 04 00 10 08 00 0F 16 
12:04:49.579-<<<<-接收-68 1F 00 83 00 00 00 00 00 00 10 08 00 03 01 00 00 00 00 00 02 00 00 00 00 00 08 08 08 B9 16 
12:04:53.861->>>>-发送-68 0F 00 43 00 00 00 B0 04 00 10 04 00 0B 16 
12:04:55.486-<<<<-接收-68 10 00 83 00 00 00 00 00 00 10 04 00 00 97 16 
12:04:55.549->>>>-发送-68 0F 00 43 00 00 00 B0 04 00 10 08 00 0F 16 
12:04:57.471-<<<<-接收-68 1F 00 83 00 00 00 00 00 00 10 08 00 03 01 00 00 00 00 00 02 00 00 00 00 00 08 08 08 B9 16 
12:05:01.080->>>>-发送-68 0F 00 43 00 00 00 B0 04 00 10 10 00 17 16 
12:05:02.393-<<<<-接收-68 10 00 83 30 30 00 00 30 00 00 02 00 15 2A 16 
12:05:06.284->>>>-发送-68 12 00 43 00 00 00 B0 04 00 10 20 00 01 00 09 31 16 
12:05:08.331-<<<<-接收-68 10 00 83 00 00 00 00 FE 00 00 02 00 1C 9F 16 
12:05:17.442->>>>-发送-68 0F 00 43 00 00 00 B0 04 00 10 40 0D 54 16 
12:05:19.207-<<<<-接收-68 19 00 C3 00 00 00 00 00 14 10 40 0D 01 48 50 F8 00 00 01 01 01 02 CA 16 
12:06:58.040->>>>-发送-68 12 00 43 00 00 00 B0 04 00 10 10 02 01 00 10 2A 16 
12:07:00.035-<<<<-接收-68 1F 00 83 F8 F0 00 00 FE 00 10 10 02 01 00 01 00 01 00 00 00 00 00 06 02 00 01 00 11 A8 16 
12:10:32.485->>>>-发送-68 0F 00 43 00 00 00 B0 04 00 01 01 00 F9 16 
12:10:43.627-<<<<-接收-68 38 00 C3 00 00 00 00 00 01 03 02 01 B2 2F 01 01 00 00 14 0A 00 00 08 00 08 1E 00 00 01 01 01 02 F8 07 01 00 28 06 16 27 06 16 5A 57 31 30 20 10 16 10 20 00 80 8D 16 
12:13:48.678->>>>-发送-68 0F 00 43 00 00 00 B0 04 00 01 01 00 F9 16 
12:13:59.070-<<<<-接收-68 38 00 C3 00 00 00 00 00 01 03 02 01 B2 2F 01 01 00 00 14 0A 00 00 08 00 08 1E 00 00 01 01 01 02 F8 07 01 00 28 06 16 27 06 16 5A 57 31 30 20 10 16 10 20 00 80 8D 16 
14:13:04.848->>>>-发送-68 0F 00 43 00 00 00 B0 04 00 01 02 00 FA 16 
14:13:16.199-<<<<-接收-68 38 00 C3 00 00 00 00 00 01 03 02 01 B2 2F 01 01 00 00 14 0A 00 00 08 00 08 1E BB BB BB BB BB BB F8 07 00 00 28 06 16 27 06 16 5A 57 31 30 20 10 16 10 20 00 80 E9 16 
14:14:21.253->>>>-发送-68 2E 00 43 04 00 00 B0 04 00 11 11 11 11 11 11 06 00 00 00 00 00 02 01 00 02 11 FE 68 06 00 00 00 00 00 68 11 04 33 32 34 35 B9 16 03 16 
14:15:07.118->>>>-发送-68 2E 00 43 04 00 00 B0 04 00 11 11 11 11 11 11 06 00 00 00 00 00 02 01 00 02 11 FE 68 06 00 00 00 00 00 68 11 04 33 32 34 35 B9 16 03 16 
14:15:25.385->>>>-发送-68 1B 00 43 04 00 00 B0 04 00 11 11 11 11 11 11 06 00 00 00 00 00 03 80 01 EB 16 
14:15:27.620-<<<<-接收-68 1C 00 83 64 60 00 00 66 00 06 00 00 00 00 00 11 11 11 11 11 11 03 80 01 00 9D 16 
14:15:40.856->>>>-发送-68 1C 00 43 04 00 00 B0 04 00 11 11 11 11 11 11 06 00 00 00 00 00 05 80 01 01 EE 16 
14:15:42.481-<<<<-接收-68 21 00 83 04 00 00 00 00 00 CC CC CC CC CC CC BB BB BB BB BB BB 00 01 00 00 00 00 00 00 00 B2 16 
14:15:58.561->>>>-发送-68 1C 00 43 04 00 00 B0 04 00 11 11 11 11 11 11 06 00 00 00 00 00 05 80 01 01 EE 16 
14:16:00.264-<<<<-接收-68 1C 00 83 34 30 00 00 30 00 CC CC CC CC CC CC BB BB BB BB BB BB 00 02 00 13 56 16 
14:16:29.246->>>>-发送-68 1B 00 43 04 00 00 B0 04 00 11 11 11 11 11 11 06 00 00 00 00 00 01 01 00 69 16 
14:16:40.153-<<<<-接收-68 38 00 C3 00 00 00 00 00 01 03 02 01 B2 2F 01 01 00 00 14 0A 00 00 08 00 08 1E BB BB BB BB BB BB F8 07 00 00 28 06 16 27 06 16 5A 57 31 30 20 10 16 10 20 00 80 E9 16 
14:17:02.702->>>>-发送-68 1B 00 43 04 00 00 B0 04 00 11 11 11 11 11 11 06 00 00 00 00 00 03 01 00 6B 16 
14:17:04.468-<<<<-接收-68 1C 00 83 34 30 00 00 30 00 CC CC CC CC CC CC BB BB BB BB BB BB 00 02 00 07 4A 16 
14:17:15.891->>>>-发送-68 0F 00 43 00 00 00 B0 04 00 03 01 00 FB 16 
14:17:17.220-<<<<-接收-68 18 00 83 00 00 00 00 FE 00 03 01 00 5A 57 31 30 20 10 16 10 20 0D 16 
14:17:22.845->>>>-发送-68 0F 00 43 00 00 00 B0 04 00 03 02 00 FC 16 
14:17:24.142-<<<<-接收-68 10 00 83 00 00 00 00 FE 00 03 02 00 00 86 16 
14:17:29.049->>>>-发送-68 0F 00 43 00 00 00 B0 04 00 03 04 00 FE 16 
14:17:31.049-<<<<-接收-68 11 00 83 00 00 00 00 FE 00 03 04 00 00 00 88 16 
14:17:39.144->>>>-发送-68 0F 00 43 00 00 00 B0 04 00 03 08 00 02 16 
14:17:40.925-<<<<-接收-68 15 00 83 00 00 00 00 FE 00 03 08 00 BB BB BB BB BB BB EE 16 
14:17:48.614->>>>-发送-68 0F 00 43 00 00 00 B0 04 00 03 10 00 0A 16 
14:17:49.817-<<<<-接收-68 13 00 83 00 00 00 00 FE 00 03 10 00 21 01 00 00 B6 16 
14:17:54.333->>>>-发送-68 0F 00 43 00 00 00 B0 04 00 03 20 00 1A 16 
14:17:55.739-<<<<-接收-68 10 00 83 00 00 00 00 FE 00 03 20 00 00 A4 16 
14:17:59.162->>>>-发送-68 0F 00 43 00 00 00 B0 04 00 03 40 00 3A 16 
14:18:00.677-<<<<-接收-68 10 00 83 00 00 00 00 FE 00 03 40 00 14 D8 16 
14:18:04.037->>>>-发送-68 0F 00 43 00 00 00 B0 04 00 03 80 00 7A 16 
14:18:05.615-<<<<-接收-68 10 00 83 00 00 00 00 00 00 00 02 00 0A 8F 16 
14:18:09.725->>>>-发送-68 0F 00 43 00 00 00 B0 04 00 03 01 01 FC 16 
14:18:11.538-<<<<-接收-68 11 00 83 00 00 00 00 FE 00 03 01 01 0A 00 90 16 
14:18:14.851->>>>-发送-68 0F 00 43 00 00 00 B0 04 00 03 02 01 FD 16 
14:18:16.507-<<<<-接收-68 38 00 83 00 00 00 00 FE 00 03 02 01 B2 2F 01 01 00 00 14 0A 00 00 08 00 08 1E BB BB BB BB BB BB F8 07 00 00 28 06 16 27 06 16 5A 57 31 30 20 10 16 10 20 00 80 A6 16 
14:18:20.305->>>>-发送-68 0F 00 43 00 00 00 B0 04 00 03 04 01 FF 16 
14:18:21.414-<<<<-接收-68 10 00 83 00 00 00 00 00 00 00 02 00 02 87 16 
14:18:24.649->>>>-发送-68 0F 00 43 00 00 00 B0 04 00 03 80 01 7B 16 
14:18:27.336-<<<<-接收-68 10 00 83 60 60 00 00 66 00 03 80 01 00 2D 16 
14:18:34.244->>>>-发送-68 0F 00 43 00 00 00 B0 04 00 03 02 01 FD 16 
14:18:36.275-<<<<-接收-68 38 00 83 00 00 00 00 FE 00 03 02 01 B2 2F 01 01 00 00 14 0A 00 00 08 00 08 1E BB BB BB BB BB BB F8 07 00 00 28 06 16 27 06 16 5A 57 31 30 20 10 16 10 20 00 80 A6 16 
14:19:21.498->>>>-发送-68 0F 00 43 00 00 00 B0 04 00 05 04 00 00 16 
14:19:22.670-<<<<-接收-68 10 00 83 30 30 00 00 42 00 00 02 00 05 2C 16 
14:19:32.172->>>>-发送-68 0F 00 43 00 00 00 B0 04 00 10 40 0D 54 16 
14:19:33.547-<<<<-接收-68 19 00 C3 00 00 00 00 00 0D 10 40 0D 01 FF FF FF BB BB BB BB BB BB 8D 16 
14:19:38.391->>>>-发送-68 12 00 43 00 00 00 B0 04 00 10 20 00 01 00 09 31 16 
14:19:40.422-<<<<-接收-68 10 00 83 F8 10 00 00 FE 00 00 02 00 1C A7 16 
14:19:45.704->>>>-发送-68 0F 00 43 00 00 00 B0 04 00 10 01 00 08 16 
14:19:47.361-<<<<-接收-68 13 00 83 00 00 00 00 00 00 10 01 00 00 00 F8 07 93 16 
14:19:52.064->>>>-发送-68 12 00 43 00 00 00 B0 04 00 10 02 00 01 00 0A 14 16 
14:19:53.299-<<<<-接收-68 10 00 83 38 30 00 00 00 00 00 02 00 1C 09 16 
14:19:58.206->>>>-发送-68 17 00 43 00 00 00 B0 04 00 11 01 00 01 06 00 00 00 00 00 02 12 16 
14:20:00.237-<<<<-接收-68 15 00 83 00 00 00 00 00 00 00 01 00 00 00 00 00 00 00 84 16 
14:20:44.679->>>>-发送-68 30 00 43 04 00 00 B0 04 00 11 11 11 11 11 11 06 00 00 00 00 00 13 01 00 02 00 00 11 FE 68 06 00 00 00 00 00 68 11 04 33 32 34 35 B9 16 14 16 
14:22:09.258->>>>-发送-68 30 00 43 04 00 00 B0 04 00 11 11 11 11 11 11 06 00 00 00 00 00 13 01 00 02 00 00 11 FE 68 06 00 00 00 00 00 68 11 04 33 32 34 35 B9 16 14 16 
14:23:02.249->>>>-发送-68 30 00 43 04 00 00 B0 04 00 11 11 11 11 11 11 06 00 00 00 00 00 13 01 00 02 00 00 11 FE 68 06 00 00 00 00 00 68 11 04 33 32 34 35 B9 16 14 16 
14:23:41.768->>>>-发送-68 2E 00 43 04 00 00 B0 04 00 11 11 11 11 11 11 06 00 00 00 00 00 02 01 00 02 11 FE 68 06 00 00 00 00 00 68 11 04 33 32 34 35 B9 16 03 16 
14:24:22.691->>>>-发送-68 2E 00 43 04 00 00 B0 04 00 11 11 11 11 11 11 06 00 00 00 00 00 02 01 00 02 11 FE 68 06 00 00 00 00 00 68 11 04 33 32 34 35 B9 16 03 16 
14:25:14.030->>>>-发送-68 2E 00 43 04 00 00 B0 04 00 11 11 11 11 11 11 06 00 00 00 00 00 02 01 00 02 11 FE 68 06 00 00 00 00 00 68 11 04 33 32 34 35 B9 16 03 16 
14:29:02.043->>>>-发送-68 2E 00 43 04 00 00 B0 04 00 11 11 11 11 11 11 06 00 00 00 00 00 02 01 00 02 11 FE 68 06 00 00 00 00 00 68 11 04 33 32 34 35 B9 16 03 16 
14:30:01.268->>>>-发送-68 2E 00 43 04 00 00 B0 04 00 11 11 11 11 11 11 06 00 00 00 00 00 02 01 00 02 11 FE 68 06 00 00 00 00 00 68 11 04 33 32 34 35 B9 16 03 16 
14:30:52.742->>>>-发送-68 2E 00 43 04 00 00 B0 04 00 11 11 11 11 11 11 06 00 00 00 00 00 02 01 00 02 11 FE 68 06 00 00 00 00 00 68 11 04 33 32 34 35 B9 16 03 16 
14:31:42.716->>>>-发送-68 1B 00 43 04 00 00 B0 04 00 11 11 11 11 11 11 06 00 00 00 00 00 10 01 00 78 16 
14:31:44.263-<<<<-接收-68 1F 00 83 04 00 00 00 00 00 06 00 00 00 00 00 11 11 11 11 11 11 10 01 00 01 00 F8 07 04 16 
14:31:44.279->>>>-发送-68 1E 00 43 04 00 00 B0 04 00 11 11 11 11 11 11 06 00 00 00 00 00 F0 01 13 01 00 01 6D 16 
14:33:40.557->>>>-发送-68 1B 00 43 04 00 00 B0 04 00 11 11 11 11 11 11 06 00 00 00 00 00 10 01 00 78 16 
14:33:41.885-<<<<-接收-68 1F 00 83 04 00 00 00 00 00 06 00 00 00 00 00 11 11 11 11 11 11 10 01 00 01 00 F8 07 04 16 
14:33:41.901->>>>-发送-68 1E 00 43 04 00 00 B0 04 00 11 11 11 11 11 11 06 00 00 00 00 00 F0 01 13 01 00 01 6D 16 
14:36:05.585->>>>-发送-68 2E 00 43 04 00 00 B0 04 00 11 11 11 11 11 11 06 00 00 00 00 00 02 01 00 02 11 FE 68 06 00 00 00 00 00 68 11 04 33 32 34 35 B9 16 03 16 
14:36:21.305->>>>-发送-68 1B 00 43 04 00 00 B0 04 00 11 11 11 11 11 11 06 00 00 00 00 00 10 01 00 78 16 
14:36:22.946-<<<<-接收-68 1F 00 83 04 00 00 00 00 00 06 00 00 00 00 00 11 11 11 11 11 11 10 01 00 01 00 F8 07 04 16 
14:36:22.962->>>>-发送-68 1E 00 43 04 00 00 B0 04 00 11 11 11 11 11 11 06 00 00 00 00 00 F0 01 13 01 00 01 6D 16 
14:38:29.736->>>>-发送-68 1B 00 43 04 00 00 B0 04 00 11 11 11 11 11 11 06 00 00 00 00 00 10 01 00 78 16 
14:38:31.345-<<<<-接收-68 1F 00 83 04 00 00 00 00 00 06 00 00 00 00 00 11 11 11 11 11 11 10 01 00 01 00 F8 07 04 16 
14:38:31.361->>>>-发送-68 1E 00 43 04 00 00 B0 04 00 11 11 11 11 11 11 06 00 00 00 00 00 F0 20 13 01 00 01 8C 16 
14:38:33.314-<<<<-接收-68 1C 00 83 FC 10 00 00 00 00 CC CC CC CC CC CC BB BB BB BB BB BB 00 02 00 05 C0 16 
14:39:27.383->>>>-发送-68 1E 00 43 04 00 00 B0 04 00 11 11 11 11 11 11 06 00 00 00 00 00 F0 01 13 01 00 01 6D 16 
14:40:23.822->>>>-发送-68 1B 00 43 04 00 00 B0 04 00 11 11 11 11 11 11 06 00 00 00 00 00 01 01 00 69 16 
14:40:34.245-<<<<-接收-68 38 00 C3 00 00 00 00 00 01 03 02 01 B2 2F 01 01 00 00 14 0A 00 00 08 00 08 1E BB BB BB BB BB BB F8 07 01 00 28 06 16 27 06 16 5A 57 31 30 20 10 16 10 20 00 80 EA 16 
14:40:34.323->>>>-发送-68 1E 00 43 04 00 00 B0 04 00 11 11 11 11 11 11 06 00 00 00 00 00 F0 01 13 01 00 01 6D 16 
14:40:44.480-<<<<-接收-68 0F 00 C3 00 00 00 00 00 08 14 02 00 E1 16 
14:40:54.887->>>>-发送-68 1B 00 43 04 00 00 B0 04 00 11 11 11 11 11 11 06 00 00 00 00 00 01 01 00 69 16 
14:41:05.889-<<<<-接收-68 38 00 C3 00 00 00 00 00 01 03 02 01 B2 2F 01 01 00 00 14 0A 00 00 08 00 08 1E BB BB BB BB BB BB F8 07 01 00 28 06 16 27 06 16 5A 57 31 30 20 10 16 10 20 00 80 EA 16 
14:41:05.967->>>>-发送-68 1E 00 43 04 00 00 B0 04 00 11 11 11 11 11 11 06 00 00 00 00 00 F0 01 13 01 00 01 6D 16 
14:41:16.124-<<<<-接收-68 0F 00 C3 00 00 00 00 00 08 14 02 00 E1 16 
14:41:24.656->>>>-发送-68 1B 00 43 04 00 00 B0 04 00 11 11 11 11 11 11 06 00 00 00 00 00 01 01 00 69 16 
14:41:35.605-<<<<-接收-68 38 00 C3 00 00 00 00 00 01 03 02 01 B2 2F 01 01 00 00 14 0A 00 00 08 00 08 1E BB BB BB BB BB BB F8 07 01 00 28 06 16 27 06 16 5A 57 31 30 20 10 16 10 20 00 80 EA 16 
14:42:31.552->>>>-发送-68 1B 00 43 04 00 00 B0 04 00 11 11 11 11 11 11 06 00 00 00 00 00 01 01 00 69 16 
14:42:42.725-<<<<-接收-68 38 00 C3 00 00 00 00 00 01 03 02 01 B2 2F 01 01 00 00 14 0A 00 00 08 00 08 1E BB BB BB BB BB BB F8 07 01 00 28 06 16 27 06 16 5A 57 31 30 20 10 16 10 20 00 80 EA 16 
14:42:54.226->>>>-发送-68 1B 00 43 04 00 00 B0 04 00 11 11 11 11 11 11 06 00 00 00 00 00 01 04 00 6C 16 
14:42:54.367-<<<<-接收-68 21 00 83 2C 30 00 00 7C 00 CC CC CC CC CC CC BB BB BB BB BB BB 00 01 00 00 00 00 00 00 00 86 16 
14:44:45.269->>>>-发送-68 1B 00 43 04 00 00 B0 04 00 11 11 11 11 11 11 06 00 00 00 00 00 01 01 00 69 16 
14:44:47.254-<<<<-接收-68 21 00 83 FC 10 00 00 00 00 CC CC CC CC CC CC BB BB BB BB BB BB 00 01 00 00 00 00 00 00 00 BA 16 
14:44:53.145->>>>-发送-68 1B 00 43 04 00 00 B0 04 00 11 11 11 11 11 11 06 00 00 00 00 00 01 02 00 6A 16 
14:44:55.755-<<<<-接收-68 21 00 83 34 30 00 00 42 00 CC CC CC CC CC CC BB BB BB BB BB BB 00 01 00 00 00 00 00 00 00 54 16 
14:45:11.663->>>>-发送-68 1E 00 43 04 00 00 B0 04 00 11 11 11 11 11 11 06 00 00 00 00 00 F0 01 13 01 00 01 6D 16 
14:45:13.163-<<<<-接收-68 1C 00 83 44 40 00 00 42 00 CC CC CC CC CC CC BB BB BB BB BB BB 00 02 00 1C 91 16 
14:47:08.969->>>>-发送-68 1E 00 43 04 00 00 B0 04 00 11 11 11 11 11 11 06 00 00 00 00 00 F0 01 13 01 00 01 6D 16 
14:47:10.484-<<<<-接收-68 1C 00 83 04 00 00 00 00 00 CC CC CC CC CC CC BB BB BB BB BB BB 00 02 00 1C CF 16 
14:56:19.144->>>>-发送-68 1B 00 43 04 00 00 B0 04 00 11 11 11 11 11 11 06 00 00 00 00 00 01 01 00 69 16 
14:56:30.458-<<<<-接收-68 38 00 C3 00 00 00 00 00 01 03 02 01 B2 2F 01 01 00 00 14 0A 00 00 08 00 08 1E BB BB BB BB BB BB F8 07 00 00 28 06 16 27 06 16 5A 57 31 30 20 10 16 10 20 00 80 E9 16 
15:02:19.864->>>>-发送-68 1B 00 43 04 00 00 B0 04 00 11 11 11 11 11 11 06 00 00 00 00 00 01 01 00 69 16 
15:02:30.490-<<<<-接收-68 38 00 C3 00 00 00 00 00 01 03 02 01 B2 2F 01 01 00 00 14 0A 00 00 08 00 08 1E BB BB BB BB BB BB F8 07 00 00 28 06 16 27 06 16 5A 57 31 30 20 10 16 10 20 00 80 E9 16 
15:06:58.587->>>>-发送-68 1B 00 43 04 00 00 B0 04 00 11 11 11 11 11 11 06 00 00 00 00 00 01 02 00 6A 16 
15:07:10.775-<<<<-接收-68 38 00 C3 00 00 00 00 00 01 03 02 01 B2 2F 01 01 00 00 14 0A 00 00 08 00 08 1E BB BB BB BB BB BB F8 07 00 00 28 06 16 27 06 16 5A 57 31 30 20 10 16 10 20 00 80 E9 16 
15:08:28.206->>>>-发送-68 1B 00 43 04 00 00 B0 04 00 11 11 11 11 11 11 06 00 00 00 00 00 01 01 00 69 16 
15:08:39.738-<<<<-接收-68 38 00 C3 00 00 00 00 00 01 03 02 01 B2 2F 01 01 00 00 14 0A 00 00 08 00 08 1E BB BB BB BB BB BB F8 07 00 00 28 06 16 27 06 16 5A 57 31 30 20 10 16 10 20 00 80 E9 16 
15:09:48.496->>>>-发送-68 1B 00 43 04 00 00 B0 04 00 11 11 11 11 11 11 06 00 00 00 00 00 01 01 00 69 16 
15:09:59.887-<<<<-接收-68 38 00 C3 00 00 00 00 00 01 03 02 01 B2 2F 01 01 00 00 14 0A 00 00 08 00 08 1E BB BB BB BB BB BB F8 07 00 00 28 06 16 27 06 16 5A 57 31 30 20 10 16 10 20 00 80 E9 16 
15:10:33.714->>>>-发送-68 1B 00 43 04 00 00 B0 04 00 11 11 11 11 11 11 06 00 00 00 00 00 01 04 00 6C 16 
15:10:34.886-<<<<-接收-68 21 00 83 4C 20 00 00 52 00 CC CC CC CC CC CC BB BB BB BB BB BB 00 01 00 00 00 00 00 00 00 6C 16 
15:10:45.371->>>>-发送-68 1B 00 43 04 00 00 B0 04 00 11 11 11 11 11 11 06 00 00 00 00 00 01 04 00 6C 16 
15:10:46.762-<<<<-接收-68 21 00 83 34 30 00 00 36 00 CC CC CC CC CC CC BB BB BB BB BB BB 00 01 00 00 00 00 00 00 00 48 16 
15:10:54.888->>>>-发送-68 1B 00 43 04 00 00 B0 04 00 11 11 11 11 11 11 06 00 00 00 00 00 01 01 00 69 16 
15:11:06.092-<<<<-接收-68 38 00 C3 00 00 00 00 00 01 03 02 01 B2 2F 01 01 00 00 14 0A 00 00 08 00 08 1E BB BB BB BB BB BB F8 07 00 00 28 06 16 27 06 16 5A 57 31 30 20 10 16 10 20 00 80 E9 16 
15:15:25.663->>>>-发送-68 1B 00 43 04 00 00 B0 04 00 11 11 11 11 11 11 06 00 00 00 00 00 01 04 00 6C 16 
15:15:25.819-<<<<-接收-68 21 00 83 04 00 00 00 00 00 CC CC CC CC CC CC BB BB BB BB BB BB 00 01 00 00 00 00 00 00 00 B2 16 
15:16:03.481->>>>-发送-68 1B 00 43 04 00 00 B0 04 00 11 11 11 11 11 11 06 00 00 00 00 00 01 01 00 69 16 
15:16:14.525-<<<<-接收-68 38 00 C3 00 00 00 00 00 01 03 02 01 B2 2F 01 01 00 00 14 0A 00 00 08 00 08 1E BB BB BB BB BB BB F8 07 00 00 28 06 16 27 06 16 5A 57 31 30 20 10 16 10 20 00 80 E9 16 
15:16:31.433->>>>-发送-68 0F 00 43 00 00 00 B0 04 00 01 01 00 F9 16 
15:16:42.543-<<<<-接收-68 38 00 C3 00 00 00 00 00 01 03 02 01 B2 2F 01 01 00 00 14 0A 00 00 08 00 08 1E BB BB BB BB BB BB F8 07 00 00 28 06 16 27 06 16 5A 57 31 30 20 10 16 10 20 00 80 E9 16 
15:16:48.794->>>>-发送-68 0F 00 43 00 00 00 B0 04 00 01 02 00 FA 16 
15:16:59.123-<<<<-接收-68 38 00 C3 00 00 00 00 00 01 03 02 01 B2 2F 01 01 00 00 14 0A 00 00 08 00 08 1E BB BB BB BB BB BB F8 07 00 00 28 06 16 27 06 16 5A 57 31 30 20 10 16 10 20 00 80 E9 16 
15:17:00.420->>>>-发送-68 0F 00 43 00 00 00 B0 04 00 01 04 00 FC 16 
15:17:00.561-<<<<-接收-68 15 00 83 70 30 00 00 38 00 00 01 00 00 00 00 00 00 00 5C 16 
15:17:06.905->>>>-发送-68 0F 00 43 00 00 00 B0 04 00 01 04 00 FC 16 
15:17:07.046-<<<<-接收-68 15 00 83 28 30 00 00 7C 00 00 01 00 00 00 00 00 00 00 58 16 
15:25:06.589->>>>-发送-68 0F 00 43 00 00 00 B0 04 00 01 04 00 FC 16 
15:25:08.605-<<<<-接收-68 15 00 83 F8 10 00 00 00 00 00 01 00 00 00 00 00 00 00 8C 16 
15:25:16.450->>>>-发送-68 0F 00 43 00 00 00 B0 04 00 01 01 00 F9 16 
15:25:27.779-<<<<-接收-68 38 00 C3 00 00 00 00 00 01 03 02 01 B2 2F 01 01 00 00 14 0A 00 00 08 00 08 1E BB BB BB BB BB BB F8 07 00 00 28 06 16 27 06 16 5A 57 31 30 20 10 16 10 20 00 80 E9 16 
15:26:03.548->>>>-发送-68 0F 00 43 00 00 00 B0 04 00 01 04 00 FC 16 
15:26:04.892-<<<<-接收-68 15 00 83 F8 10 00 00 00 00 00 01 00 00 00 00 00 00 00 8C 16 
15:27:38.777->>>>-发送-68 0F 00 43 00 00 00 B0 04 00 01 04 00 FC 16 
15:27:38.918-<<<<-接收-68 15 00 83 F8 10 00 00 00 00 00 01 00 00 00 00 00 00 00 8C 16 
15:27:49.278->>>>-发送-68 0F 00 43 00 00 00 B0 04 00 01 01 00 F9 16 
15:28:00.248-<<<<-接收-68 38 00 C3 00 00 00 00 00 01 03 02 01 B2 2F 01 01 00 00 14 0A 00 00 08 00 08 1E BB BB BB BB BB BB F8 07 00 00 28 06 16 27 06 16 5A 57 31 30 20 10 16 10 20 00 80 E9 16 
15:32:10.478->>>>-发送-68 0F 00 43 00 00 00 B0 04 00 01 04 00 FC 16 
15:32:12.416-<<<<-接收-68 15 00 83 28 30 00 00 7C 00 00 01 00 00 00 00 00 00 00 58 16 
15:32:24.745->>>>-发送-68 0F 00 43 00 00 00 B0 04 00 01 01 00 F9 16 
15:32:35.762-<<<<-接收-68 38 00 C3 00 00 00 00 00 01 03 02 01 B2 2F 01 01 00 00 14 0A 00 00 08 00 08 1E BB BB BB BB BB BB F8 07 00 00 28 06 16 27 06 16 5A 57 31 30 20 10 16 10 20 00 80 E9 16 
15:36:58.681->>>>-发送-68 0F 00 43 00 00 00 B0 04 00 01 04 00 FC 16 
15:36:58.837-<<<<-接收-68 15 00 83 28 30 00 00 7C 00 00 01 00 00 00 00 00 00 00 58 16 
15:37:05.589->>>>-发送-68 0F 00 43 00 00 00 B0 04 00 01 01 00 F9 16 
15:37:17.025-<<<<-接收-68 38 00 C3 00 00 00 00 00 01 03 02 01 B2 2F 01 01 00 00 14 0A 00 00 08 00 08 1E BB BB BB BB BB BB F8 07 00 00 28 06 16 27 06 16 5A 57 31 30 20 10 16 10 20 00 80 E9 16 
15:37:31.057->>>>-发送-68 0F 00 43 00 00 00 B0 04 00 01 01 00 F9 16 
15:37:42.512-<<<<-接收-68 38 00 C3 00 00 00 00 00 01 03 02 01 B2 2F 01 01 00 00 14 0A 00 00 08 00 08 1E BB BB BB BB BB BB F8 07 00 00 28 06 16 27 06 16 5A 57 31 30 20 10 16 10 20 00 80 E9 16 
15:41:01.373->>>>-发送-68 0F 00 43 00 00 00 B0 04 00 01 04 00 FC 16 
15:41:03.295-<<<<-接收-68 15 00 83 28 30 00 00 7C 00 00 01 00 00 00 00 00 00 00 58 16 
15:41:20.985->>>>-发送-68 0F 00 43 00 00 00 B0 04 00 01 01 00 F9 16 
15:41:32.345-<<<<-接收-68 38 00 C3 00 00 00 00 00 01 03 02 01 B2 2F 01 01 00 00 14 0A 00 00 08 00 08 1E BB BB BB BB BB BB F8 07 00 00 28 06 16 27 06 16 5A 57 31 30 20 10 16 10 20 00 80 E9 16 
15:41:37.658->>>>-发送-68 0F 00 43 00 00 00 B0 04 00 01 04 00 FC 16 
15:41:37.830-<<<<-接收-68 15 00 83 28 30 00 00 7C 00 00 01 00 00 00 00 00 00 00 58 16 
15:47:06.476->>>>-发送-68 0F 00 43 00 00 00 B0 04 00 01 04 00 FC 16 
15:47:06.648-<<<<-接收-68 15 00 83 28 30 00 00 7C 00 00 01 00 00 00 00 00 00 00 58 16 
15:47:46.528->>>>-发送-68 0F 00 43 00 00 00 B0 04 00 01 01 00 F9 16 
15:47:57.576-<<<<-接收-68 38 00 C3 00 00 00 00 00 01 03 02 01 B2 2F 01 01 00 00 14 0A 00 00 08 00 08 1E BB BB BB BB BB BB F8 07 00 00 28 06 16 27 06 16 5A 57 31 30 20 10 16 10 20 00 80 E9 16 
15:50:52.063->>>>-发送-68 0F 00 43 00 00 00 B0 04 00 01 04 00 FC 16 
15:50:52.235-<<<<-接收-68 15 00 83 28 30 00 00 7C 00 00 01 00 00 00 00 00 00 00 58 16 
15:51:07.737->>>>-发送-68 0F 00 43 00 00 00 B0 04 00 01 01 00 F9 16 
15:51:19.128-<<<<-接收-68 38 00 C3 00 00 00 00 00 01 03 02 01 B2 2F 01 01 00 00 14 0A 00 00 08 00 08 1E BB BB BB BB BB BB F8 07 00 00 28 06 16 27 06 16 5A 57 31 30 20 10 16 10 20 00 80 E9 16 
15:51:24.723->>>>-发送-68 0F 00 43 00 00 00 B0 04 00 01 01 00 F9 16 
15:51:34.380-<<<<-接收-68 38 00 C3 00 00 00 00 00 01 03 02 01 B2 2F 01 01 00 00 14 0A 00 00 08 00 08 1E BB BB BB BB BB BB F8 07 00 00 28 06 16 27 06 16 5A 57 31 30 20 10 16 10 20 00 80 E9 16 
15:52:22.903->>>>-发送-68 0F 00 43 00 00 00 B0 04 00 01 04 00 FC 16 
15:52:24.794-<<<<-接收-68 15 00 83 28 30 00 00 7C 00 00 01 00 00 00 00 00 00 00 58 16 
15:53:10.908->>>>-发送-68 0F 00 43 00 00 00 B0 04 00 01 02 00 FA 16 
15:53:22.410-<<<<-接收-68 38 00 C3 00 00 00 00 00 01 03 02 01 B2 2F 01 01 00 00 14 0A 00 00 08 00 08 1E BB BB BB BB BB BB F8 07 00 00 28 06 16 27 06 16 5A 57 31 30 20 10 16 10 20 00 80 E9 16 
15:54:01.023->>>>-发送-68 0F 00 43 00 00 00 B0 04 00 01 04 00 FC 16 
15:54:02.898-<<<<-接收-68 15 00 83 28 30 00 00 7C 00 00 01 00 00 00 00 00 00 00 58 16 
15:54:06.493->>>>-发送-68 0F 00 43 00 00 00 B0 04 00 01 01 00 F9 16 
15:54:17.337-<<<<-接收-68 38 00 C3 00 00 00 00 00 01 03 02 01 B2 2F 01 01 00 00 14 0A 00 00 08 00 08 1E BB BB BB BB BB BB F8 07 00 00 28 06 16 27 06 16 5A 57 31 30 20 10 16 10 20 00 80 E9 16 
19:39:48.926->>>>-发送-68 0F 00 43 00 00 00 B0 04 00 01 01 00 F9 16 
19:40:00.036-<<<<-接收-68 38 00 C3 00 00 00 00 00 01 03 02 01 B2 2F 01 01 00 00 14 0A 00 00 08 00 08 1E BB BB BB BB BB BB F8 07 00 00 28 06 16 27 06 16 5A 57 31 30 20 10 16 10 20 00 80 E9 16 
19:40:11.225->>>>-发送-68 0F 00 43 00 00 00 B0 04 00 03 80 01 7B 16 
19:40:14.132-<<<<-接收-68 10 00 83 60 60 00 00 66 00 03 80 01 00 2D 16 
19:40:41.666->>>>-发送-68 0F 00 43 00 00 00 B0 04 00 10 40 0D 54 16 
19:43:05.675->>>>-发送-68 0F 00 43 00 00 00 B0 04 00 03 80 01 7B 16 
19:43:08.712-<<<<-接收-68 10 00 83 60 60 00 00 66 00 10 40 0D 00 06 16 
19:49:12.266->>>>-发送-68 0F 00 43 00 00 00 B0 04 00 03 80 01 7B 16 
19:49:12.453-<<<<-接收-68 10 00 83 60 60 00 00 FE 00 03 80 01 00 C5 16 
19:49:23.345->>>>-发送-68 0F 00 43 00 00 00 B0 04 00 10 40 0D 54 16 
