10:15:48.266->>>>-发送-68 0F 00 43 00 00 00 B0 04 00 03 08 00 02 16 
10:16:32.943->>>>-发送-68 0F 00 43 00 00 00 B0 04 00 03 08 00 02 16 
10:16:33.052-<<<<-接收-68 15 00 83 F8 F0 00 00 FE 00 03 08 00 22 33 44 55 66 77 3F 16 
10:16:35.709->>>>-发送-68 0F 00 43 00 00 00 B0 04 00 01 02 00 FA 16 
10:16:36.506-<<<<-接收-68 15 
10:16:36.599->>>>-发送-68 0F 00 43 00 00 00 B0 04 00 03 08 00 02 16 
10:16:43.366-<<<<-接收-68 38 00 C3 00 00 00 00 00 01 03 02 01 B2 2F 01 01 00 00 28 32 00 DC 07 DC 07 1E BB BB BB BB BB BB F8 03 00 00 28 06 16 27 06 16 5A 57 32 30 20 10 16 10 20 00 80 D8 16 
10:19:02.615->>>>-发送-68 0F 00 43 00 00 00 B0 04 00 03 08 00 02 16 
10:19:02.724-<<<<-接收-68 15 00 83 F8 F0 00 00 FE 00 03 08 00 BB BB BB BB BB BB D6 16 
10:19:08.975->>>>-发送-68 15 00 43 00 00 00 B0 04 00 05 01 00 22 33 44 55 66 77 C8 16 
10:19:09.178-<<<<-接收-68 15 00 83 F8 F0 00 00 FE 00 00 01 00 00 00 00 00 02 00 6C 16 
10:23:07.828->>>>-发送-68 0F 00 43 00 00 00 B0 04 00 01 02 00 FA 16 
10:23:08.640-<<<<-接收-68 15 00 83 F8 F0 00 00 FE 00 00 01 00 00 00 00 00 02 00 6C 16 
10:23:17.923->>>>-发送-68 0F 00 43 00 00 00 B0 04 00 10 01 00 08 16 
10:23:18.032-<<<<-接收-68 13 00 83 F8 F0 00 00 FE 00 10 01 00 00 00 F8 03 75 16 
10:23:18.094->>>>-发送-68 12 00 43 00 00 00 B0 04 00 10 02 00 01 00 0A 14 16 
10:23:18.204-<<<<-接收-68 12 00 83 F8 F0 00 00 FE 00 10 02 00 00 00 00 7B 16 
10:27:02.071->>>>-发送-68 0F 00 43 00 00 00 B0 04 00 03 08 00 02 16 
10:27:02.196-<<<<-接收-68 15 00 83 00 00 00 00 04 00 03 08 00 BB BB BB BB BB BB F4 16 
10:27:02.259->>>>-发送-68 0F 00 43 00 00 00 B0 04 00 10 01 00 08 16 
10:27:02.368-<<<<-接收-68 13 00 83 F8 F0 00 00 FE 00 10 01 00 00 00 F8 03 75 16 
10:27:02.430->>>>-发送-68 12 00 43 00 00 00 B0 04 00 10 02 00 01 00 0A 14 16 
10:27:02.540-<<<<-接收-68 12 00 83 F8 F0 00 00 FE 00 10 02 00 00 00 00 7B 16 
10:27:08.665->>>>-发送-68 0F 00 43 00 00 00 B0 04 00 03 08 00 02 16 
10:27:08.775-<<<<-接收-68 15 00 83 00 00 00 00 04 00 03 08 00 BB BB BB BB BB BB F4 16 
10:27:08.837->>>>-发送-68 0F 00 43 00 00 00 B0 04 00 10 01 00 08 16 
10:27:08.947-<<<<-接收-68 13 00 83 00 00 00 00 FC 00 10 01 00 00 00 F8 03 8B 16 
10:27:09.009->>>>-发送-68 12 00 43 00 00 00 B0 04 00 10 02 00 01 00 0A 14 16 
10:27:09.119-<<<<-接收-68 12 00 83 00 00 00 00 04 00 10 02 00 00 00 00 99 16 
10:28:03.796->>>>-发送-68 0F 00 43 00 00 00 B0 04 00 03 08 00 02 16 
10:28:03.921-<<<<-接收-68 15 00 83 00 00 00 00 04 00 03 08 00 BB BB BB BB BB BB F4 16 
10:28:09.648->>>>-发送-68 15 00 43 00 00 00 B0 04 00 05 01 00 22 33 44 55 66 77 C8 16 
10:28:09.867-<<<<-接收-68 15 00 83 F8 F0 00 00 FE 00 00 01 00 00 00 00 00 02 00 6C 16 
11:04:52.207->>>>-发送-68 12 00 43 00 00 00 B0 04 00 10 10 02 01 00 03 1D 16 
11:05:02.442-<<<<-接收-FF 
11:05:06.349->>>>-发送-68 12 00 43 00 00 00 B0 04 00 10 10 02 01 00 03 1D 16 
11:05:38.081->>>>-发送-68 0F 00 43 00 00 00 B0 04 00 03 08 00 02 16 
11:16:23.942->>>>-发送-68 0F 00 43 00 00 00 B0 04 00 03 08 00 02 16 
11:16:24.051-<<<<-接收-68 15 00 83 00 00 00 00 06 00 03 08 00 22 33 44 55 66 77 5F 16 
11:16:28.630->>>>-发送-68 0F 00 43 00 00 00 B0 04 00 10 01 00 08 16 
11:16:28.755-<<<<-接收-68 13 00 83 F8 F0 00 00 FE 00 10 01 00 02 00 F8 03 77 16 
11:16:28.817->>>>-发送-68 12 00 43 00 00 00 B0 04 00 10 02 00 01 00 0A 14 16 
11:16:28.942-<<<<-接收-68 22 00 83 00 00 00 00 FE 00 10 02 00 02 00 02 07 00 00 00 00 00 00 10 08 00 00 00 00 00 00 10 C6 16 
11:18:12.347->>>>-发送-68 11 00 43 00 00 00 B0 04 00 F0 10 03 01 10 0B 16 
11:18:12.503-<<<<-接收-68 1D 00 83 00 00 00 00 00 00 F0 10 03 02 02 07 00 00 00 00 00 08 00 00 00 00 00 99 16 
11:21:18.043->>>>-发送-68 12 00 43 00 00 00 B0 04 00 10 10 02 01 00 03 1D 16 
11:21:18.231-<<<<-接收-68 2A 00 83 F8 F0 00 00 FE 00 10 10 02 02 00 01 00 02 22 33 44 55 66 77 01 00 01 00 40 06 00 00 00 00 00 02 00 01 00 11 B7 16 
11:21:22.887->>>>-发送-68 12 00 43 00 00 00 B0 04 00 10 10 02 01 00 03 1D 16 
11:21:23.075-<<<<-接收-68 2A 00 83 00 00 00 00 00 00 10 10 02 02 00 01 00 02 22 33 44 55 66 77 01 00 01 00 40 06 00 00 00 00 00 02 00 01 00 11 D1 16 
11:21:35.357->>>>-发送-68 12 00 43 00 00 00 B0 04 00 10 10 02 01 00 03 1D 16 
11:21:35.529-<<<<-接收-68 2A 00 83 00 00 00 00 00 00 10 10 02 02 00 01 00 02 22 33 44 55 66 77 01 00 01 00 40 06 00 00 00 00 00 02 00 01 00 11 D1 16 
11:21:37.701->>>>-发送-68 12 00 43 00 00 00 B0 04 00 10 10 02 01 00 03 1D 16 
11:21:37.889-<<<<-接收-68 2A 00 83 00 00 00 00 00 00 10 10 02 02 00 01 00 02 22 33 44 55 66 77 01 00 01 00 40 06 00 00 00 00 00 02 00 01 00 11 D1 16 
11:21:57.063->>>>-发送-68 12 00 43 00 00 00 B0 04 00 10 10 02 01 00 01 1B 16 
11:21:57.235-<<<<-接收-68 1F 00 83 00 00 00 00 00 00 10 10 02 02 00 01 00 01 22 33 44 55 66 77 01 00 01 00 40 B6 16 
11:22:12.283->>>>-发送-68 12 00 43 00 00 00 B0 04 00 10 10 02 02 00 01 1C 16 
11:22:12.455-<<<<-接收-68 1F 00 83 F8 10 00 00 00 00 10 10 02 02 00 02 00 01 06 00 00 00 00 00 02 00 01 00 11 CC 16 
11:22:36.692->>>>-发送-68 12 00 43 00 00 00 B0 04 00 10 10 02 02 00 01 1C 16 
11:22:36.864-<<<<-接收-68 1F 00 83 F8 10 00 00 00 00 10 10 02 03 00 02 00 01 06 00 00 00 00 00 02 00 01 00 11 CD 16 
11:22:53.553->>>>-发送-68 12 00 43 00 00 00 B0 04 00 10 10 02 02 00 02 1D 16 
11:22:53.709-<<<<-接收-68 1F 00 83 F8 10 00 00 00 00 10 10 02 03 00 02 00 01 06 00 00 00 00 00 02 00 01 00 11 CD 16 
11:23:20.681->>>>-发送-68 12 00 43 00 00 00 B0 04 00 10 10 02 02 00 03 1E 16 
11:23:20.837-<<<<-接收-68 1F 00 83 F8 10 00 00 00 00 10 10 02 03 00 02 00 01 06 00 00 00 00 00 02 00 01 00 11 CD 16 
11:23:28.682->>>>-发送-68 12 00 43 00 00 00 B0 04 00 10 10 02 02 00 03 1E 16 
11:23:28.838-<<<<-接收-68 1F 00 83 F8 10 00 00 00 00 10 10 02 03 00 02 00 01 06 00 00 00 00 00 02 00 01 00 11 CD 16 
11:23:51.356->>>>-发送-68 12 00 43 00 00 00 B0 04 00 10 10 02 02 00 02 1D 16 
11:23:51.512-<<<<-接收-68 1F 00 83 00 00 00 00 00 00 10 10 02 03 00 02 00 01 06 00 00 00 00 00 02 00 01 00 11 C5 16 
11:25:39.664->>>>-发送-68 12 00 43 00 00 00 B0 04 00 10 10 02 02 00 02 1D 16 
11:25:39.820-<<<<-接收-68 1F 00 83 00 00 00 00 00 00 10 10 02 03 00 02 00 01 06 00 00 00 00 00 02 00 01 00 11 C5 16 
11:25:48.274->>>>-发送-68 12 00 43 00 00 00 B0 04 00 10 10 02 02 00 02 1D 16 
11:25:48.431-<<<<-接收-68 1F 00 83 00 00 00 00 00 00 10 10 02 03 00 02 00 01 06 00 00 00 00 00 02 00 01 00 11 C5 16 
11:27:46.177->>>>-发送-68 12 00 43 00 00 00 B0 04 00 10 10 02 01 00 03 1D 16 
11:27:46.365-<<<<-接收-68 2A 00 83 00 00 00 00 00 00 10 10 02 03 00 01 00 02 22 33 44 55 66 77 01 00 01 00 40 06 00 00 00 00 00 02 00 01 00 11 D2 16 
11:27:51.037->>>>-发送-68 12 00 43 00 00 00 B0 04 00 10 10 02 01 00 03 1D 16 
11:27:51.225-<<<<-接收-68 2A 00 83 00 00 00 00 00 00 10 10 02 03 00 01 00 02 22 33 44 55 66 77 01 00 01 00 40 06 00 00 00 00 00 02 00 01 00 11 D2 16 
11:28:05.445->>>>-发送-68 12 00 43 00 00 00 B0 04 00 10 10 02 01 00 04 1E 16 
11:28:05.633-<<<<-接收-68 2A 00 83 00 00 00 00 00 00 10 10 02 03 00 01 00 02 22 33 44 55 66 77 01 00 01 00 40 06 00 00 00 00 00 02 00 01 00 21 E2 16 
11:52:20.224->>>>-发送-68 12 00 43 00 00 00 B0 04 00 10 10 02 01 00 04 1E 16 
11:53:17.582->>>>-发送-68 12 00 43 00 00 00 B0 04 00 10 10 02 01 00 01 1B 16 
11:53:17.738-<<<<-接收-68 1F 00 83 F8 F0 00 00 FE 00 10 10 02 03 00 01 00 01 22 33 44 55 66 77 01 00 01 00 40 9D 16 
11:53:37.678->>>>-发送-68 12 00 43 00 00 00 B0 04 00 10 10 02 01 00 02 1C 16 
11:53:37.865-<<<<-接收-68 2A 00 83 F8 F0 00 00 FE 00 10 10 02 03 00 01 00 02 22 33 44 55 66 77 01 00 01 00 40 06 00 00 00 00 00 02 00 01 00 11 B8 16 
11:54:15.072->>>>-发送-68 12 00 43 00 00 00 B0 04 00 10 10 02 01 00 03 1D 16 
11:54:32.418->>>>-发送-68 12 00 43 00 00 00 B0 04 00 10 10 02 01 00 03 1D 16 
12:00:49.621->>>>-发送-68 12 00 43 00 00 00 B0 04 00 10 10 02 01 00 03 1D 16 
12:01:10.717->>>>-发送-68 12 00 43 00 00 00 B0 04 00 10 10 02 01 00 03 1D 16 
12:13:42.663->>>>-发送-68 12 00 43 00 00 00 B0 04 00 10 10 02 01 00 03 1D 16 
12:14:04.602->>>>-发送-68 12 00 43 00 00 00 B0 04 00 10 10 02 01 00 03 1D 16 
12:16:39.978->>>>-发送-68 12 00 43 00 00 00 B0 04 00 10 10 02 01 00 01 1B 16 
12:22:10.216->>>>-发送-68 12 00 43 00 00 00 B0 04 00 10 10 02 01 00 01 1B 16 
12:24:16.398->>>>-发送-68 12 00 43 00 00 00 B0 04 00 10 10 02 02 00 01 1C 16 
12:29:40.135->>>>-发送-68 12 00 43 00 00 00 B0 04 00 10 10 02 02 00 01 1C 16 
12:29:58.355->>>>-发送-68 12 00 43 00 00 00 B0 04 00 10 10 02 02 00 01 1C 16 
12:58:30.667->>>>-发送-68 12 00 43 00 00 00 B0 04 00 10 10 02 02 00 01 1C 16 
13:07:30.980->>>>-发送-68 12 00 43 00 00 00 B0 04 00 10 10 02 02 00 01 1C 16 
13:07:31.136-<<<<-接收-68 14 00 83 F8 F0 00 00 FE 00 10 10 02 01 00 02 00 00 8E 16 
13:07:41.934->>>>-发送-68 12 00 43 00 00 00 B0 04 00 10 10 02 02 00 01 1C 16 
13:07:42.091-<<<<-接收-68 14 00 83 F8 F0 00 00 FE 00 10 10 02 01 00 02 00 00 8E 16 
13:08:09.229->>>>-发送-68 12 00 43 00 00 00 B0 04 00 10 10 02 01 00 01 1B 16 
13:08:09.385-<<<<-接收-68 1F 00 83 F8 F0 00 00 FE 00 10 10 02 03 00 01 00 01 22 33 44 55 66 77 01 00 01 00 40 9D 16 
13:08:22.214->>>>-发送-68 12 00 43 00 00 00 B0 04 00 10 10 02 01 00 02 1C 16 
13:08:22.402-<<<<-接收-68 2A 00 83 F8 F0 00 00 FE 00 10 10 02 03 00 01 00 02 22 33 44 55 66 77 01 00 01 00 40 33 00 00 00 00 00 02 00 01 00 11 E5 16 
13:09:01.768->>>>-发送-68 12 00 43 00 00 00 B0 04 00 10 10 02 01 00 03 1D 16 
13:09:01.986-<<<<-接收-68 35 00 83 F8 F0 00 00 FE 00 10 10 02 03 00 01 00 03 22 33 44 55 66 77 01 00 01 00 40 33 00 00 00 00 00 02 00 01 00 11 00 40 33 00 00 00 00 00 02 00 01 5C 16 
13:09:50.195->>>>-发送-68 12 00 43 00 00 00 B0 04 00 10 10 02 01 00 03 1D 16 
13:09:50.413-<<<<-接收-68 35 00 83 F8 F0 00 00 FE 00 10 10 02 03 00 01 00 03 22 33 44 55 66 77 01 00 01 00 40 33 00 00 00 00 00 02 00 01 00 11 00 40 33 00 00 00 00 00 02 00 01 5C 16 
13:11:19.359->>>>-发送-68 12 00 43 00 00 00 B0 04 00 10 10 02 01 00 04 1E 16 
13:12:31.773->>>>-发送-68 12 00 43 00 00 00 B0 04 00 10 10 02 01 00 04 1E 16 
13:12:32.023-<<<<-接收-68 35 00 83 F8 F0 00 00 FE 00 10 10 02 03 00 01 00 03 22 33 44 55 66 77 01 00 01 00 40 33 00 00 00 00 00 02 00 01 00 11 22 33 44 55 66 77 F8 03 02 00 28 D6 16 
13:12:43.603->>>>-发送-68 12 00 43 00 00 00 B0 04 00 10 10 02 01 00 04 1E 16 
13:12:43.837-<<<<-接收-68 35 00 83 F8 F0 00 00 FE 00 10 10 02 03 00 01 00 03 22 33 44 55 66 77 01 00 01 00 40 33 00 00 00 00 00 02 00 01 00 11 00 40 33 00 00 00 00 00 02 00 01 5C 16 
13:12:47.322->>>>-发送-68 12 00 43 00 00 00 B0 04 00 10 10 02 01 00 04 1E 16 
13:12:47.556-<<<<-接收-68 35 00 83 F8 F0 00 00 FE 00 10 10 02 03 00 01 00 03 22 33 44 55 66 77 01 00 01 00 40 33 00 00 00 00 00 02 00 01 00 11 00 40 33 00 00 00 00 00 02 00 01 5C 16 
13:12:50.322->>>>-发送-68 12 00 43 00 00 00 B0 04 00 10 10 02 01 00 04 1E 16 
13:12:50.572-<<<<-接收-68 35 00 83 00 00 00 00 00 00 10 10 02 03 00 01 00 03 22 33 44 55 66 77 01 00 01 00 40 33 00 00 00 00 00 02 00 01 00 11 00 40 33 00 00 00 00 00 02 00 01 76 16 
13:13:32.608->>>>-发送-68 12 00 43 00 00 00 B0 04 00 10 10 02 02 00 01 1C 16 
13:13:32.795-<<<<-接收-68 1F 00 83 00 00 00 00 00 00 10 10 02 03 00 02 00 01 33 00 00 00 00 00 02 00 01 00 11 F2 16 
13:13:51.844->>>>-发送-68 12 00 43 00 00 00 B0 04 00 10 10 02 02 00 02 1D 16 
13:13:52.063-<<<<-接收-68 2A 00 83 00 00 00 00 00 00 10 10 02 03 00 02 00 02 33 00 00 00 00 00 02 00 01 00 11 00 01 33 00 00 00 00 00 02 00 01 2A 16 
13:14:48.256->>>>-发送-68 12 00 43 00 00 00 B0 04 00 10 10 02 02 00 04 1F 16 
13:14:48.506-<<<<-接收-68 2A 00 83 00 00 00 00 00 00 10 10 02 03 00 02 00 02 33 00 00 00 00 00 02 00 01 00 11 00 02 33 00 00 00 00 00 02 00 01 2B 16 
13:15:10.727->>>>-发送-68 12 00 43 00 00 00 B0 04 00 10 10 02 03 00 01 1D 16 
13:15:10.915-<<<<-接收-68 1F 00 83 00 00 00 00 00 00 10 10 02 03 00 03 00 01 06 00 00 00 00 00 03 00 01 00 11 C7 16 
13:15:27.635->>>>-发送-68 12 00 43 00 00 00 B0 04 00 10 10 02 03 00 02 1E 16 
13:15:27.839-<<<<-接收-68 2A 00 83 00 00 00 00 00 00 10 10 02 03 00 03 00 02 06 00 00 00 00 00 03 00 01 00 11 00 01 06 00 00 00 00 00 03 00 01 D3 16 
13:15:34.839->>>>-发送-68 12 00 43 00 00 00 B0 04 00 10 10 02 03 00 02 1E 16 
13:15:35.058-<<<<-接收-68 2A 00 83 F8 10 00 00 00 00 10 10 02 03 00 03 00 02 06 00 00 00 00 00 03 00 01 00 11 00 02 06 00 00 00 00 00 03 00 01 DC 16 
14:22:45.172->>>>-发送-68 12 00 43 00 00 00 B0 04 00 10 10 02 03 00 02 1E 16 
14:22:45.360-<<<<-接收-68 1F 00 83 F8 F0 00 00 FE 00 10 10 02 03 00 03 00 01 33 00 00 00 00 00 03 00 01 00 11 DA 16 
14:22:49.079->>>>-发送-68 12 00 43 00 00 00 B0 04 00 10 10 02 03 00 02 1E 16 
14:22:49.282-<<<<-接收-68 1F 00 83 F8 F0 00 00 FE 00 10 10 02 03 00 03 00 01 33 00 00 00 00 00 03 00 01 00 11 DA 16 
14:23:11.519->>>>-发送-68 12 00 43 00 00 00 B0 04 00 10 10 02 02 00 02 1D 16 
14:23:11.722-<<<<-接收-68 2A 00 83 F8 F0 00 00 FE 00 10 10 02 03 00 02 00 02 06 00 00 00 00 00 02 00 01 00 11 00 01 33 00 00 00 00 00 03 00 01 E4 16 
14:23:40.928->>>>-发送-68 12 00 43 00 00 00 B0 04 00 10 10 02 02 00 02 1D 16 
14:23:41.147-<<<<-接收-68 2A 00 83 F8 F0 00 00 FE 00 10 10 02 03 00 02 00 02 06 00 00 00 00 00 02 00 01 00 11 00 02 06 00 00 00 00 00 02 00 01 B7 16 
14:23:55.961->>>>-发送-68 12 00 43 00 00 00 B0 04 00 10 10 02 02 00 02 1D 16 
14:23:56.180-<<<<-接收-68 2A 00 83 F8 F0 00 00 FE 00 10 10 02 03 00 02 00 02 06 00 00 00 00 00 02 00 01 00 11 00 02 06 00 00 00 00 00 02 00 01 B7 16 
14:23:57.274->>>>-发送-68 12 00 43 00 00 00 B0 04 00 10 10 02 02 00 02 1D 16 
14:23:57.492-<<<<-接收-68 2A 00 83 F8 F0 00 00 FE 00 10 10 02 03 00 02 00 02 06 00 00 00 00 00 02 00 01 00 11 00 02 06 00 00 00 00 00 02 00 01 B7 16 
14:27:52.392->>>>-发送-68 12 00 43 00 00 00 B0 04 00 10 10 02 02 00 02 1D 16 
14:27:52.611-<<<<-接收-68 2A 00 83 F8 F0 00 00 FE 00 10 10 02 03 00 02 00 02 06 00 00 00 00 00 02 00 01 00 11 00 02 06 00 00 00 00 00 02 00 01 B7 16 
14:32:36.927->>>>-发送-68 12 00 43 00 00 00 B0 04 00 10 10 02 02 00 02 1D 16 
14:32:37.130-<<<<-接收-68 2A 00 83 F8 F0 00 00 FE 00 10 10 02 04 00 02 00 02 06 00 00 00 00 00 02 00 01 00 21 00 02 06 00 00 00 00 00 02 00 01 C8 16 
14:32:44.850->>>>-发送-68 12 00 43 00 00 00 B0 04 00 10 10 02 02 00 02 1D 16 
14:32:45.068-<<<<-接收-68 2A 00 83 F8 F0 00 00 FE 00 10 10 02 04 00 02 00 02 06 00 00 00 00 00 02 00 01 00 21 00 02 06 00 00 00 00 00 02 00 01 C8 16 
14:35:25.444->>>>-发送-68 12 00 43 00 00 00 B0 04 00 10 10 02 02 00 02 1D 16 
14:35:25.663-<<<<-接收-68 2A 00 83 00 00 00 00 FE 00 10 10 02 04 00 02 00 02 06 00 00 00 00 00 02 00 01 00 21 00 02 06 00 00 00 00 00 02 00 01 E0 16 
14:55:14.000->>>>-发送-68 12 00 43 00 00 00 B0 04 00 10 10 02 02 00 02 1D 16 
14:55:14.250-<<<<-接收-68 2A 00 83 F8 F0 00 00 FE 00 10 10 02 03 00 02 00 02 06 00 00 00 00 00 02 00 01 00 11 01 00 00 28 32 00 DC 07 DC 07 1E EB 16 
14:56:17.351->>>>-发送-68 12 00 43 00 00 00 B0 04 00 10 10 02 02 00 02 1D 16 
14:56:17.601-<<<<-接收-68 2A 00 83 F8 F0 00 00 FE 00 10 10 02 03 00 02 00 02 06 00 00 00 00 00 02 00 01 00 11 00 02 06 00 00 00 00 00 02 00 01 B7 16 
14:56:19.023->>>>-发送-68 12 00 43 00 00 00 B0 04 00 10 10 02 02 00 02 1D 16 
14:56:19.257-<<<<-接收-68 2A 00 83 F8 F0 00 00 FE 00 10 10 02 03 00 02 00 02 06 00 00 00 00 00 02 00 01 00 11 00 02 06 00 00 00 00 00 02 00 01 B7 16 
14:56:26.367->>>>-发送-68 12 00 43 00 00 00 B0 04 00 10 10 02 02 00 02 1D 16 
14:56:26.617-<<<<-接收-68 2A 00 83 F8 F0 00 00 FE 00 10 10 02 03 00 02 00 02 06 00 00 00 00 00 02 00 01 00 11 00 02 06 00 00 00 00 00 02 00 01 B7 16 
15:04:42.294->>>>-发送-68 0F 00 43 00 00 00 B0 04 00 10 01 00 08 16 
15:04:42.404-<<<<-接收-68 13 00 83 F8 F0 00 00 FE 00 10 01 00 02 00 F8 03 77 16 
15:04:42.466->>>>-发送-68 12 00 43 00 00 00 B0 04 00 10 02 00 01 00 0A 14 16 
15:04:42.591-<<<<-接收-68 22 00 83 F8 F0 00 00 FE 00 10 02 00 02 00 02 07 00 00 00 00 00 00 10 08 00 00 00 00 00 00 10 AE 16 
15:05:08.172->>>>-发送-68 17 00 43 00 00 00 B0 04 00 11 01 00 01 06 00 00 00 00 00 02 12 16 
15:05:08.313-<<<<-接收-68 15 00 83 F8 F0 00 00 FE 00 00 01 00 00 00 00 00 02 00 6C 16 
15:09:54.743->>>>-发送-68 16 00 43 00 00 00 B0 04 00 11 02 00 01 06 00 00 00 00 00 11 16 
15:09:54.884-<<<<-接收-68 15 00 83 F8 F0 00 00 FE 00 00 01 00 00 00 00 00 02 00 6C 16 
15:10:47.775->>>>-发送-68 11 00 43 00 00 00 B0 04 00 F0 10 03 01 10 0B 16 
15:10:47.946-<<<<-接收-68 1D 00 83 00 00 00 00 00 00 F0 10 03 02 02 07 00 00 00 00 00 08 00 00 00 00 00 99 16 
15:16:21.794->>>>-发送-68 12 00 43 00 00 00 B0 04 00 10 10 02 02 00 02 1D 16 
15:16:22.044-<<<<-接收-68 2A 00 83 F8 F0 00 00 FE 00 10 10 02 03 00 02 00 02 06 00 00 00 00 00 02 00 01 00 11 01 00 00 28 32 00 DC 07 DC 07 1E EB 16 
15:16:22.106->>>>-发送-68 11 00 43 00 00 00 B0 04 00 F0 10 03 01 10 0B 16 
15:16:22.278-<<<<-接收-68 1D 00 83 00 00 00 00 00 00 F0 10 03 02 02 07 00 00 00 00 00 08 00 00 00 00 00 99 16 
15:16:31.514->>>>-发送-68 12 00 43 00 00 00 B0 04 00 10 10 02 02 00 02 1D 16 
15:16:31.764-<<<<-接收-68 2A 00 83 F8 F0 00 00 FE 00 10 10 02 03 00 02 00 02 06 00 00 00 00 00 02 00 01 00 11 01 00 00 28 32 00 DC 07 DC 07 1E EB 16 
15:16:31.826->>>>-发送-68 11 00 43 00 00 00 B0 04 00 F0 10 03 01 10 0B 16 
15:16:31.982-<<<<-接收-68 1D 00 83 00 00 00 00 00 00 F0 10 03 02 02 07 00 00 00 00 00 08 00 00 00 00 00 99 16 
15:16:35.405->>>>-发送-68 12 00 43 00 00 00 B0 04 00 10 10 02 02 00 02 1D 16 
15:16:35.655-<<<<-接收-68 2A 00 83 F8 F0 00 00 FE 00 10 10 02 03 00 02 00 02 06 00 00 00 00 00 02 00 01 00 11 01 00 00 28 32 00 DC 07 DC 07 1E EB 16 
15:16:35.717->>>>-发送-68 11 00 43 00 00 00 B0 04 00 F0 10 03 01 10 0B 16 
15:16:35.889-<<<<-接收-68 1D 00 83 00 00 00 00 00 00 F0 10 03 02 02 07 00 00 00 00 00 08 00 00 00 00 00 99 16 
15:16:46.640->>>>-发送-68 12 00 43 00 00 00 B0 04 00 10 10 02 02 00 02 1D 16 
15:16:46.875-<<<<-接收-68 2A 00 83 F8 F0 00 00 FE 00 10 10 02 03 00 02 00 02 06 00 00 00 00 00 02 00 01 00 11 01 00 00 28 32 00 DC 07 DC 07 1E EB 16 
15:16:52.500->>>>-发送-68 12 00 43 00 00 00 B0 04 00 10 10 02 02 00 02 1D 16 
15:16:52.750-<<<<-接收-68 2A 00 83 F8 F0 00 00 FE 00 10 10 02 03 00 02 00 02 06 00 00 00 00 00 02 00 01 00 11 01 00 00 28 32 00 DC 07 DC 07 1E EB 16 
15:25:56.291->>>>-发送-68 12 00 43 00 00 00 B0 04 00 10 10 02 02 00 02 1D 16 
15:25:56.510-<<<<-接收-68 2A 00 83 F8 F0 00 00 FE 00 10 10 02 03 00 02 00 02 33 00 00 00 00 00 02 00 01 00 21 01 00 00 28 32 00 DC 07 DC 07 1E 28 16 
15:26:40.202->>>>-发送-68 12 00 43 00 00 00 B0 04 00 10 10 02 02 00 02 1D 16 
15:26:40.405-<<<<-接收-68 2A 00 83 F8 F0 00 00 FE 00 10 10 02 03 00 02 00 02 33 00 00 00 00 00 02 00 01 00 21 01 00 00 28 32 00 DC 07 DC 07 1E 28 16 
15:32:55.367->>>>-发送-68 12 00 43 00 00 00 B0 04 00 10 10 02 02 00 02 1D 16 
15:32:55.570-<<<<-接收-68 2A 00 83 F8 F0 00 00 FE 00 10 10 02 03 00 02 00 02 33 00 00 00 00 00 02 00 01 00 11 01 00 00 28 32 00 DC 07 DC 07 1E 18 16 
15:33:03.508->>>>-发送-68 12 00 43 00 00 00 B0 04 00 10 10 02 02 00 02 1D 16 
15:33:03.711-<<<<-接收-68 2A 00 83 F8 F0 00 00 FE 00 10 10 02 03 00 02 00 02 33 00 00 00 00 00 02 00 01 00 11 01 00 00 28 32 00 DC 07 DC 07 1E 18 16 
15:33:05.368->>>>-发送-68 12 00 43 00 00 00 B0 04 00 10 10 02 02 00 02 1D 16 
15:33:05.571-<<<<-接收-68 2A 00 83 F8 F0 00 00 FE 00 10 10 02 03 00 02 00 02 33 00 00 00 00 00 02 00 01 00 11 01 00 00 28 32 00 DC 07 DC 07 1E 18 16 
15:33:06.993->>>>-发送-68 12 00 43 00 00 00 B0 04 00 10 10 02 02 00 02 1D 16 
15:33:07.196-<<<<-接收-68 2A 00 83 F8 F0 00 00 FE 00 10 10 02 03 00 02 00 02 33 00 00 00 00 00 02 00 01 00 11 01 00 00 28 32 00 DC 07 DC 07 1E 18 16 
15:33:08.977->>>>-发送-68 12 00 43 00 00 00 B0 04 00 10 10 02 02 00 02 1D 16 
15:33:09.181-<<<<-接收-68 2A 00 83 F8 F0 00 00 FE 00 10 10 02 03 00 02 00 02 33 00 00 00 00 00 02 00 01 00 11 01 00 00 28 32 00 DC 07 DC 07 1E 18 16 
15:33:12.087->>>>-发送-68 12 00 43 00 00 00 B0 04 00 10 10 02 02 00 02 1D 16 
15:33:12.306-<<<<-接收-68 2A 00 83 F8 F0 00 00 FE 00 10 10 02 03 00 02 00 02 33 00 00 00 00 00 02 00 01 00 11 01 00 00 28 32 00 DC 07 DC 07 1E 18 16 
15:33:21.338->>>>-发送-68 12 00 43 00 00 00 B0 04 00 10 10 02 02 00 02 1D 16 
15:33:21.541-<<<<-接收-68 2A 00 83 F8 F0 00 00 FE 00 10 10 02 03 00 02 00 02 33 00 00 00 00 00 02 00 01 00 11 01 00 00 28 32 00 DC 07 DC 07 1E 18 16 
15:51:45.672->>>>-发送-68 12 00 43 00 00 00 B0 04 00 10 10 02 02 00 02 1D 16 
15:51:45.875-<<<<-接收-68 2A 00 83 F8 F0 00 00 FE 00 10 10 02 03 00 02 00 02 33 00 00 00 00 00 02 00 01 00 11 01 00 00 28 32 00 DC 07 DC 07 1E 18 16 
15:51:54.313->>>>-发送-68 12 00 43 00 00 00 B0 04 00 10 10 02 02 00 02 1D 16 
15:51:54.501-<<<<-接收-68 2A 00 83 F8 F0 00 00 FE 00 10 10 02 03 00 02 00 02 33 00 00 00 00 00 02 00 01 00 11 01 00 00 28 32 00 DC 07 DC 07 1E 18 16 
16:02:17.738->>>>-发送-68 12 00 43 00 00 00 B0 04 00 10 10 02 02 00 02 1D 16 
16:02:17.941-<<<<-接收-68 2A 00 83 F8 F0 00 00 FE 00 10 10 02 03 00 02 00 02 33 00 00 00 00 00 02 00 01 00 11 01 00 00 28 32 00 DC 07 DC 07 1E 18 16 
16:02:22.801->>>>-发送-68 12 00 43 00 00 00 B0 04 00 10 10 02 02 00 02 1D 16 
16:02:23.004-<<<<-接收-68 2A 00 83 F8 F0 00 00 FE 00 10 10 02 03 00 02 00 02 33 00 00 00 00 00 02 00 01 00 11 01 00 00 28 32 00 DC 07 DC 07 1E 18 16 
16:13:25.254->>>>-发送-68 12 00 43 00 00 00 B0 04 00 10 10 02 02 00 02 1D 16 
16:13:25.457-<<<<-接收-68 2A 00 83 F8 F0 00 00 FE 00 10 10 02 03 00 02 00 02 33 00 00 00 00 00 02 00 01 00 11 01 00 00 28 32 00 DC 07 DC 07 1E 18 16 
16:27:07.684->>>>-发送-68 12 00 43 00 00 00 B0 04 00 10 10 02 02 00 02 1D 16 
16:37:22.732->>>>-发送-68 12 00 43 00 00 00 B0 04 00 10 10 02 02 00 02 1D 16 
16:53:29.255->>>>-发送-68 12 00 43 00 00 00 B0 04 00 10 10 02 02 00 02 1D 16 
16:53:29.443-<<<<-接收-68 2A 00 83 F8 F0 00 00 FE 00 10 10 02 03 00 02 00 02 33 00 00 00 00 00 02 00 01 00 11 06 00 00 00 00 00 03 00 01 00 11 F4 16 
16:55:17.649->>>>-发送-68 12 00 43 00 00 00 B0 04 00 10 10 02 02 00 02 1D 16 
16:55:17.837-<<<<-接收-68 2A 00 83 F8 F0 00 00 FE 00 10 10 02 03 00 02 00 02 33 00 00 00 00 00 02 00 01 00 11 06 00 00 00 00 00 03 00 01 00 11 F4 16 
16:55:35.823->>>>-发送-68 12 00 43 00 00 00 B0 04 00 10 10 02 02 00 03 1E 16 
16:55:36.026-<<<<-接收-68 2A 00 83 F8 F0 00 00 FE 00 10 10 02 03 00 02 00 02 33 00 00 00 00 00 02 00 01 00 11 06 00 00 00 00 00 03 00 01 00 11 F4 16 
16:56:02.685->>>>-发送-68 12 00 43 00 00 00 B0 04 00 10 10 02 02 00 01 1C 16 
16:56:02.857-<<<<-接收-68 1F 00 83 F8 F0 00 00 FE 00 10 10 02 03 00 02 00 01 33 00 00 00 00 00 02 00 01 00 11 D8 16 
16:56:16.890->>>>-发送-68 12 00 43 00 00 00 B0 04 00 10 10 02 01 00 02 1C 16 
16:56:17.078-<<<<-接收-68 2A 00 83 F8 F0 00 00 FE 00 10 10 02 03 00 01 00 02 22 33 44 55 66 77 01 00 01 00 40 33 00 00 00 00 00 02 00 01 00 11 E5 16 
18:05:21.228->>>>-发送-68 12 00 43 00 00 00 B0 04 00 10 10 02 01 00 02 1C 16 
18:05:21.400-<<<<-接收-68 2A 00 83 F8 F0 00 00 FE 00 10 10 02 03 00 01 00 02 22 33 44 55 66 77 01 00 01 00 40 06 00 00 00 00 00 02 00 01 00 11 B8 16 
18:05:37.339->>>>-发送-68 12 00 43 00 00 00 B0 04 00 10 10 02 01 00 03 1D 16 
18:05:37.542-<<<<-接收-68 35 00 83 F8 F0 00 00 FE 00 10 10 02 03 00 01 00 03 22 33 44 55 66 77 01 00 01 00 40 06 00 00 00 00 00 02 00 01 00 11 33 00 00 00 00 00 03 00 01 00 11 01 16 
