17:00:43.649->>>>-发送-68 0F 00 43 00 00 00 B0 04 00 10 01 00 08 16 
17:00:44.915-<<<<-接收-68 13 00 83 F8 F0 00 00 FE 00 10 01 00 00 00 F8 07 79 16 
17:00:44.978->>>>-发送-68 12 00 43 00 00 00 B0 04 00 10 02 00 01 00 0A 14 16 
17:00:46.837-<<<<-接收-68 10 00 83 F8 F0 00 00 FE 00 00 02 00 1C 87 16 
17:01:48.094->>>>-发送-68 1E 00 43 00 00 00 B0 04 00 11 01 00 02 06 00 00 00 00 00 02 00 01 00 00 00 00 02 16 16 
17:01:49.344-<<<<-接收-68 15 00 83 F8 F0 00 00 FE 00 00 01 00 00 00 00 00 00 00 6A 16 
17:05:25.311->>>>-发送-68 0F 00 43 00 00 00 B0 04 00 10 01 00 08 16 
17:05:27.171-<<<<-接收-68 13 00 83 F8 F0 00 00 FE 00 10 01 00 02 00 F8 07 7B 16 
17:05:27.233->>>>-发送-68 12 00 43 00 00 00 B0 04 00 10 02 00 01 00 0A 14 16 
17:05:29.093-<<<<-接收-68 22 00 83 F8 F0 00 00 FE 00 10 02 00 02 00 02 06 00 00 00 00 00 00 10 00 01 00 00 00 00 00 10 A6 16 
17:05:38.047->>>>-发送-68 11 00 43 00 00 00 B0 04 00 F0 10 03 01 10 0B 16 
17:05:39.672-<<<<-接收-68 10 00 83 F8 F0 00 00 FE 00 00 02 00 13 7E 16 
17:07:15.484->>>>-发送-68 0F 00 43 00 00 00 B0 04 00 01 02 00 FA 16 
17:07:17.906-<<<<-接收-68 15 00 83 F8 F0 00 00 FE 00 00 01 00 00 00 00 00 00 00 6A 16 
17:07:46.315->>>>-发送-68 1E 00 43 00 00 00 B0 04 00 11 01 00 02 06 00 00 00 00 00 02 00 01 00 00 00 00 02 16 16 
17:07:47.409-<<<<-接收-68 15 00 83 F8 F0 00 00 FE 00 00 01 00 00 00 00 00 00 00 6A 16 
17:14:03.738->>>>-发送-68 16 00 43 00 00 00 B0 04 00 F0 04 03 01 00 01 00 00 00 00 F0 16 
17:14:05.488-<<<<-接收-68 15 00 83 F8 F0 00 00 FE 00 00 01 00 00 00 00 00 00 00 6A 16 
17:15:32.710->>>>-发送-68 30 00 43 04 00 00 B0 04 00 11 11 11 11 11 11 00 01 00 00 00 00 13 01 00 02 00 00 11 FE 68 00 01 00 00 00 00 68 11 04 33 32 34 35 B4 16 05 16 
17:16:42.777->>>>-发送-68 30 00 43 04 00 00 B0 04 00 11 11 11 11 11 11 00 01 00 00 00 00 13 01 00 02 00 00 11 FE 68 00 01 00 00 00 00 68 11 04 33 32 34 35 B4 16 05 16 
17:19:21.231->>>>-发送-68 30 00 43 04 00 00 B0 04 00 11 11 11 11 11 11 00 01 00 00 00 00 13 01 00 02 00 00 11 FE 68 00 01 00 00 00 00 68 11 04 33 32 34 35 B4 16 05 16 
19:20:12.438->>>>-发送-68 22 00 43 04 00 00 B0 04 00 11 11 11 11 11 11 00 01 00 00 00 00 F0 04 03 01 00 01 00 00 00 00 5B 16 
19:20:12.594-<<<<-接收-68 21 00 83 0C F0 00 00 FE 00 CC CC CC CC CC CC BB BB BB BB BB BB 00 01 00 00 00 00 00 00 00 A8 16 
19:20:55.817->>>>-发送-68 30 00 43 04 00 00 B0 04 00 11 11 11 11 11 11 00 01 00 00 00 00 13 01 00 02 00 00 11 FE 68 00 01 00 00 00 00 68 11 04 33 32 34 35 B4 16 05 16 
19:21:58.183->>>>-发送-68 30 00 43 04 00 00 B0 04 00 11 11 11 11 11 11 00 01 00 00 00 00 13 01 00 02 00 00 11 FE 68 00 01 00 00 00 00 68 11 04 33 32 34 35 B4 16 05 16 
19:58:38.163->>>>-发送-68 23 00 43 04 00 00 B0 04 00 11 11 11 11 11 11 00 01 00 00 00 00 11 01 00 01 01 00 00 00 00 11 02 89 16 
19:58:38.288-<<<<-接收-68 21 00 83 0C F0 00 00 FE 00 CC CC CC CC CC CC BB BB BB BB BB BB 00 01 00 00 00 00 00 00 00 A8 16 
20:05:56.492->>>>-发送-68 1D 00 43 04 00 00 B0 04 00 11 11 11 11 11 11 00 01 00 00 00 00 F0 10 03 01 10 76 16 
20:05:56.648-<<<<-接收-68 2F 00 83 0C 10 00 00 04 00 00 01 00 00 00 00 11 11 11 11 11 11 F0 10 03 03 03 06 00 00 00 00 00 00 01 00 00 00 00 01 00 00 00 00 11 2C 16 
20:15:38.044->>>>-发送-68 22 00 43 04 00 00 B0 04 00 11 11 11 11 11 11 00 01 00 00 00 00 F0 04 03 01 00 01 00 00 00 00 5B 16 
20:15:38.169-<<<<-接收-68 21 00 83 0C 70 00 00 68 00 CC CC CC CC CC CC BB BB BB BB BB BB 00 01 00 00 00 00 00 00 00 92 16 
20:18:28.042->>>>-发送-68 22 00 43 04 00 00 B0 04 00 11 11 11 11 11 11 00 01 00 00 00 00 F0 04 03 01 00 01 00 00 00 00 5B 16 
20:18:28.167-<<<<-接收-68 21 00 83 0C F0 00 00 FE 00 CC CC CC CC CC CC BB BB BB BB BB BB 00 01 00 00 00 00 00 00 00 A8 16 
20:28:04.499->>>>-发送-68 30 00 43 04 00 00 B0 04 00 11 11 11 11 11 11 00 01 00 00 00 00 13 01 00 02 00 00 11 FE 68 00 01 00 00 00 00 68 11 04 33 32 34 35 B4 16 05 16 
20:30:31.609->>>>-发送-68 21 00 43 04 00 00 B0 04 00 11 11 11 11 11 11 00 01 00 00 00 00 05 01 00 10 00 00 00 00 01 79 16 
20:30:31.827-<<<<-接收-68 21 00 83 0C F0 00 00 FE 00 CC CC CC CC CC CC 10 00 00 00 00 01 00 01 00 00 00 00 00 00 00 57 16 
20:30:37.625->>>>-发送-68 1B 00 43 04 00 00 B0 04 00 11 11 11 11 11 11 00 01 00 00 00 00 03 08 00 6D 16 
20:30:37.766-<<<<-接收-68 21 00 83 0C C0 00 00 CC 00 00 01 00 00 00 00 11 11 11 11 11 11 03 08 00 10 00 00 00 00 01 9E 16 
20:36:21.646->>>>-发送-68 30 00 43 04 00 00 B0 04 00 11 11 11 11 11 11 00 01 00 00 00 00 13 01 00 02 00 00 11 FE 68 00 01 00 00 00 00 68 11 04 33 32 34 35 B4 16 05 16 
20:36:40.132->>>>-发送-68 30 00 43 04 00 00 B0 04 00 11 11 11 11 11 11 00 01 00 00 00 00 13 01 00 02 00 00 11 FE 68 00 01 00 00 00 00 68 11 04 33 32 34 35 B4 16 05 16 
20:36:41.460-<<<<-接收-68 1F 00 83 04 00 00 00 FE 00 00 01 00 00 00 00 11 11 11 11 11 11 13 01 00 00 00 02 00 02 16 
20:36:55.009->>>>-发送-68 30 00 43 04 00 00 B0 04 00 11 11 11 11 11 11 00 01 00 00 00 00 13 01 00 02 00 00 11 FE 68 00 01 00 00 00 00 68 11 04 33 32 34 35 B4 16 05 16 
20:36:59.931-<<<<-接收-68 1F 00 83 04 00 00 00 00 00 00 01 00 00 00 00 11 11 11 11 11 11 13 01 00 00 00 02 00 04 16 
20:44:00.435->>>>-发送-68 30 00 43 04 00 00 B0 04 00 11 11 11 11 11 11 00 01 00 00 00 00 13 01 00 02 00 00 11 FE 68 00 01 00 00 00 00 68 11 04 33 32 34 35 B4 16 05 16 
20:44:50.503->>>>-发送-68 30 00 43 04 00 00 B0 04 00 11 11 11 11 11 11 00 01 00 00 00 00 13 01 00 02 00 00 11 FE 68 00 01 00 00 00 00 68 11 04 33 32 34 35 B4 16 05 16 
20:45:28.897->>>>-发送-68 30 00 43 04 00 00 B0 04 00 11 11 11 11 11 11 00 01 00 00 00 00 13 01 00 02 00 00 11 FE 68 00 01 00 00 00 00 68 11 04 33 32 34 35 B4 16 05 16 
20:48:33.840->>>>-发送-68 30 00 43 04 00 00 B0 04 00 11 11 11 11 11 11 00 01 00 00 00 00 13 01 00 02 00 00 11 FE 68 00 01 00 00 00 00 68 11 04 33 32 34 35 B4 16 05 16 
20:49:11.693->>>>-发送-68 30 00 43 04 00 00 B0 04 00 11 11 11 11 11 11 00 01 00 00 00 00 13 01 00 02 00 00 11 FE 68 00 01 00 00 00 00 68 11 04 33 32 34 35 B4 16 05 16 
20:49:35.930->>>>-发送-68 30 00 43 04 00 00 B0 04 00 11 11 11 11 11 11 00 01 00 00 00 00 13 01 00 02 00 00 11 FE 68 00 01 00 00 00 00 68 11 04 33 32 34 35 B4 16 05 16 
20:50:03.448->>>>-发送-68 30 00 43 04 00 00 B0 04 00 11 11 11 11 11 11 00 01 00 00 00 00 13 01 00 02 00 00 11 FE 68 00 01 00 00 00 00 68 11 04 33 32 34 35 B4 16 05 16 
20:50:32.623->>>>-发送-68 30 00 43 04 00 00 B0 04 00 11 11 11 11 11 11 00 01 00 00 00 00 13 01 00 02 00 00 11 FE 68 00 01 00 00 00 00 68 11 04 33 32 34 35 B4 16 05 16 
20:51:14.315->>>>-发送-68 30 00 43 04 00 00 B0 04 00 11 11 11 11 11 11 00 01 00 00 00 00 13 01 00 02 00 00 11 FE 68 00 01 00 00 00 00 68 11 04 33 32 34 35 B4 16 05 16 
20:51:36.786->>>>-发送-68 30 00 43 04 00 00 B0 04 00 11 11 11 11 11 11 00 01 00 00 00 00 13 01 00 02 00 00 11 FE 68 00 01 00 00 00 00 68 11 04 33 32 34 35 B4 16 05 16 
20:51:55.675->>>>-发送-68 30 00 43 04 00 00 B0 04 00 11 11 11 11 11 11 00 01 00 00 00 00 13 01 00 02 00 00 11 FE 68 00 01 00 00 00 00 68 11 04 33 32 34 35 B4 16 05 16 
20:51:56.566-<<<<-接收-68 1F 00 83 04 00 00 00 00 00 00 01 00 00 00 00 11 11 11 11 11 11 13 01 00 00 00 02 00 04 16 
