15:16:52.587->>>>-发送-68 12 00 43 00 00 00 B0 04 00 10 10 02 01 00 10 2A 16 
15:16:52.790-<<<<-接收-68 40 00 83 08 F0 00 00 FE 00 10 10 02 04 00 01 00 04 11 11 11 11 11 11 01 00 01 00 40 06 00 00 00 00 00 02 00 01 00 11 33 00 00 00 00 00 03 00 01 00 11 11 22 33 44 55 66 04 00 01 00 11 29 16 
15:17:09.010->>>>-发送-68 12 00 43 00 00 00 B0 04 00 10 10 02 01 00 01 1B 16 
15:17:09.182-<<<<-接收-68 1F 00 83 08 F0 00 00 FE 00 10 10 02 04 00 01 00 01 11 11 11 11 11 11 01 00 01 00 40 49 16 
15:17:24.059->>>>-发送-68 12 00 43 00 00 00 B0 04 00 10 10 02 01 00 02 1C 16 
15:17:24.231-<<<<-接收-68 2A 00 83 08 F0 00 00 FE 00 10 10 02 04 00 01 00 02 11 11 11 11 11 11 01 00 01 00 40 06 00 00 00 00 00 02 00 01 00 11 64 16 
15:17:43.139->>>>-发送-68 12 00 43 00 00 00 B0 04 00 10 10 02 01 00 20 3A 16 
15:17:43.342-<<<<-接收-68 40 00 83 00 00 00 00 00 00 10 10 02 04 00 01 00 04 11 11 11 11 11 11 01 00 01 00 40 06 00 00 00 00 00 02 00 01 00 11 33 00 00 00 00 00 03 00 01 00 11 11 22 33 44 55 66 04 00 01 00 11 33 16 
15:18:03.328->>>>-发送-68 12 00 43 00 00 00 B0 04 00 10 10 02 02 00 01 1C 16 
15:18:03.469-<<<<-接收-68 1F 00 83 00 00 00 00 00 00 10 10 02 04 00 02 00 01 06 00 00 00 00 00 02 00 01 00 11 C6 16 
15:18:05.157->>>>-发送-68 12 00 43 00 00 00 B0 04 00 10 10 02 02 00 01 1C 16 
15:18:05.297-<<<<-接收-68 1F 00 83 00 00 00 00 00 00 10 10 02 04 00 02 00 01 06 00 00 00 00 00 02 00 01 00 11 C6 16 
15:18:19.690->>>>-发送-68 12 00 43 00 00 00 B0 04 00 10 10 02 02 00 10 2B 16 
15:18:19.862-<<<<-接收-68 35 00 83 00 00 00 00 00 00 10 10 02 04 00 02 00 03 06 00 00 00 00 00 02 00 01 00 11 33 00 00 00 00 00 03 00 01 00 11 11 22 33 44 55 66 04 00 01 00 11 8B 16 
15:18:23.049->>>>-发送-68 12 00 43 00 00 00 B0 04 00 10 10 02 02 00 10 2B 16 
15:18:23.268-<<<<-接收-68 35 00 83 00 00 00 00 00 00 10 10 02 04 00 02 00 03 06 00 00 00 00 00 02 00 01 00 11 33 00 00 00 00 00 03 00 01 00 11 11 22 33 44 55 66 04 00 01 00 11 8B 16 
15:18:24.034->>>>-发送-68 12 00 43 00 00 00 B0 04 00 10 10 02 02 00 10 2B 16 
15:18:24.206-<<<<-接收-68 35 00 83 00 00 00 00 00 00 10 10 02 04 00 02 00 03 06 00 00 00 00 00 02 00 01 00 11 33 00 00 00 00 00 03 00 01 00 11 11 22 33 44 55 66 04 00 01 00 11 8B 16 
15:21:43.993->>>>-发送-68 12 00 43 00 00 00 B0 04 00 10 10 02 02 00 10 2B 16 
15:23:03.189->>>>-发送-68 12 00 43 00 00 00 B0 04 00 10 10 02 02 00 03 1E 16 
15:39:15.605->>>>-发送-68 12 00 43 00 00 00 B0 04 00 10 10 02 02 00 03 1E 16 
15:39:15.808-<<<<-接收-68 2A 00 83 08 F0 00 00 FE 00 10 10 02 03 00 02 00 02 06 00 00 00 00 00 02 00 01 00 11 11 22 33 44 55 66 03 00 01 00 11 36 16 
15:39:19.590->>>>-发送-68 12 00 43 00 00 00 B0 04 00 10 10 02 02 00 03 1E 16 
15:39:19.777-<<<<-接收-68 2A 00 83 08 F0 00 00 FE 00 10 10 02 03 00 02 00 02 06 00 00 00 00 00 02 00 01 00 11 11 22 33 44 55 66 03 00 01 00 11 36 16 
15:39:44.842->>>>-发送-68 0F 00 43 00 00 00 B0 04 00 05 10 00 0C 16 
15:39:44.920-<<<<-接收-68 10 00 83 00 00 00 00 00 00 00 02 00 0A 8F 16 
15:39:44.983->>>>-发送-68 12 00 43 00 00 00 B0 04 00 10 10 02 02 00 04 1F 16 
15:39:45.264-<<<<-接收-68 35 00 83 08 F0 00 00 FE 00 10 10 02 04 00 02 00 03 06 00 00 00 00 00 02 00 01 00 11 11 22 33 44 55 66 03 00 01 00 11 33 00 00 00 00 00 04 00 01 00 11 81 16 
15:40:11.033->>>>-发送-68 12 00 43 00 00 00 B0 04 00 10 10 02 02 00 03 1E 16 
15:40:11.314-<<<<-接收-68 35 00 83 08 F0 00 00 FE 00 10 10 02 04 00 02 00 03 06 00 00 00 00 00 02 00 01 00 11 11 22 33 44 55 66 03 00 01 00 11 33 00 00 00 00 00 04 00 01 00 11 81 16 
15:40:27.331->>>>-发送-68 12 00 43 00 00 00 B0 04 00 10 10 02 02 00 02 1D 16 
15:40:27.597-<<<<-接收-68 2A 00 83 08 F0 00 00 FE 00 10 10 02 04 00 02 00 02 06 00 00 00 00 00 02 00 01 00 11 11 22 33 44 55 66 03 00 01 00 11 37 16 
15:40:39.317->>>>-发送-68 12 00 43 00 00 00 B0 04 00 10 10 02 02 00 01 1C 16 
15:40:39.473-<<<<-接收-68 1F 00 83 08 F0 00 00 FE 00 10 10 02 04 00 02 00 01 06 00 00 00 00 00 02 00 01 00 11 BC 16 
15:40:40.895->>>>-发送-68 12 00 43 00 00 00 B0 04 00 10 10 02 02 00 01 1C 16 
15:40:41.036-<<<<-接收-68 1F 00 83 08 F0 00 00 FE 00 10 10 02 04 00 02 00 01 06 00 00 00 00 00 02 00 01 00 11 BC 16 
15:40:41.520->>>>-发送-68 12 00 43 00 00 00 B0 04 00 10 10 02 02 00 01 1C 16 
15:40:41.677-<<<<-接收-68 1F 00 83 08 F0 00 00 FE 00 10 10 02 04 00 02 00 01 06 00 00 00 00 00 02 00 01 00 11 BC 16 
15:41:48.527->>>>-发送-68 12 00 43 00 00 00 B0 04 00 10 10 02 01 00 03 1D 16 
15:41:48.762-<<<<-接收-68 35 00 83 08 F0 00 00 FE 00 10 10 02 04 00 01 00 03 11 11 11 11 11 11 01 00 01 00 40 06 00 00 00 00 00 02 00 01 00 11 11 22 33 44 55 66 03 00 01 00 11 DF 16 
15:42:01.091->>>>-发送-68 12 00 43 00 00 00 B0 04 00 10 10 02 01 00 04 1E 16 
15:42:01.372-<<<<-接收-68 40 00 83 08 F0 00 00 FE 00 10 10 02 04 00 01 00 04 11 11 11 11 11 11 01 00 01 00 40 06 00 00 00 00 00 02 00 01 00 11 11 22 33 44 55 66 03 00 01 00 11 33 00 00 00 00 00 04 00 01 00 11 29 16 
15:42:14.358->>>>-发送-68 12 00 43 00 00 00 B0 04 00 10 10 02 01 00 01 1B 16 
15:42:14.546-<<<<-接收-68 1F 00 83 08 F0 00 00 FE 00 10 10 02 04 00 01 00 01 11 11 11 11 11 11 01 00 01 00 40 49 16 
15:42:16.530->>>>-发送-68 12 00 43 00 00 00 B0 04 00 10 10 02 01 00 01 1B 16 
15:42:16.765-<<<<-接收-68 1F 00 83 08 F0 00 00 FE 00 10 10 02 04 00 01 00 01 11 11 11 11 11 11 01 00 01 00 40 49 16 
15:46:11.340->>>>-发送-68 12 00 43 00 00 00 B0 04 00 10 10 02 01 00 10 2A 16 
15:46:11.622-<<<<-接收-68 40 00 83 08 F0 00 00 FE 00 10 10 02 04 00 01 00 04 11 11 11 11 11 11 01 00 01 00 40 33 00 00 00 00 00 02 00 01 00 11 06 00 00 00 00 00 03 00 01 00 11 11 22 33 44 55 66 04 00 01 00 11 29 16 
15:46:16.153->>>>-发送-68 12 00 43 00 00 00 B0 04 00 10 10 02 01 00 10 2A 16 
15:46:16.482-<<<<-接收-68 40 00 83 08 F0 00 00 FE 00 10 10 02 04 00 01 00 04 11 11 11 11 11 11 01 00 01 00 40 33 00 00 00 00 00 02 00 01 00 11 06 00 00 00 00 00 03 00 01 00 11 11 22 33 44 55 66 04 00 01 00 11 29 16 
15:46:19.091->>>>-发送-68 12 00 43 00 00 00 B0 04 00 10 10 02 01 00 10 2A 16 
15:46:19.388-<<<<-接收-68 40 00 83 08 F0 00 00 FE 00 10 10 02 04 00 01 00 04 11 11 11 11 11 11 01 00 01 00 40 33 00 00 00 00 00 02 00 01 00 11 06 00 00 00 00 00 03 00 01 00 11 11 22 33 44 55 66 04 00 01 00 11 29 16 
15:46:20.623->>>>-发送-68 12 00 43 00 00 00 B0 04 00 10 10 02 01 00 10 2A 16 
15:46:20.966-<<<<-接收-68 40 00 83 08 F0 00 00 FE 00 10 10 02 04 00 01 00 04 11 11 11 11 11 11 01 00 01 00 40 33 00 00 00 00 00 02 00 01 00 11 06 00 00 00 00 00 03 00 01 00 11 11 22 33 44 55 66 04 00 01 00 11 29 16 
15:46:21.701->>>>-发送-68 12 00 43 00 00 00 B0 04 00 10 10 02 01 00 10 2A 16 
15:46:21.982-<<<<-接收-68 40 00 83 08 F0 00 00 FE 00 10 10 02 04 00 01 00 04 11 11 11 11 11 11 01 00 01 00 40 33 00 00 00 00 00 02 00 01 00 11 06 00 00 00 00 00 03 00 01 00 11 11 22 33 44 55 66 04 00 01 00 11 29 16 
15:46:22.623->>>>-发送-68 12 00 43 00 00 00 B0 04 00 10 10 02 01 00 10 2A 16 
15:46:22.920-<<<<-接收-68 40 00 83 08 F0 00 00 FE 00 10 10 02 04 00 01 00 04 11 11 11 11 11 11 01 00 01 00 40 33 00 00 00 00 00 02 00 01 00 11 06 00 00 00 00 00 03 00 01 00 11 11 22 33 44 55 66 04 00 01 00 11 29 16 
15:46:23.951->>>>-发送-68 12 00 43 00 00 00 B0 04 00 10 10 02 01 00 10 2A 16 
15:46:24.295-<<<<-接收-68 40 00 83 08 10 00 00 00 00 10 10 02 04 00 01 00 04 11 11 11 11 11 11 01 00 01 00 40 33 00 00 00 00 00 02 00 01 00 11 06 00 00 00 00 00 03 00 01 00 11 11 22 33 44 55 66 04 00 01 00 11 4B 16 
15:46:25.529->>>>-发送-68 12 00 43 00 00 00 B0 04 00 10 10 02 01 00 10 2A 16 
15:46:25.826-<<<<-接收-68 40 00 83 00 00 00 00 00 00 10 10 02 04 00 01 00 04 11 11 11 11 11 11 01 00 01 00 40 33 00 00 00 00 00 02 00 01 00 11 06 00 00 00 00 00 03 00 01 00 11 11 22 33 44 55 66 04 00 01 00 11 33 16 
15:46:27.030->>>>-发送-68 12 00 43 00 00 00 B0 04 00 10 10 02 01 00 10 2A 16 
15:46:27.311-<<<<-接收-68 40 00 83 00 00 00 00 00 00 10 10 02 04 00 01 00 04 11 11 11 11 11 11 01 00 01 00 40 33 00 00 00 00 00 02 00 01 00 11 06 00 00 00 00 00 03 00 01 00 11 11 22 33 44 55 66 04 00 01 00 11 33 16 
16:09:19.113->>>>-发送-68 12 00 43 00 00 00 B0 04 00 10 10 02 01 00 10 2A 16 
16:09:19.317-<<<<-接收-68 40 00 83 08 F0 00 00 FE 00 10 10 02 04 00 01 00 03 11 11 11 11 11 11 01 00 01 00 40 33 00 00 00 00 00 02 00 01 00 11 06 00 00 00 00 00 03 00 01 00 11 11 22 33 44 55 66 04 00 01 00 11 28 16 
16:09:43.360->>>>-发送-68 12 00 43 00 00 00 B0 04 00 10 10 02 01 00 10 2A 16 
16:09:43.547-<<<<-接收-68 40 00 83 08 F0 00 00 FE 00 10 10 02 04 00 01 00 03 11 11 11 11 11 11 01 00 01 00 40 33 00 00 00 00 00 02 00 01 00 11 06 00 00 00 00 00 03 00 01 00 11 11 22 33 44 55 66 04 00 01 00 11 28 16 
16:10:04.627->>>>-发送-68 12 00 43 00 00 00 B0 04 00 10 10 02 01 00 02 1C 16 
16:10:04.784-<<<<-接收-68 2A 00 83 08 F0 00 00 FE 00 10 10 02 04 00 01 00 01 11 11 11 11 11 11 01 00 01 00 40 33 00 00 00 00 00 02 00 01 00 11 90 16 
16:10:18.598->>>>-发送-68 12 00 43 00 00 00 B0 04 00 10 10 02 01 00 03 1D 16 
16:10:18.770-<<<<-接收-68 35 00 83 08 F0 00 00 FE 00 10 10 02 04 00 01 00 02 11 11 11 11 11 11 01 00 01 00 40 33 00 00 00 00 00 02 00 01 00 11 06 00 00 00 00 00 03 00 01 00 11 AC 16 
16:10:32.943->>>>-发送-68 12 00 43 00 00 00 B0 04 00 10 10 02 02 00 03 1E 16 
16:10:33.115-<<<<-接收-68 35 00 83 08 F0 00 00 FE 00 10 10 02 04 00 02 00 02 33 00 00 00 00 00 02 00 01 00 11 06 00 00 00 00 00 03 00 01 00 11 11 22 33 44 55 66 04 00 01 00 11 80 16 
16:13:23.289->>>>-发送-68 12 00 43 00 00 00 B0 04 00 10 10 02 02 00 03 1E 16 
16:13:23.492-<<<<-接收-68 35 00 83 08 F0 00 00 FE 00 10 10 02 04 00 02 00 02 33 00 00 00 00 00 02 00 01 00 11 06 00 00 00 00 00 03 00 01 00 11 11 22 33 44 55 66 04 00 01 00 11 80 16 
16:22:46.974->>>>-发送-68 12 00 43 00 00 00 B0 04 00 10 10 02 02 00 03 1E 16 
16:22:47.146-<<<<-接收-68 35 00 83 08 10 00 00 04 00 10 10 02 04 00 02 00 02 06 00 00 00 00 00 02 00 01 00 11 33 00 00 00 00 00 03 00 01 00 11 11 22 33 44 55 66 04 00 01 00 11 A6 16 
16:30:24.796->>>>-发送-68 12 00 43 00 00 00 B0 04 00 10 10 02 02 00 03 1E 16 
16:30:24.967-<<<<-接收-68 35 00 83 08 F0 00 00 FE 00 10 10 02 04 00 02 00 03 33 00 00 00 00 00 02 00 01 00 11 06 00 00 00 00 00 03 00 01 00 11 11 22 33 44 55 66 04 00 01 00 11 81 16 
16:30:28.296->>>>-发送-68 12 00 43 00 00 00 B0 04 00 10 10 02 02 00 03 1E 16 
16:30:28.468-<<<<-接收-68 35 00 83 08 F0 00 00 FE 00 10 10 02 04 00 02 00 03 33 00 00 00 00 00 02 00 01 00 11 06 00 00 00 00 00 03 00 01 00 11 11 22 33 44 55 66 04 00 01 00 11 81 16 
16:30:30.812->>>>-发送-68 12 00 43 00 00 00 B0 04 00 10 10 02 02 00 03 1E 16 
16:30:30.999-<<<<-接收-68 35 00 83 08 F0 00 00 FE 00 10 10 02 04 00 02 00 03 33 00 00 00 00 00 02 00 01 00 11 06 00 00 00 00 00 03 00 01 00 11 11 22 33 44 55 66 04 00 01 00 11 81 16 
16:30:33.953->>>>-发送-68 12 00 43 00 00 00 B0 04 00 10 10 02 02 00 03 1E 16 
16:30:34.172-<<<<-接收-68 35 00 83 08 F0 00 00 FE 00 10 10 02 04 00 02 00 03 33 00 00 00 00 00 02 00 01 00 11 06 00 00 00 00 00 03 00 01 00 11 11 22 33 44 55 66 04 00 01 00 11 81 16 
16:30:37.563->>>>-发送-68 12 00 43 00 00 00 B0 04 00 10 10 02 02 00 03 1E 16 
16:30:37.750-<<<<-接收-68 35 00 83 08 F0 00 00 FE 00 10 10 02 04 00 02 00 03 33 00 00 00 00 00 02 00 01 00 11 06 00 00 00 00 00 03 00 01 00 11 11 22 33 44 55 66 04 00 01 00 11 81 16 
16:30:39.875->>>>-发送-68 12 00 43 00 00 00 B0 04 00 10 10 02 02 00 03 1E 16 
16:30:40.063-<<<<-接收-68 35 00 83 08 10 00 00 FE 00 10 10 02 04 00 02 00 03 33 00 00 00 00 00 02 00 01 00 11 06 00 00 00 00 00 03 00 01 00 11 11 22 33 44 55 66 04 00 01 00 11 A1 16 
16:30:53.392->>>>-发送-68 12 00 43 00 00 00 B0 04 00 10 10 02 01 00 04 1E 16 
16:30:53.564-<<<<-接收-68 40 00 83 08 10 00 00 FE 00 10 10 02 04 00 01 00 04 11 11 11 11 11 11 01 00 01 00 40 33 00 00 00 00 00 02 00 01 00 11 06 00 00 00 00 00 03 00 01 00 11 11 22 33 44 55 66 04 00 01 00 11 49 16 
16:31:08.363->>>>-发送-68 12 00 43 00 00 00 B0 04 00 10 10 02 02 00 04 1F 16 
16:31:08.535-<<<<-接收-68 35 00 83 08 10 00 00 FE 00 10 10 02 04 00 02 00 03 33 00 00 00 00 00 02 00 01 00 11 06 00 00 00 00 00 03 00 01 00 11 11 22 33 44 55 66 04 00 01 00 11 A1 16 
16:31:29.818->>>>-发送-68 12 00 43 00 00 00 B0 04 00 10 10 02 02 00 40 5B 16 
16:31:29.990-<<<<-接收-68 35 00 83 08 10 00 00 FE 00 10 10 02 04 00 02 00 03 33 00 00 00 00 00 02 00 01 00 11 06 00 00 00 00 00 03 00 01 00 11 11 22 33 44 55 66 04 00 01 00 11 A1 16 
16:31:41.741->>>>-发送-68 12 00 43 00 00 00 B0 04 00 10 10 02 01 00 01 1B 16 
16:31:41.944-<<<<-接收-68 1F 00 83 08 10 00 00 FE 00 10 10 02 04 00 01 00 01 11 11 11 11 11 11 01 00 01 00 40 69 16 
16:33:59.865->>>>-发送-68 12 00 43 00 00 00 B0 04 00 10 10 02 01 00 01 1B 16 
16:34:00.053-<<<<-接收-68 1F 00 83 00 00 00 00 00 00 10 10 02 04 00 01 00 01 11 11 11 11 11 11 01 00 01 00 40 53 16 
16:34:11.351->>>>-发送-68 12 00 43 00 00 00 B0 04 00 10 10 02 01 00 01 1B 16 
16:34:11.554-<<<<-接收-68 1F 00 83 00 00 00 00 00 00 10 10 02 04 00 01 00 01 11 11 11 11 11 11 01 00 01 00 40 53 16 
16:34:12.710->>>>-发送-68 12 00 43 00 00 00 B0 04 00 10 10 02 01 00 01 1B 16 
16:34:12.914-<<<<-接收-68 1F 00 83 00 00 00 00 00 00 10 10 02 04 00 01 00 01 11 11 11 11 11 11 01 00 01 00 40 53 16 
16:34:28.542->>>>-发送-68 12 00 43 00 00 00 B0 04 00 10 10 02 01 00 04 1E 16 
16:34:28.823-<<<<-接收-68 40 00 83 00 00 00 00 00 00 10 10 02 04 00 01 00 04 11 11 11 11 11 11 01 00 01 00 40 06 00 00 00 00 00 02 00 01 00 11 33 00 00 00 00 00 03 00 01 00 11 11 22 33 44 55 66 04 00 01 00 11 33 16 
16:34:31.355->>>>-发送-68 12 00 43 00 00 00 B0 04 00 10 10 02 01 00 04 1E 16 
16:34:31.636-<<<<-接收-68 40 00 83 00 00 00 00 00 00 10 10 02 04 00 01 00 04 11 11 11 11 11 11 01 00 01 00 40 06 00 00 00 00 00 02 00 01 00 11 33 00 00 00 00 00 03 00 01 00 11 11 22 33 44 55 66 04 00 01 00 11 33 16 
16:34:32.605->>>>-发送-68 12 00 43 00 00 00 B0 04 00 10 10 02 01 00 04 1E 16 
16:34:32.886-<<<<-接收-68 40 00 83 00 00 00 00 00 00 10 10 02 04 00 01 00 04 11 11 11 11 11 11 01 00 01 00 40 06 00 00 00 00 00 02 00 01 00 11 33 00 00 00 00 00 03 00 01 00 11 11 22 33 44 55 66 04 00 01 00 11 33 16 
16:34:52.029->>>>-发送-68 12 00 43 00 00 00 B0 04 00 10 10 02 02 00 50 6B 16 
16:34:52.357-<<<<-接收-68 35 00 83 00 00 00 00 00 00 10 10 02 04 00 02 00 03 06 00 00 00 00 00 02 00 01 00 11 33 00 00 00 00 00 03 00 01 00 11 11 22 33 44 55 66 04 00 01 00 11 8B 16 
16:34:53.466->>>>-发送-68 12 00 43 00 00 00 B0 04 00 10 10 02 02 00 50 6B 16 
16:34:53.748-<<<<-接收-68 35 00 83 00 00 00 00 00 00 10 10 02 04 00 02 00 03 06 00 00 00 00 00 02 00 01 00 11 33 00 00 00 00 00 03 00 01 00 11 11 22 33 44 55 66 04 00 01 00 11 8B 16 
16:34:58.545->>>>-发送-68 12 00 43 00 00 00 00 00 00 10 10 02 01 00 01 67 16 
16:34:58.826-<<<<-接收-68 1F 00 83 00 00 00 00 00 00 10 10 02 04 00 01 00 01 11 11 11 11 11 11 01 00 01 00 40 53 16 
16:34:58.826->>>>-发送-68 12 00 43 00 00 00 00 00 01 10 10 02 01 00 1E 85 16 
16:34:59.311-<<<<-接收-68 40 00 83 00 00 00 00 00 01 10 10 02 04 00 01 00 04 11 11 11 11 11 11 01 00 01 00 40 06 00 00 00 00 00 02 00 01 00 11 33 00 00 00 00 00 03 00 01 00 11 11 22 33 44 55 66 04 00 01 00 11 34 16 
16:35:01.170->>>>-发送-68 12 00 43 00 00 00 00 00 02 10 10 02 01 00 01 69 16 
16:35:01.420-<<<<-接收-68 1F 00 83 00 00 00 00 00 02 10 10 02 04 00 01 00 01 11 11 11 11 11 11 01 00 01 00 40 55 16 
16:35:01.420->>>>-发送-68 12 00 43 00 00 00 00 00 03 10 10 02 01 00 1E 87 16 
16:35:01.842-<<<<-接收-68 40 00 83 00 00 00 00 00 03 10 10 02 04 00 01 00 04 11 11 11 11 11 11 01 00 01 00 40 06 00 00 00 00 00 02 00 01 00 11 33 00 00 00 00 00 03 00 01 00 11 11 22 33 44 55 66 04 00 01 00 11 36 16 
16:35:03.264->>>>-发送-68 12 00 43 00 00 00 00 00 04 10 10 02 01 00 01 6B 16 
16:35:03.546-<<<<-接收-68 1F 00 83 00 00 00 00 00 04 10 10 02 04 00 01 00 01 11 11 11 11 11 11 01 00 01 00 40 57 16 
16:35:03.546->>>>-发送-68 12 00 43 00 00 00 00 00 05 10 10 02 01 00 1E 89 16 
16:35:03.843-<<<<-接收-68 40 00 83 00 00 00 00 00 05 10 10 
16:35:03.843->>>>-发送-68 12 00 43 00 00 00 00 00 06 10 10 02 01 00 1E 8A 16 
16:35:03.905-<<<<-接收-00 01 00 04 11 11 11 11 11 11 01 00 01 00 40 06 00 00 00 00 00 02 00 01 00 11 33 00 00 00 00 00 03 00 01 00 11 11 22 33 44 55 66 04 00 01 00 11 38 16 
16:35:03.905->>>>-发送-68 12 00 43 00 00 00 00 00 07 10 10 02 01 00 1E 8B 16 
16:35:04.218-<<<<-接收-68 40 00 83 00 00 00 00 00 06 10 10 02 04 00 01 00 04 11 11 11 11 11 11 01 00 01 00 40 06 00 00 00 00 00 02 00 01 00 11 33 00 00 00 00 00 03 00 01 00 11 11 22 33 44 55 66 04 00 01 00 11 39 16 
16:35:14.969->>>>-发送-68 12 00 43 00 00 00 00 00 08 10 10 02 01 00 01 6F 16 
16:35:30.814->>>>-发送-68 12 00 43 00 00 00 00 00 09 10 10 02 01 00 01 70 16 
16:36:00.895->>>>-发送-68 12 00 43 00 00 00 00 00 0A 10 10 02 01 00 01 71 16 
16:39:00.910->>>>-发送-68 12 00 43 00 00 00 00 00 0B 10 10 02 01 00 01 72 16 
16:39:01.192-<<<<-接收-68 1F 00 83 08 F0 00 00 FE 0B 10 10 02 04 00 01 00 01 11 11 11 11 11 11 01 00 01 00 40 54 16 
16:39:01.192->>>>-发送-68 12 00 43 00 00 00 00 00 0C 10 10 02 01 00 1E 90 16 
16:39:01.520-<<<<-接收-68 40 00 83 08 F0 00 00 FE 0C 10 10 02 04 00 01 00 04 11 11 11 11 11 11 01 00 01 00 40 33 00 00 00 00 00 02 00 01 00 11 06 00 00 00 00 00 03 00 01 00 11 11 22 33 44 55 66 04 00 01 00 11 35 16 
16:39:54.322->>>>-发送-68 12 00 43 00 00 00 00 00 0D 10 10 02 01 00 01 74 16 
16:39:54.588-<<<<-接收-68 1F 00 83 08 F0 00 00 FE 0D 10 10 02 04 00 01 00 01 11 11 11 11 11 11 01 00 01 00 40 56 16 
16:39:54.588->>>>-发送-68 12 00 43 00 00 00 00 00 0E 10 10 02 01 00 1E 92 16 
16:39:54.994-<<<<-接收-68 40 00 83 08 F0 00 00 FE 0E 10 10 02 04 00 01 00 04 11 11 11 11 11 11 01 00 01 00 40 33 00 00 00 00 00 02 00 01 00 11 06 00 00 00 00 00 03 00 01 00 11 11 22 33 44 55 66 04 00 01 00 11 37 16 
16:40:02.292->>>>-发送-68 12 00 43 00 00 00 00 00 0F 10 10 02 01 00 01 76 16 
16:40:02.542-<<<<-接收-68 1F 00 83 08 F0 00 00 FE 0F 10 10 02 04 00 01 00 01 11 11 11 11 11 11 01 00 01 00 40 58 16 
16:40:02.542->>>>-发送-68 12 00 43 00 00 00 00 00 10 10 10 02 01 00 1E 94 16 
16:40:02.964-<<<<-接收-68 40 00 83 08 F0 00 00 FE 10 10 10 02 04 00 01 00 04 11 11 11 11 11 11 01 00 01 00 40 33 00 00 00 00 00 02 00 01 00 11 06 00 00 00 00 00 03 00 01 00 11 11 22 33 44 55 66 04 00 01 00 11 39 16 
16:40:08.214->>>>-发送-68 12 00 43 00 00 00 00 00 11 10 10 02 01 00 01 78 16 
16:40:08.480-<<<<-接收-68 1F 00 83 08 F0 00 00 FE 11 10 10 02 04 00 01 00 01 11 11 11 11 11 11 01 00 01 00 40 5A 16 
16:40:08.480->>>>-发送-68 12 00 43 00 00 00 00 00 12 10 10 02 01 00 1E 96 16 
16:40:08.949-<<<<-接收-68 40 00 83 08 F0 00 00 FE 12 10 10 02 04 00 01 00 04 11 11 11 11 11 11 01 00 01 00 40 33 00 00 00 00 00 02 00 01 00 11 06 00 00 00 00 00 03 00 01 00 11 11 22 33 44 55 66 04 00 01 00 11 3B 16 
16:40:13.606->>>>-发送-68 12 00 43 00 00 00 00 00 13 10 10 02 01 00 01 7A 16 
16:40:13.871-<<<<-接收-68 1F 00 83 08 F0 00 00 FE 13 10 10 02 04 00 01 00 01 11 11 11 11 11 11 01 00 01 00 40 5C 16 
16:40:13.871->>>>-发送-68 12 00 43 00 00 00 00 00 14 10 10 02 01 00 1E 98 16 
16:40:14.152-<<<<-接收-68 40 00 83 08 F0 00 00 FE 14 10 10 02 04 00 01 00 04 11 11 11 11 11 11 01 00 01 00 40 33 00 00 00 00 00 02 00 01 00 11 06 00 00 00 00 00 03 00 01 00 11 11 22 33 44 55 66 04 00 01 00 11 3D 16 
16:41:52.647->>>>-发送-68 12 00 43 00 00 00 00 00 15 10 10 02 01 00 01 7C 16 
16:47:18.745->>>>-发送-68 12 00 43 00 00 00 00 00 16 10 10 02 01 00 01 7D 16 
16:47:19.307-<<<<-接收-68 1F 00 83 08 F0 00 00 FE 16 10 10 02 01 00 01 00 01 11 11 11 11 11 11 01 00 01 00 40 5C 16 
16:47:19.307->>>>-发送-68 12 00 43 00 00 00 00 00 17 10 10 02 01 00 1E 9B 16 
16:47:19.901-<<<<-接收-68 1F 00 83 08 F0 00 00 FE 17 10 10 02 01 00 01 00 01 11 11 11 11 11 11 01 00 01 00 40 5D 16 
16:48:24.705->>>>-发送-68 12 00 43 00 00 00 00 00 18 10 10 02 01 00 01 7F 16 
16:48:24.924-<<<<-接收-68 1F 00 83 08 F0 00 00 FE 18 10 10 02 04 00 01 00 01 11 11 11 11 11 11 01 00 01 00 40 61 16 
16:48:24.924->>>>-发送-68 12 00 43 00 00 00 00 00 19 10 10 02 01 00 1E 9D 16 
16:48:25.236-<<<<-接收-68 40 00 83 08 F0 00 00 FE 19 10 10 02 04 00 01 00 04 11 11 11 11 11 11 01 00 01 00 40 06 00 00 00 00 00 02 00 01 00 11 33 00 00 00 00 00 03 00 01 00 11 11 22 33 44 55 66 04 00 01 00 11 42 16 
16:48:30.487->>>>-发送-68 12 00 43 00 00 00 00 00 1A 10 10 02 01 00 01 81 16 
16:48:30.737-<<<<-接收-68 1F 00 83 08 F0 00 00 FE 1A 10 10 02 04 00 01 00 01 11 11 11 11 11 11 01 00 01 00 40 63 16 
16:48:30.737->>>>-发送-68 12 00 43 00 00 00 00 00 1B 10 10 02 01 00 1E 9F 16 
16:48:31.143-<<<<-接收-68 40 00 83 08 F0 00 00 FE 1B 10 10 02 04 00 01 00 04 11 11 11 11 11 11 01 00 01 00 40 06 00 00 00 00 00 02 00 01 00 11 33 00 00 00 00 00 03 00 01 00 11 11 22 33 44 55 66 04 00 01 00 11 44 16 
16:48:35.378->>>>-发送-68 12 00 43 00 00 00 00 00 1C 10 10 02 01 00 01 83 16 
16:48:35.597-<<<<-接收-68 1F 00 83 08 F0 00 00 FE 1C 10 10 02 04 00 01 00 01 11 11 11 11 11 11 01 00 01 00 40 65 16 
16:48:35.597->>>>-发送-68 12 00 43 00 00 00 00 00 1D 10 10 02 01 00 1E A1 16 
16:48:35.925-<<<<-接收-68 40 00 83 00 00 00 00 FE 1D 10 10 02 04 00 01 00 04 11 11 11 11 11 11 01 00 01 00 40 06 00 00 00 00 00 02 00 01 00 11 33 00 00 00 00 00 03 00 01 00 11 11 22 33 44 55 66 04 00 01 00 11 4E 16 
16:48:42.019->>>>-发送-68 12 00 43 00 00 00 00 00 1E 10 10 02 01 00 01 85 16 
16:48:42.285-<<<<-接收-68 1F 00 83 00 00 00 00 FE 1E 10 10 02 04 00 01 00 01 11 11 11 11 11 11 01 00 01 00 40 6F 16 
16:48:42.285->>>>-发送-68 12 00 43 00 00 00 00 00 1F 10 10 02 01 00 1E A3 16 
16:48:42.644-<<<<-接收-68 40 00 83 00 00 00 00 FE 1F 10 10 02 04 00 01 00 04 11 11 11 11 11 11 01 00 01 00 40 06 00 00 00 00 00 02 00 01 00 11 33 00 00 00 00 00 03 00 01 00 11 11 22 33 44 55 66 04 00 01 00 11 50 16 
16:48:48.754->>>>-发送-68 12 00 43 00 00 00 00 00 20 10 10 02 01 00 01 87 16 
16:48:48.989-<<<<-接收-68 1F 00 83 00 00 00 00 FE 20 10 10 02 04 00 01 00 01 11 11 11 11 11 11 01 00 01 00 40 71 16 
16:48:48.989->>>>-发送-68 12 00 43 00 00 00 00 00 21 10 10 02 01 00 1E A5 16 
16:48:49.301-<<<<-接收-68 40 00 83 08 10 00 00 FE 21 10 10 02 04 00 01 00 04 11 11 11 11 11 11 01 00 01 00 40 06 00 00 00 00 00 02 00 01 00 11 33 00 00 00 00 00 03 00 01 00 11 11 22 33 44 55 66 04 00 01 00 11 6A 16 
16:48:53.333->>>>-发送-68 12 00 43 00 00 00 00 00 22 10 10 02 01 00 01 89 16 
16:48:53.583-<<<<-接收-68 1F 00 83 08 10 00 00 FE 22 10 10 02 04 00 01 00 01 11 11 11 11 11 11 01 00 01 00 40 8B 16 
16:48:53.583->>>>-发送-68 12 00 43 00 00 00 00 00 23 10 10 02 01 00 1E A7 16 
16:48:53.942-<<<<-接收-68 40 00 83 08 10 00 00 FE 23 10 10 02 04 00 01 00 04 11 11 11 11 11 11 01 00 01 00 40 06 00 00 00 00 00 02 00 01 00 11 33 00 00 00 00 00 03 00 01 00 11 11 22 33 44 55 66 04 00 01 00 11 6C 16 
16:49:00.631->>>>-发送-68 12 00 43 00 00 00 00 00 24 10 10 02 01 00 01 8B 16 
16:49:00.849-<<<<-接收-68 1F 00 83 08 10 00 00 FE 24 10 10 02 04 00 01 00 01 11 11 11 11 11 11 01 00 01 00 40 8D 16 
16:49:00.849->>>>-发送-68 12 00 43 00 00 00 00 00 25 10 10 02 01 00 1E A9 16 
16:49:01.224-<<<<-接收-68 40 00 83 08 10 00 00 FE 25 10 10 02 04 00 01 00 04 11 11 11 11 11 11 01 00 01 00 40 06 00 00 00 00 00 02 00 01 00 11 33 00 00 00 00 00 03 00 01 00 11 11 22 33 44 55 66 04 00 01 00 11 6E 16 
16:49:10.131->>>>-发送-68 12 00 43 00 00 00 00 00 26 10 10 02 01 00 01 8D 16 
16:49:10.725-<<<<-接收-68 1F 00 83 08 F0 00 00 FE 26 10 10 02 01 00 01 00 01 11 11 11 11 11 11 01 00 01 00 40 6C 16 
16:49:10.725->>>>-发送-68 12 00 43 00 00 00 00 00 27 10 10 02 01 00 1E AB 16 
16:49:11.319-<<<<-接收-68 1F 00 83 08 F0 00 00 FE 27 10 10 02 01 00 01 00 01 11 11 11 11 11 11 01 00 01 00 40 6D 16 
16:49:22.070->>>>-发送-68 12 00 43 00 00 00 00 00 28 10 10 02 01 00 01 8F 16 
16:49:22.664-<<<<-接收-68 1F 00 83 08 F0 00 00 FE 28 10 10 02 01 00 01 00 01 11 11 11 11 11 11 01 00 01 00 40 6E 16 
16:49:22.664->>>>-发送-68 12 00 43 00 00 00 00 00 29 10 10 02 01 00 1E AD 16 
16:49:23.336-<<<<-接收-68 1F 00 83 08 F0 00 00 FE 29 10 10 02 01 00 01 00 01 11 11 11 11 11 11 01 00 01 00 40 6F 16 
16:50:15.123->>>>-发送-68 12 00 43 00 00 00 00 00 2A 10 10 02 01 00 01 91 16 
16:50:15.342-<<<<-接收-68 1F 00 83 08 F0 00 00 FE 2A 10 10 02 04 00 01 00 01 11 11 11 11 11 11 01 00 01 00 40 73 16 
16:50:15.342->>>>-发送-68 12 00 43 00 00 00 00 00 2B 10 10 02 01 00 1E AF 16 
16:50:15.670-<<<<-接收-68 40 00 83 00 00 00 00 00 2B 10 10 02 04 00 01 00 04 11 11 11 11 11 11 01 00 01 00 40 06 00 00 00 00 00 02 00 01 00 11 33 00 00 00 00 00 03 00 01 00 11 11 22 33 44 55 66 04 00 01 00 11 5E 16 
16:50:22.030->>>>-发送-68 12 00 43 00 00 00 B0 04 00 10 10 02 02 00 50 6B 16 
16:50:22.374-<<<<-接收-68 35 00 83 00 00 00 00 00 00 10 10 02 04 00 02 00 03 06 00 00 00 00 00 02 00 01 00 11 33 00 00 00 00 00 03 00 01 00 11 11 22 33 44 55 66 04 00 01 00 11 8B 16 
16:50:23.342->>>>-发送-68 12 00 43 00 00 00 B0 04 00 10 10 02 02 00 50 6B 16 
16:50:23.702-<<<<-接收-68 35 00 83 00 00 00 00 00 00 10 10 02 04 00 02 00 03 06 00 00 00 00 00 02 00 01 00 11 33 00 00 00 00 00 03 00 01 00 11 11 22 33 44 55 66 04 00 01 00 11 8B 16 
16:50:51.720->>>>-发送-68 12 00 43 00 00 00 B0 04 00 10 10 02 01 00 05 1F 16 
16:50:52.080-<<<<-接收-68 40 00 83 00 00 00 00 00 00 10 10 02 04 00 01 00 04 11 11 11 11 11 11 01 00 01 00 40 06 00 00 00 00 00 02 00 01 00 11 33 00 00 00 00 00 03 00 01 00 11 11 22 33 44 55 66 04 00 01 00 11 33 16 
16:51:12.817->>>>-发送-68 12 00 43 00 00 00 B0 04 00 10 10 02 03 00 02 1E 16 
16:51:13.098-<<<<-接收-68 2A 00 83 00 00 00 00 00 00 10 10 02 04 00 03 00 02 33 00 00 00 00 00 03 00 01 00 11 11 22 33 44 55 66 04 00 01 00 11 71 16 
16:56:00.238->>>>-发送-68 12 00 43 00 00 00 B0 04 00 10 10 02 03 00 02 1E 16 
16:56:00.800-<<<<-接收-68 14 00 83 08 F0 00 00 FE 00 10 10 02 01 00 03 00 00 9F 16 
16:56:15.396->>>>-发送-68 12 00 43 00 00 00 B0 04 00 10 10 02 03 00 02 1E 16 
16:56:15.677-<<<<-接收-68 2A 00 83 08 F0 00 00 FE 00 10 10 02 04 00 03 00 02 33 00 00 00 00 00 03 00 01 00 11 11 22 33 44 55 66 04 00 01 00 11 67 16 
16:56:18.771->>>>-发送-68 12 00 43 00 00 00 B0 04 00 10 10 02 03 00 02 1E 16 
16:56:19.052-<<<<-接收-68 2A 00 83 08 F0 00 00 FE 00 10 10 02 04 00 03 00 02 33 00 00 00 00 00 03 00 01 00 11 11 22 33 44 55 66 04 00 01 00 11 67 16 
16:56:20.537->>>>-发送-68 12 00 43 00 00 00 B0 04 00 10 10 02 03 00 02 1E 16 
16:56:20.849-<<<<-接收-68 2A 00 83 00 00 00 00 00 00 10 10 02 04 00 03 00 02 33 00 00 00 00 00 03 00 01 00 11 11 22 33 44 55 66 04 00 01 00 11 71 16 
16:56:21.928->>>>-发送-68 12 00 43 00 00 00 B0 04 00 10 10 02 03 00 02 1E 16 
16:56:22.193-<<<<-接收-68 2A 00 83 00 00 00 00 00 00 10 10 02 04 00 03 00 02 33 00 00 00 00 00 03 00 01 00 11 11 22 33 44 55 66 04 00 01 00 11 71 16 
16:56:40.664->>>>-发送-68 12 00 43 00 00 00 B0 04 00 10 10 02 01 00 05 1F 16 
16:56:40.851-<<<<-接收-68 40 00 83 00 00 00 00 00 00 10 10 02 04 00 01 00 04 11 11 11 11 11 11 01 00 01 00 40 06 00 00 00 00 00 02 00 01 00 11 33 00 00 00 00 00 03 00 01 00 11 11 22 33 44 55 66 04 00 01 00 11 33 16 
16:56:43.055->>>>-发送-68 12 00 43 00 00 00 B0 04 00 10 10 02 01 00 05 1F 16 
16:56:43.367-<<<<-接收-68 40 00 83 00 00 00 00 00 00 10 10 02 04 00 01 00 04 11 11 11 11 11 11 01 00 01 00 40 06 00 00 00 00 00 02 00 01 00 11 33 00 00 00 00 00 03 00 01 00 11 11 22 33 44 55 66 04 00 01 00 11 33 16 
16:57:03.135->>>>-发送-68 12 00 43 00 00 00 B0 04 00 10 10 02 02 00 05 20 16 
16:57:03.307-<<<<-接收-68 35 00 83 00 00 00 00 00 00 10 10 02 04 00 02 00 03 06 00 00 00 00 00 02 00 01 00 11 33 00 00 00 00 00 03 00 01 00 11 11 22 33 44 55 66 04 00 01 00 11 8B 16 
17:12:38.692->>>>-发送-68 12 00 43 00 00 00 B0 04 00 10 10 02 02 00 05 20 16 
17:12:38.864-<<<<-接收-68 35 00 83 00 00 00 00 00 00 10 10 02 04 00 02 00 03 06 00 00 00 00 00 02 00 01 00 11 33 00 00 00 00 00 03 00 01 00 11 11 22 33 44 55 66 04 00 01 00 11 8B 16 
17:12:44.755->>>>-发送-68 12 00 43 00 00 00 B0 04 00 10 10 02 02 00 05 20 16 
17:12:44.927-<<<<-接收-68 35 00 83 08 50 00 00 6C 00 10 10 02 04 00 02 00 03 06 00 00 00 00 00 02 00 01 00 11 33 00 00 00 00 00 03 00 01 00 11 11 22 33 44 55 66 04 00 01 00 11 4F 16 
