09:44:08.948->>>>-发送-68 12 00 43 00 00 00 B0 04 00 10 02 00 01 00 0A 14 16 
09:45:20.956->>>>-发送-68 1E 00 43 00 00 00 B0 04 00 11 01 00 02 00 01 00 00 00 00 02 11 11 11 11 11 11 02 76 16 
09:45:38.661->>>>-发送-68 12 00 43 00 00 00 B0 04 00 10 02 00 01 00 0A 14 16 
09:46:10.211->>>>-发送-68 17 00 43 00 00 00 B0 04 00 11 01 00 01 11 11 11 11 11 11 02 72 16 
09:46:28.307->>>>-发送-68 17 00 43 00 00 00 B0 04 00 11 01 00 01 11 11 11 11 11 11 02 72 16 
09:46:44.012->>>>-发送-68 11 00 43 00 00 00 B0 04 00 F0 10 03 01 10 0B 16 
09:47:01.248->>>>-发送-68 17 00 43 00 00 00 B0 04 00 11 01 00 01 11 11 11 11 11 11 02 72 16 
09:47:16.953->>>>-发送-68 11 00 43 00 00 00 B0 04 00 F0 10 03 01 10 0B 16 
11:35:52.363->>>>-发送-68 0F 00 43 00 00 00 B0 04 00 03 08 00 02 16 
11:36:08.068->>>>-发送-68 17 00 43 00 00 00 B0 04 00 11 01 00 01 11 11 11 11 11 11 02 72 16 
11:38:34.411->>>>-发送-68 0F 00 43 00 00 00 B0 04 00 03 08 00 02 16 
11:47:37.465->>>>-发送-68 0F 00 43 00 00 00 B0 04 00 03 08 00 02 16 
11:47:53.181->>>>-发送-68 17 00 43 00 00 00 B0 04 00 11 01 00 01 11 11 11 11 11 11 02 72 16 
11:48:21.715->>>>-发送-68 0F 00 43 00 00 00 B0 04 00 03 08 00 02 16 
11:48:37.420->>>>-发送-68 17 00 43 00 00 00 B0 04 00 11 01 00 01 11 11 11 11 11 11 02 72 16 
11:48:59.797->>>>-发送-68 0F 00 43 00 00 00 B0 04 00 03 08 00 02 16 
11:49:15.502->>>>-发送-68 17 00 43 00 00 00 B0 04 00 11 01 00 01 11 11 11 11 11 11 02 72 16 
11:55:20.295->>>>-发送-68 0F 00 43 00 00 00 B0 04 00 03 08 00 02 16 
11:55:46.626->>>>-发送-68 0F 00 43 00 00 00 B0 04 00 03 08 00 02 16 
11:56:30.271->>>>-发送-68 0F 00 43 00 00 00 B0 04 00 03 08 00 02 16 
11:57:24.136->>>>-发送-68 0F 00 43 00 00 00 B0 04 00 03 08 00 02 16 
11:58:39.285->>>>-发送-68 0F 00 43 00 00 00 B0 04 00 03 08 00 02 16 
12:00:28.156->>>>-发送-68 0F 00 43 00 00 00 B0 04 00 03 08 00 02 16 
12:06:36.210->>>>-发送-68 0F 00 43 00 00 00 B0 04 00 03 08 00 02 16 
15:57:07.506->>>>-发送-68 0F 00 43 00 00 00 B0 04 00 03 08 00 02 16 
15:57:08.678-<<<<-接收-68 15 00 83 F8 F0 00 00 FE 00 03 08 00 12 34 56 78 90 01 19 16 
15:57:33.353->>>>-发送-68 15 00 43 00 00 00 B0 04 00 05 01 00 10 00 00 00 00 01 0E 16 
15:57:34.697-<<<<-接收-68 15 00 83 F8 F0 00 00 FE 00 00 01 00 00 00 00 00 00 00 6A 16 
15:57:44.714->>>>-发送-68 0F 00 43 00 00 00 B0 04 00 03 08 00 02 16 
15:57:46.573-<<<<-接收-68 15 00 83 C8 C0 00 00 CC 00 03 08 00 10 00 00 00 00 01 F3 16 
16:05:31.200->>>>-发送-68 11 00 43 00 00 00 B0 04 00 F0 10 03 01 10 0B 16 
16:05:32.513-<<<<-接收-68 17 00 83 F8 10 00 00 04 00 F0 10 03 01 01 07 00 00 00 00 00 9B 16 
16:29:37.873->>>>-发送-68 15 00 43 00 00 00 B0 04 00 05 01 00 10 00 00 00 00 01 0E 16 
16:29:39.748-<<<<-接收-68 15 00 83 F8 F0 00 00 FE 00 00 01 00 00 00 00 00 00 00 6A 16 
16:34:24.263->>>>-发送-68 11 00 43 00 00 00 B0 04 00 F0 10 03 01 10 0B 16 
16:34:25.920-<<<<-接收-68 1D 00 83 F8 10 00 00 04 00 F0 10 03 02 02 00 00 01 00 00 00 11 11 11 11 11 11 FD 16 
16:35:15.113->>>>-发送-68 16 00 43 00 00 00 B0 04 00 F0 04 03 01 00 01 00 00 00 00 F0 16 
16:35:16.879-<<<<-接收-68 15 00 83 68 70 00 00 68 00 00 01 00 00 00 00 00 00 00 C4 16 
16:35:20.458->>>>-发送-68 11 00 43 00 00 00 B0 04 00 F0 10 03 01 10 0B 16 
16:35:21.755-<<<<-接收-68 23 00 83 F8 10 00 00 04 00 F0 10 03 03 03 00 01 00 00 00 00 00 00 01 00 00 00 11 11 11 11 11 11 00 16 
16:36:24.198->>>>-发送-68 1B 00 43 04 00 00 B0 04 00 11 11 11 11 11 11 06 00 00 00 00 00 03 01 00 6B 16 
16:36:25.541-<<<<-接收-68 1C 00 83 0C 10 00 00 00 00 CC CC CC CC CC CC 10 00 00 00 00 01 00 02 00 07 81 16 
16:36:33.620->>>>-发送-68 1E 00 43 04 00 00 B0 04 00 11 11 11 11 11 11 06 00 00 00 00 00 10 02 00 01 00 0A 84 16 
16:36:35.402-<<<<-接收-68 26 00 83 0C 10 00 00 FE 00 06 00 00 00 00 00 11 11 11 11 11 11 10 02 00 01 00 01 07 00 00 00 00 00 00 10 34 16 
16:36:59.670->>>>-发送-68 23 00 43 04 00 00 B0 04 00 11 11 11 11 11 11 06 00 00 00 00 00 11 01 00 01 00 01 00 00 00 00 02 7D 16 
16:37:00.936-<<<<-接收-68 21 00 83 04 30 00 00 32 00 CC CC CC CC CC CC 10 00 00 00 00 01 00 01 00 00 00 00 00 00 00 C3 16 
16:37:27.126->>>>-发送-68 1E 00 43 04 00 00 B0 04 00 11 11 11 11 11 11 06 00 00 00 00 00 10 02 00 01 00 0A 84 16 
16:37:28.423-<<<<-接收-68 2E 00 83 04 00 00 00 FC 00 06 00 00 00 00 00 11 11 11 11 11 11 10 02 00 02 00 02 07 00 00 00 00 00 00 10 00 01 00 00 00 00 00 10 2D 16 
16:37:38.815->>>>-发送-68 1B 00 43 04 00 00 B0 04 00 11 11 11 11 11 11 06 00 00 00 00 00 01 02 00 6A 16 
16:37:41.346-<<<<-接收-68 21 00 83 04 00 00 00 FE 00 CC CC CC CC CC CC 10 00 00 00 00 01 00 01 00 00 00 00 00 00 00 5F 16 
16:37:48.035->>>>-发送-68 23 00 43 04 00 00 B0 04 00 11 11 11 11 11 11 06 00 00 00 00 00 11 01 00 01 00 01 00 00 00 00 02 7D 16 
16:37:55.614-<<<<-接收-68 38 00 C3 00 00 00 00 00 01 03 02 01 B2 2F 01 01 00 00 14 0A 00 00 08 00 08 1E BB BB BB BB BB BB F8 07 00 00 28 06 16 27 06 16 5A 57 31 30 20 10 16 10 20 00 80 E9 16 
16:38:58.636->>>>-发送-68 12 00 43 00 00 00 B0 04 00 10 02 00 01 00 0A 14 16 
16:38:59.745-<<<<-接收-68 10 00 83 F8 F0 00 00 FE 00 00 02 00 1C 87 16 
16:39:06.293->>>>-发送-68 12 00 43 00 00 00 B0 04 00 10 02 00 01 00 0A 14 16 
16:39:07.434-<<<<-接收-68 10 00 83 F8 F0 00 00 FE 00 00 02 00 1C 87 16 
16:39:11.372->>>>-发送-68 17 00 43 00 00 00 B0 04 00 11 01 00 01 00 01 00 00 00 00 02 0D 16 
16:39:13.200-<<<<-接收-68 15 00 83 F8 F0 00 00 FE 00 00 01 00 00 00 00 00 00 00 6A 16 
16:39:22.951->>>>-发送-68 12 00 43 00 00 00 B0 04 00 10 02 00 01 00 0A 14 16 
16:39:24.732-<<<<-接收-68 1A 00 83 00 00 00 00 FE 00 10 02 00 01 00 01 00 01 00 00 00 00 00 10 A6 16 
16:39:42.785->>>>-发送-68 1B 00 43 04 00 00 B0 04 00 11 11 11 11 11 11 00 01 00 00 00 00 03 01 00 66 16 
16:41:52.964->>>>-发送-68 1D 00 43 04 00 00 B0 04 00 11 11 11 11 11 11 00 01 00 00 00 00 F0 10 03 01 10 76 16 
16:41:54.402-<<<<-接收-68 29 00 83 0C 10 00 00 04 00 00 01 00 00 00 00 11 11 11 11 11 11 F0 10 03 02 02 00 00 01 00 00 00 11 11 11 11 11 11 78 16 
16:42:00.746->>>>-发送-68 22 00 43 04 00 00 B0 04 00 11 11 11 11 11 11 00 01 00 00 00 00 F0 04 03 01 00 01 00 00 00 00 5B 16 
16:42:02.075-<<<<-接收-68 21 00 83 0C 70 00 00 68 00 CC CC CC CC CC CC BB BB BB BB BB BB 00 01 00 00 00 00 00 00 00 92 16 
16:42:10.185->>>>-发送-68 1D 00 43 04 00 00 B0 04 00 11 11 11 11 11 11 00 01 00 00 00 00 F0 10 03 01 10 76 16 
16:42:11.857-<<<<-接收-68 2F 00 83 0C 10 00 00 04 00 00 01 00 00 00 00 11 11 11 11 11 11 F0 10 03 03 03 00 01 00 00 00 00 00 00 01 00 00 00 11 11 11 11 11 11 7B 16 
16:42:54.439->>>>-发送-68 30 00 43 04 00 00 B0 04 00 11 11 11 11 11 11 00 01 00 00 00 00 13 01 00 02 00 00 11 FE 68 00 01 00 00 00 00 68 11 04 33 32 34 35 B4 16 05 16 
16:43:10.144->>>>-发送-68 1D 00 43 04 00 00 B0 04 00 11 11 11 11 11 11 00 01 00 00 00 00 F0 10 03 01 10 76 16 
16:43:11.754-<<<<-接收-68 2F 00 83 0C 10 00 00 04 00 00 01 00 00 00 00 11 11 11 11 11 11 F0 10 03 03 03 00 01 00 00 00 00 00 00 01 00 00 00 11 11 11 11 11 11 7B 16 
16:43:34.225->>>>-发送-68 30 00 43 04 00 00 B0 04 00 11 11 11 11 11 11 00 01 00 00 00 00 13 01 00 02 00 00 11 FE 68 00 01 00 00 00 00 68 11 04 33 32 34 35 B4 16 05 16 
16:44:29.200->>>>-发送-68 30 00 43 04 00 00 B0 04 00 11 11 11 11 11 11 00 01 00 00 00 00 13 01 00 02 00 00 11 FE 68 00 01 00 00 00 00 68 11 04 33 32 34 35 B4 16 05 16 
16:49:33.623->>>>-发送-68 1B 00 43 04 00 00 B0 04 00 11 11 11 11 11 11 00 01 00 00 00 00 03 08 00 6D 16 
16:49:34.732-<<<<-接收-68 21 00 83 0C 10 00 00 00 00 00 01 00 00 00 00 11 11 11 11 11 11 03 08 00 BB BB BB BB BB BB 73 16 
16:49:40.452->>>>-发送-68 21 00 43 04 00 00 B0 04 00 11 11 11 11 11 11 00 01 00 00 00 00 05 01 00 10 00 00 00 00 01 79 16 
16:49:41.671-<<<<-接收-68 21 00 83 0C 70 00 00 60 00 CC CC CC CC CC CC 10 00 00 00 00 01 00 01 00 00 00 00 00 00 00 39 16 
16:49:44.233->>>>-发送-68 1B 00 43 04 00 00 B0 04 00 11 11 11 11 11 11 00 01 00 00 00 00 03 08 00 6D 16 
16:49:53.531-<<<<-接收-68 21 00 83 0C C0 00 00 CC 00 00 01 00 00 00 00 11 11 11 11 11 11 03 08 00 10 00 00 00 00 01 9E 16 
17:04:50.899->>>>-发送-68 30 00 43 04 00 00 B0 04 00 11 11 11 11 11 11 00 01 00 00 00 00 13 01 00 02 00 00 11 FE 68 00 01 00 00 00 00 68 11 04 33 32 34 35 B4 16 05 16 
17:04:54.040-<<<<-接收-68 1F 00 83 0C F0 00 00 FC 00 00 01 00 00 00 00 11 11 11 11 11 11 13 01 00 00 00 02 00 F8 16 
18:06:33.892->>>>-发送-68 11 00 43 00 00 00 B0 04 00 F0 10 03 01 10 0B 16 
18:06:35.064-<<<<-接收-68 10 00 83 F8 F0 00 00 FE 00 00 02 00 13 7E 16 
18:06:53.988->>>>-发送-68 16 00 43 00 00 00 B0 04 00 F0 04 03 01 00 01 00 00 00 00 F0 16 
18:06:55.238-<<<<-接收-68 15 00 83 F8 F0 00 00 FE 00 00 01 00 00 00 00 00 00 00 6A 16 
18:07:23.006->>>>-发送-68 30 00 43 04 00 00 B0 04 00 11 11 11 11 11 11 00 01 00 00 00 00 13 01 00 02 00 00 11 FE 68 00 01 00 00 00 00 68 11 04 33 32 34 35 B4 16 05 16 
18:08:06.261->>>>-发送-68 30 00 43 04 00 00 B0 04 00 11 11 11 11 11 11 00 01 00 00 00 00 13 01 00 02 00 00 11 FE 68 00 01 00 00 00 00 68 11 04 33 32 34 35 B4 16 05 16 
18:12:21.116->>>>-发送-68 30 00 43 04 00 00 B0 04 00 11 11 11 11 11 11 00 01 00 00 00 00 13 01 00 02 00 00 11 FE 68 00 01 00 00 00 00 68 11 04 33 32 34 35 B4 16 05 16 
18:31:50.999->>>>-发送-68 30 00 43 04 00 00 B0 04 00 11 11 11 11 11 11 00 01 00 00 00 00 13 01 00 02 00 00 11 FE 68 00 01 00 00 00 00 68 11 04 33 32 34 35 B4 16 05 16 
18:32:06.704->>>>-发送-68 22 00 43 04 00 00 B0 04 00 11 11 11 11 11 11 00 01 00 00 00 00 F0 04 03 01 00 01 00 00 00 00 5B 16 
18:32:25.034->>>>-发送-68 30 00 43 04 00 00 B0 04 00 11 11 11 11 11 11 00 01 00 00 00 00 13 01 00 02 00 00 11 FE 68 00 01 00 00 00 00 68 11 04 33 32 34 35 B4 16 05 16 
18:32:38.364-<<<<-接收-68 38 00 C3 00 00 00 00 00 01 03 02 01 B2 2F 01 01 00 00 14 0A 00 00 08 00 08 1E 12 34 56 78 90 02 F8 07 01 00 28 06 16 27 06 16 5A 57 31 30 20 10 16 10 20 00 80 2E 16 
18:32:38.426->>>>-发送-68 22 00 43 04 00 00 B0 04 00 11 11 11 11 11 11 00 01 00 00 00 00 F0 04 03 01 00 01 00 00 00 00 5B 16 
18:32:38.551-<<<<-接收-68 21 00 83 0C F0 00 00 FE 00 CC CC CC CC CC CC 12 34 56 78 90 02 00 01 00 00 00 00 00 00 00 EC 16 
18:32:52.521->>>>-发送-68 22 00 43 04 00 00 B0 04 00 11 11 11 11 11 11 00 01 00 00 00 00 F0 04 03 01 00 01 00 00 00 00 5B 16 
18:32:54.397-<<<<-接收-68 1C 00 83 0C 90 00 00 FE 00 CC CC CC CC CC CC 12 34 56 78 90 02 00 02 00 22 AF 16 
18:33:13.258->>>>-发送-68 1D 00 43 04 00 00 B0 04 00 11 11 11 11 11 11 00 01 00 00 00 00 F0 10 03 01 10 76 16 
18:33:14.602-<<<<-接收-68 23 00 83 0C 10 00 00 04 00 00 01 00 00 00 00 11 11 11 11 11 11 F0 10 03 01 01 07 00 00 00 00 00 16 16 
18:33:47.152->>>>-发送-68 22 00 43 04 00 00 B0 04 00 11 11 11 11 11 11 00 01 00 00 00 00 F0 04 03 01 00 01 00 00 00 00 5B 16 
18:33:48.246-<<<<-接收-68 1C 00 83 0C 60 00 00 6A 00 CC CC CC CC CC CC 12 34 56 78 90 02 00 02 00 22 EB 16 
18:36:01.776->>>>-发送-68 1D 00 43 04 00 00 B0 04 00 11 11 11 11 11 11 00 01 00 00 00 00 F0 10 03 01 10 76 16 
18:36:01.901-<<<<-接收-68 1C 00 83 0C F0 00 00 FE 00 CC CC CC CC CC CC 12 34 56 78 90 02 00 02 00 13 00 16 
18:36:08.965->>>>-发送-68 1D 00 43 04 00 00 B0 04 00 11 11 11 11 11 11 00 01 00 00 00 00 F0 10 03 01 10 76 16 
18:36:10.934-<<<<-接收-68 1C 00 83 0C F0 00 00 FE 00 CC CC CC CC CC CC 12 34 56 78 90 02 00 02 00 13 00 16 
18:36:14.700->>>>-发送-68 22 00 43 04 00 00 B0 04 00 11 11 11 11 11 11 00 01 00 00 00 00 F0 04 03 01 00 01 00 00 00 00 5B 16 
18:36:16.715-<<<<-接收-68 21 00 83 0C F0 00 00 FE 00 CC CC CC CC CC CC 12 34 56 78 90 02 00 01 00 00 00 00 00 00 00 EC 16 
18:36:43.308->>>>-发送-68 1E 00 43 04 00 00 B0 04 00 11 11 11 11 11 11 00 01 00 00 00 00 10 02 00 01 00 0A 7F 16 
18:36:45.137-<<<<-接收-68 26 00 83 0C D0 00 00 FE 00 00 01 00 00 00 00 11 11 11 11 11 11 10 02 00 01 00 01 07 00 00 00 00 00 00 10 EF 16 
18:37:05.431->>>>-发送-68 23 00 43 04 00 00 B0 04 00 11 11 11 11 11 11 00 01 00 00 00 00 11 01 00 01 00 01 00 00 00 00 02 78 16 
18:37:06.744-<<<<-接收-68 21 00 83 0C F0 00 00 FE 00 CC CC CC CC CC CC 12 34 56 78 90 02 00 01 00 00 00 00 00 00 00 EC 16 
18:37:11.478->>>>-发送-68 1E 00 43 04 00 00 B0 04 00 11 11 11 11 11 11 00 01 00 00 00 00 10 02 00 01 00 0A 7F 16 
18:37:12.635-<<<<-接收-68 2E 00 83 0C D0 00 00 FE 00 00 01 00 00 00 00 11 11 11 11 11 11 10 02 00 02 00 02 07 00 00 00 00 00 00 10 00 01 00 00 00 00 00 10 02 16 
18:37:22.403->>>>-发送-68 30 00 43 04 00 00 B0 04 00 11 11 11 11 11 11 00 01 00 00 00 00 13 01 00 02 00 00 11 FE 68 00 01 00 00 00 00 68 11 04 33 32 34 35 B4 16 05 16 
18:38:02.704->>>>-发送-68 30 00 43 04 00 00 B0 04 00 11 11 11 11 11 11 00 01 00 00 00 00 13 01 00 02 00 00 11 FE 68 00 01 00 00 00 00 68 11 04 33 32 34 35 B4 16 05 16 
18:54:40.672->>>>-发送-68 1D 00 43 04 00 00 B0 04 00 11 11 11 11 11 11 00 01 00 00 00 00 F0 10 03 01 10 76 16 
18:54:42.344-<<<<-接收-68 1C 00 83 0C F0 00 00 FE 00 CC CC CC CC CC CC 12 34 56 78 90 02 00 02 00 13 00 16 
18:55:03.112->>>>-发送-68 22 00 43 04 00 00 B0 04 00 11 11 11 11 11 11 00 01 00 00 00 00 F0 04 03 01 00 01 00 00 00 00 5B 16 
18:55:04.456-<<<<-接收-68 21 00 83 0C F0 00 00 FE 00 CC CC CC CC CC CC 12 34 56 78 90 02 00 01 00 00 00 00 00 00 00 EC 16 
18:56:35.981->>>>-发送-68 30 00 43 04 00 00 B0 04 00 11 11 11 11 11 11 00 01 00 00 00 00 13 01 00 02 00 00 11 FE 68 00 01 00 00 00 00 68 11 04 33 32 34 35 B4 16 05 16 
19:04:40.053->>>>-发送-68 30 00 43 04 00 00 B0 04 00 11 11 11 11 11 11 00 01 00 00 00 00 13 01 00 02 00 00 11 FE 68 00 01 00 00 00 00 68 11 04 33 32 34 35 B4 16 05 16 
19:41:24.018->>>>-发送-68 1E 00 43 04 00 00 B0 04 00 11 11 11 11 11 11 00 01 00 00 00 00 10 02 00 01 00 0A 7F 16 
19:41:25.159-<<<<-接收-68 2E 00 83 0C F0 00 00 FE 00 00 01 00 00 00 00 11 11 11 11 11 11 10 02 00 02 00 02 07 00 00 00 00 00 00 10 00 01 00 00 00 00 00 10 22 16 
19:41:45.208->>>>-发送-68 23 00 43 04 00 00 B0 04 00 11 11 11 11 11 11 00 01 00 00 00 00 11 01 00 01 06 00 00 00 00 00 02 7D 16 
19:41:46.333-<<<<-接收-68 21 00 83 0C F0 00 00 FE 00 CC CC CC CC CC CC 12 34 56 78 90 02 00 01 00 00 00 00 00 00 00 EC 16 
19:41:49.443->>>>-发送-68 1E 00 43 04 00 00 B0 04 00 11 11 11 11 11 11 00 01 00 00 00 00 10 02 00 01 00 0A 7F 16 
19:41:51.146-<<<<-接收-68 36 00 83 0C F0 00 00 FE 00 00 01 00 00 00 00 11 11 11 11 11 11 10 02 00 03 00 03 07 00 00 00 00 00 00 10 00 01 00 00 00 00 00 10 06 00 00 00 00 00 00 10 3A 16 
19:42:03.991->>>>-发送-68 1D 00 43 04 00 00 B0 04 00 11 11 11 11 11 11 00 01 00 00 00 00 F0 10 03 01 10 76 16 
19:42:05.538-<<<<-接收-68 1C 00 83 0C F0 00 00 FE 00 CC CC CC CC CC CC 12 34 56 78 90 02 00 02 00 13 00 16 
19:42:06.038->>>>-发送-68 1D 00 43 04 00 00 B0 04 00 11 11 11 11 11 11 00 01 00 00 00 00 F0 10 03 01 10 76 16 
19:42:07.476-<<<<-接收-68 1C 00 83 0C F0 00 00 FE 00 CC CC CC CC CC CC 12 34 56 78 90 02 00 02 00 13 00 16 
19:44:17.271->>>>-发送-68 22 00 43 04 00 00 B0 04 00 11 11 11 11 11 11 00 01 00 00 00 00 F0 04 03 01 00 01 00 00 00 00 5B 16 
19:44:18.365-<<<<-接收-68 21 00 83 0C F0 00 00 FE 00 CC CC CC CC CC CC 12 34 56 78 90 02 00 01 00 00 00 00 00 00 00 EC 16 
19:44:56.275->>>>-发送-68 30 00 43 04 00 00 B0 04 00 11 11 11 11 11 11 00 01 00 00 00 00 13 01 00 02 00 00 11 FE 68 00 01 00 00 00 00 68 11 04 33 32 34 35 B4 16 05 16 
19:45:20.731->>>>-发送-68 30 00 43 04 00 00 B0 04 00 11 11 11 11 11 11 00 01 00 00 00 00 13 01 00 02 00 00 11 FE 68 00 01 00 00 00 00 68 11 04 33 32 34 35 B4 16 05 16 
19:55:54.785->>>>-发送-68 1B 00 43 04 00 00 B0 04 00 11 11 11 11 11 11 00 01 00 00 00 00 03 08 00 6D 16 
19:57:13.034->>>>-发送-68 1B 00 43 04 00 00 B0 04 00 11 11 11 11 11 11 00 01 00 00 00 00 03 08 00 6D 16 
20:01:04.356->>>>-发送-68 1B 00 43 04 00 00 B0 04 00 11 11 11 11 11 11 00 01 00 00 00 00 03 08 00 6D 16 
20:02:49.813->>>>-发送-68 1B 00 43 04 00 00 B0 04 00 11 11 11 11 11 11 00 01 00 00 00 00 03 08 00 6D 16 
20:06:24.224->>>>-发送-68 1B 00 43 04 00 00 B0 04 00 11 11 11 11 11 11 00 01 00 00 00 00 03 08 00 6D 16 
20:06:48.117->>>>-发送-68 1B 00 43 04 00 00 B0 04 00 11 11 11 11 11 11 00 01 00 00 00 00 03 08 00 6D 16 
20:07:54.904->>>>-发送-68 1B 00 43 04 00 00 B0 04 00 11 11 11 11 11 11 00 01 00 00 00 00 03 08 00 6D 16 
20:17:38.911->>>>-发送-68 1B 00 43 04 00 00 B0 04 00 11 11 11 11 11 11 00 01 00 00 00 00 03 08 00 6D 16 
20:18:14.290->>>>-发送-68 1B 00 43 04 00 00 B0 04 00 11 11 11 11 11 11 00 01 00 00 00 00 03 08 00 6D 16 
20:28:08.105->>>>-发送-68 0F 00 43 00 00 00 B0 04 00 03 08 00 02 16 
20:28:09.433-<<<<-接收-68 15 00 83 F8 F0 00 00 FE 00 03 08 00 12 34 56 78 90 02 1A 16 
20:57:21.551->>>>-发送-68 0F 00 43 00 00 00 B0 04 00 03 08 00 02 16 
20:57:22.801-<<<<-接收-68 15 00 83 F8 F0 00 00 FE 00 03 08 00 12 34 56 78 90 02 1A 16 
20:58:40.138->>>>-发送-68 12 00 43 00 00 00 B0 04 00 10 02 00 01 00 0A 14 16 
20:58:41.669-<<<<-接收-68 2A 00 83 F8 F0 00 00 FE 00 10 02 00 03 00 03 07 00 00 00 00 00 00 10 00 01 00 00 00 00 00 10 06 00 00 00 00 00 00 10 BF 16 
20:59:13.782->>>>-发送-68 1C 00 43 00 00 00 B0 04 00 F0 04 03 02 00 01 00 00 00 00 06 00 00 00 00 00 F7 16 
20:59:15.329-<<<<-接收-68 15 00 83 F8 F0 00 00 FE 00 00 01 00 00 00 00 00 00 00 6A 16 
20:59:52.349->>>>-发送-68 30 00 43 04 00 00 B0 04 00 11 11 11 11 11 11 01 00 00 00 00 00 13 01 00 02 00 00 11 FE 68 00 01 00 00 00 00 68 11 04 33 32 34 35 B4 16 05 16 
21:04:10.048->>>>-发送-68 30 00 43 04 00 00 B0 04 00 11 11 11 11 11 11 01 00 00 00 00 00 13 01 00 02 00 00 11 FE 68 00 01 00 00 00 00 68 11 04 33 32 34 35 B4 16 05 16 
21:14:19.572->>>>-发送-68 30 00 43 04 00 00 B0 04 00 11 11 11 11 11 11 01 00 00 00 00 00 13 01 00 02 00 00 11 FE 68 00 01 00 00 00 00 68 11 04 33 32 34 35 B4 16 05 16 
21:14:35.283->>>>-发送-68 1D 00 43 04 00 00 B0 04 00 11 11 11 11 11 11 01 00 00 00 00 00 F0 10 03 01 10 76 16 
21:14:36.752-<<<<-接收-68 1C 00 83 0C F0 00 00 FE 00 CC CC CC CC CC CC 12 34 56 78 90 02 00 02 00 13 00 16 
21:14:59.499->>>>-发送-68 1D 00 43 04 00 00 B0 04 00 11 11 11 11 11 11 01 00 00 00 00 00 F0 10 03 01 10 76 16 
21:15:00.968-<<<<-接收-68 1C 00 83 0C F0 00 00 FE 00 CC CC CC CC CC CC 12 34 56 78 90 02 00 02 00 13 00 16 
21:15:05.578->>>>-发送-68 28 00 43 04 00 00 B0 04 00 11 11 11 11 11 11 01 00 00 00 00 00 F0 04 03 02 00 01 00 00 00 00 06 00 00 00 00 00 62 16 
21:15:06.781-<<<<-接收-68 21 00 83 0C F0 00 00 FE 00 CC CC CC CC CC CC 12 34 56 78 90 02 00 01 00 00 00 00 00 00 00 EC 16 
21:15:18.626->>>>-发送-68 1D 00 43 04 00 00 B0 04 00 11 11 11 11 11 11 01 00 00 00 00 00 F0 10 03 01 10 76 16 
21:15:20.361-<<<<-接收-68 29 00 83 0C 10 00 00 04 00 01 00 00 00 00 00 11 11 11 11 11 11 F0 10 03 02 02 06 00 00 00 00 00 00 01 00 00 00 00 18 16 
