17:42:48.667->>>>-发送-68 0F 00 43 00 00 00 00 00 00 F0 04 00 37 16 
17:42:48.743-<<<<-接收-68 1C 00 83 08 F0 00 00 FE 00 F0 04 00 00 00 01 00 06 00 00 00 00 00 00 02 00 76 16 
17:43:19.284->>>>-发送-68 9C 00 43 00 00 00 00 00 01 11 01 00 14 79 02 11 07 17 00 02 80 02 11 07 17 00 02 81 02 11 07 17 00 02 82 02 11 07 17 00 02 83 02 11 07 17 00 02 84 02 11 07 17 00 02 85 02 11 07 17 00 02 86 02 11 07 17 00 02 87 02 11 07 17 00 02 88 02 11 07 17 00 02 89 02 11 07 17 00 02 90 02 11 07 17 00 02 91 02 11 07 17 00 02 92 02 11 07 17 00 02 93 02 11 07 17 00 02 94 02 11 07 17 00 02 95 02 11 07 17 00 02 96 02 11 07 17 00 02 97 02 11 07 17 00 02 98 02 11 07 17 00 02 40 16 
17:43:19.649-<<<<-接收-68 15 00 83 08 F0 00 00 FE 01 00 01 00 00 00 00 00 02 00 7D 16 
17:43:49.092->>>>-发送-68 33 00 43 00 00 00 00 00 02 11 01 00 05 29 06 11 07 17 00 02 30 06 11 07 17 00 02 31 06 11 07 17 00 02 32 06 11 07 17 00 02 33 06 11 07 17 00 02 5E 16 
17:43:49.258-<<<<-接收-68 15 00 83 08 F0 00 00 FE 02 00 01 00 00 00 00 00 02 00 7E 16 
17:44:12.274->>>>-发送-68 56 00 43 00 00 00 00 00 03 11 01 00 0A 58 08 11 07 17 00 02 59 08 11 07 17 00 02 60 08 11 07 17 00 02 61 08 11 07 17 00 02 62 08 11 07 17 00 02 63 08 11 07 17 00 02 64 08 11 07 17 00 02 65 08 11 07 17 00 02 66 08 11 07 17 00 02 67 08 11 07 17 00 02 69 16 
17:44:12.492-<<<<-接收-68 15 00 83 08 F0 00 00 FE 03 00 01 00 00 00 00 00 02 00 7F 16 
17:44:21.392->>>>-发送-68 0F 00 43 00 00 00 B0 04 00 10 01 00 08 16 
17:44:21.464-<<<<-接收-68 13 00 83 08 F0 00 00 FE 00 10 01 00 25 00 F8 03 AA 16 
17:44:21.534->>>>-发送-68 12 00 43 00 00 00 B0 04 00 10 02 00 01 00 10 1A 16 
17:44:21.829-<<<<-接收-68 92 00 83 00 00 00 00 FE 00 10 02 00 25 00 10 06 00 00 00 00 00 00 10 33 00 00 00 00 00 00 10 79 02 11 07 17 00 00 10 80 02 11 07 17 00 00 10 81 02 11 07 17 00 00 10 82 02 11 07 17 00 00 10 83 02 11 07 17 00 00 10 84 02 11 07 17 00 00 10 85 02 11 07 17 00 00 10 86 02 11 07 17 00 00 10 87 02 11 07 17 00 00 10 88 02 11 07 17 00 00 10 89 02 11 07 17 00 00 10 90 02 11 07 17 00 00 10 91 02 11 07 17 00 00 10 92 02 11 07 17 00 00 10 08 16 
17:44:51.855->>>>-发送-68 4F 00 43 00 00 00 B0 04 00 F1 01 00 02 00 3C 00 FE FE FE FE 68 80 02 11 07 17 00 68 11 04 33 33 34 33 63 16 FE FE FE FE 68 80 02 11 07 17 00 68 11 04 34 33 39 38 6E 16 FE FE FE FE 68 80 02 11 07 17 00 68 11 04 34 34 39 38 6F 16 D1 16 
17:44:52.021-<<<<-接收-68 10 00 83 08 F0 00 00 FE 00 00 02 00 07 82 16 
17:45:29.472->>>>-发送-68 5B 00 43 04 00 00 B0 04 00 11 11 11 11 11 11 90 02 11 07 17 00 F1 01 00 02 00 3C 00 FE FE FE FE 68 80 02 11 07 17 00 68 11 04 33 33 34 33 63 16 FE FE FE FE 68 80 02 11 07 17 00 68 11 04 34 33 39 38 6E 16 FE FE FE FE 68 80 02 11 07 17 00 68 11 04 34 34 39 38 6F 16 FC 16 
17:45:29.661-<<<<-接收-68 10 00 83 08 F0 00 00 FE 00 00 02 00 0C 87 16 
17:45:39.983->>>>-发送-68 5B 00 43 04 00 00 B0 04 00 11 11 11 11 11 11 90 02 11 07 17 00 F1 01 00 02 00 3C 00 FE FE FE FE 68 80 02 11 07 17 00 68 11 04 33 33 34 33 63 16 FE FE FE FE 68 80 02 11 07 17 00 68 11 04 34 33 39 38 6E 16 FE FE FE FE 68 80 02 11 07 17 00 68 11 04 34 34 39 38 6F 16 FC 16 
17:45:40.181-<<<<-接收-68 10 00 83 08 F0 00 00 FE 00 00 02 00 0C 87 16 
