10:20:12.793->>>>-发送-68 0F 00 43 00 00 00 B0 04 00 03 08 00 02 16 
10:20:12.902-<<<<-接收-68 15 00 83 00 00 00 00 06 00 03 08 00 22 33 44 55 66 77 5F 16 
10:20:19.153->>>>-发送-68 12 00 43 00 00 00 B0 04 00 10 10 02 01 00 03 1D 16 
10:20:19.356-<<<<-接收-68 35 00 83 F8 F0 00 00 FE 00 10 10 02 04 00 01 00 03 22 33 44 55 66 77 01 00 01 00 40 11 11 11 11 11 11 02 00 01 00 11 33 00 00 00 00 00 03 00 01 00 11 62 16 
10:20:40.749->>>>-发送-68 12 00 43 00 00 00 B0 04 00 10 10 02 01 00 05 1F 16 
10:20:40.999-<<<<-接收-68 40 00 83 F8 F0 00 00 FE 00 10 10 02 04 00 01 00 04 22 33 44 55 66 77 01 00 01 00 40 11 11 11 11 11 11 02 00 01 00 11 33 00 00 00 00 00 03 00 01 00 11 06 00 00 00 00 00 04 00 01 00 11 7F 16 
10:20:59.688->>>>-发送-68 12 00 43 00 00 00 B0 04 00 10 10 02 02 00 05 20 16 
10:20:59.938-<<<<-接收-68 35 00 83 F8 F0 00 00 FE 00 10 10 02 04 00 02 00 03 11 11 11 11 11 11 02 00 01 00 11 33 00 00 00 00 00 03 00 01 00 11 06 00 00 00 00 00 04 00 01 00 11 72 16 
10:27:52.530->>>>-发送-68 0F 00 43 00 00 00 B0 04 00 10 01 00 08 16 
10:27:52.639-<<<<-接收-68 13 00 83 00 00 00 00 06 00 10 01 00 5A 02 F8 03 F1 16 
10:27:52.702->>>>-发送-68 12 00 43 00 00 00 B0 04 00 10 02 00 01 00 0A 14 16 
10:27:52.936-<<<<-接收-68 62 00 83 00 00 00 00 66 00 10 02 00 5A 02 0A 07 00 00 00 00 00 00 10 08 00 00 00 00 00 00 10 00 10 00 00 00 00 00 10 01 10 00 00 00 00 00 10 02 10 00 00 00 00 00 10 03 10 00 00 00 00 00 10 04 10 00 00 00 00 00 10 05 10 00 00 00 00 00 10 06 10 00 00 00 00 00 10 07 10 00 00 00 00 00 10 AC 16 
10:28:00.890->>>>-发送-68 0F 00 43 00 00 00 B0 04 00 10 01 00 08 16 
10:28:01.015-<<<<-接收-68 13 00 83 F8 F0 00 00 FE 00 10 01 00 5A 02 F8 03 D1 16 
10:28:01.077->>>>-发送-68 12 00 43 00 00 00 B0 04 00 10 02 00 01 00 0A 14 16 
10:28:01.312-<<<<-接收-68 62 00 83 F8 F0 00 00 FC 00 10 02 00 5A 02 0A 07 00 00 00 00 00 00 10 08 00 00 00 00 00 00 10 00 10 00 00 00 00 00 10 01 10 00 00 00 00 00 10 02 10 00 00 00 00 00 10 03 10 00 00 00 00 00 10 04 10 00 00 00 00 00 10 05 10 00 00 00 00 00 10 06 10 00 00 00 00 00 10 07 10 00 00 00 00 00 10 2A 16 
10:34:32.065->>>>-发送-68 0F 00 43 00 00 00 B0 04 00 10 01 00 08 16 
10:34:32.174-<<<<-接收-68 13 00 83 20 30 00 00 00 00 10 01 00 6C 02 F8 03 4D 16 
10:34:32.237->>>>-发送-68 12 00 43 00 00 00 B0 04 00 10 02 00 01 00 0A 14 16 
10:34:32.456-<<<<-接收-68 62 00 83 00 00 00 00 FE 00 10 02 00 6C 02 0A 07 00 00 00 00 00 00 10 08 00 00 00 00 00 00 10 00 10 00 00 00 00 00 10 01 10 00 00 00 00 00 10 02 10 00 00 00 00 00 10 03 10 00 00 00 00 00 10 04 10 00 00 00 00 00 10 05 10 00 00 00 00 00 10 06 10 00 00 00 00 00 10 07 10 00 00 00 00 00 10 56 16 
10:38:09.157->>>>-发送-68 0F 00 43 00 00 00 B0 04 00 10 01 00 08 16 
10:38:09.266-<<<<-接收-68 13 00 83 00 00 00 00 06 00 10 01 00 6D 02 F8 03 04 16 
10:38:09.329->>>>-发送-68 12 00 43 00 00 00 B0 04 00 10 02 00 01 00 0A 14 16 
10:38:09.547-<<<<-接收-68 62 00 83 F8 F0 00 00 FC 00 10 02 00 6D 02 0A 07 00 00 00 00 00 00 10 08 00 00 00 00 00 00 10 00 10 00 00 00 00 00 10 01 10 00 00 00 00 00 10 02 10 00 00 00 00 00 10 03 10 00 00 00 00 00 10 04 10 00 00 00 00 00 10 05 10 00 00 00 00 00 10 06 10 00 00 00 00 00 10 07 10 00 00 00 00 00 10 3D 16 
10:38:17.376->>>>-发送-68 11 00 43 00 00 00 B0 04 00 F0 10 03 01 10 0B 16 
10:38:17.564-<<<<-接收-68 41 00 83 00 00 00 00 00 00 F0 10 03 08 08 07 00 00 00 00 00 08 00 00 00 00 00 00 10 00 00 00 00 01 10 00 00 00 00 02 10 00 00 00 00 03 10 00 00 00 00 04 10 00 00 00 00 05 10 00 00 00 00 14 16 
10:39:37.908->>>>-发送-68 0F 00 43 00 00 00 B0 04 00 10 01 00 08 16 
10:39:38.017-<<<<-接收-68 13 00 83 00 00 00 00 00 00 10 01 00 6D 02 F8 03 FE 16 
10:39:38.080->>>>-发送-68 12 00 43 00 00 00 B0 04 00 10 02 00 01 00 0A 14 16 
10:39:38.298-<<<<-接收-68 62 00 83 00 00 00 00 00 00 10 02 00 6D 02 0A 07 00 00 00 00 00 00 10 08 00 00 00 00 00 00 10 00 10 00 00 00 00 00 10 01 10 00 00 00 00 00 10 02 10 00 00 00 00 00 10 03 10 00 00 00 00 00 10 04 10 00 00 00 00 00 10 05 10 00 00 00 00 00 10 06 10 00 00 00 00 00 10 07 10 00 00 00 00 00 10 59 16 
10:39:53.300->>>>-发送-68 11 00 43 00 00 00 B0 04 00 F0 10 03 01 10 0B 16 
10:39:53.519-<<<<-接收-68 41 00 83 00 00 00 00 00 00 F0 10 03 08 08 07 00 00 00 00 00 08 00 00 00 00 00 00 10 00 00 00 00 01 10 00 00 00 00 02 10 00 00 00 00 03 10 00 00 00 00 04 10 00 00 00 00 05 10 00 00 00 00 14 16 
11:08:12.055->>>>-发送-68 11 00 43 00 00 00 B0 04 00 F0 10 03 01 10 0B 16 
11:08:12.211-<<<<-接收-68 17 00 83 00 00 00 00 00 00 F0 10 03 01 01 92 81 00 00 00 00 9B 16 
11:08:36.214->>>>-发送-68 0F 00 43 00 00 00 B0 04 00 10 01 00 08 16 
11:08:36.323-<<<<-接收-68 13 00 83 00 00 00 00 00 00 10 01 00 08 02 F8 03 99 16 
11:08:36.386->>>>-发送-68 12 00 43 00 00 00 B0 04 00 10 02 00 01 00 0A 14 16 
11:08:36.605-<<<<-接收-68 62 00 83 00 00 00 00 00 00 10 02 00 08 02 0A 92 81 00 00 00 00 00 10 93 81 00 00 00 00 00 10 94 81 00 00 00 00 00 10 95 81 00 00 00 00 00 10 96 81 00 00 00 00 00 10 97 81 00 00 00 00 00 10 98 81 00 00 00 00 00 10 99 81 00 00 00 00 00 10 00 90 00 00 00 00 00 10 01 90 00 00 00 00 00 10 1E 16 
11:09:22.407->>>>-发送-68 0F 00 43 00 00 00 B0 04 00 10 01 00 08 16 
11:09:22.516-<<<<-接收-68 13 00 83 00 00 00 00 06 00 10 01 00 A4 01 F8 03 3A 16 
11:09:22.578->>>>-发送-68 12 00 43 00 00 00 B0 04 00 10 02 00 01 00 0A 14 16 
11:09:22.797-<<<<-接收-68 62 00 83 00 00 00 00 00 00 10 02 00 A4 01 0A 92 81 00 00 00 00 00 10 93 81 00 00 00 00 00 10 94 81 00 00 00 00 00 10 95 81 00 00 00 00 00 10 96 81 00 00 00 00 00 10 97 81 00 00 00 00 00 10 98 81 00 00 00 00 00 10 99 81 00 00 00 00 00 10 00 90 00 00 00 00 00 10 01 90 00 00 00 00 00 10 B9 16 
11:09:22.875->>>>-发送-68 11 00 43 00 00 00 B0 04 00 F0 10 03 01 10 0B 16 
11:09:22.985-<<<<-接收-68 10 00 83 F8 F0 00 00 FE 00 00 02 00 13 7E 16 
11:09:32.189->>>>-发送-68 0F 00 43 00 00 00 B0 04 00 10 01 00 08 16 
11:09:32.298-<<<<-接收-68 13 00 83 60 60 00 00 6E 00 10 01 00 A4 01 F8 03 62 16 
11:09:32.361->>>>-发送-68 12 00 43 00 00 00 B0 04 00 10 02 00 01 00 0A 14 16 
11:09:32.580-<<<<-接收-68 62 00 83 F8 F0 00 00 FE 00 10 02 00 A4 01 0A 92 81 00 00 00 00 00 10 93 81 00 00 00 00 00 10 94 81 00 00 00 00 00 10 95 81 00 00 00 00 00 10 96 81 00 00 00 00 00 10 97 81 00 00 00 00 00 10 98 81 00 00 00 00 00 10 99 81 00 00 00 00 00 10 00 90 00 00 00 00 00 10 01 90 00 00 00 00 00 10 9F 16 
11:10:15.303->>>>-发送-68 0F 00 43 00 00 00 B0 04 00 10 01 00 08 16 
11:10:15.412-<<<<-接收-68 13 00 83 00 00 00 00 00 00 10 01 00 40 01 F8 03 D0 16 
11:10:15.475->>>>-发送-68 12 00 43 00 00 00 B0 04 00 10 02 00 01 00 0A 14 16 
11:10:15.694-<<<<-接收-68 62 00 83 00 00 00 00 00 00 10 02 00 40 01 0A 92 81 00 00 00 00 00 10 93 81 00 00 00 00 00 10 94 81 00 00 00 00 00 10 95 81 00 00 00 00 00 10 96 81 00 00 00 00 00 10 97 81 00 00 00 00 00 10 98 81 00 00 00 00 00 10 99 81 00 00 00 00 00 10 00 90 00 00 00 00 00 10 01 90 00 00 00 00 00 10 55 16 
11:10:15.772->>>>-发送-68 11 00 43 00 00 00 B0 04 00 F0 10 03 01 10 0B 16 
11:10:15.928-<<<<-接收-68 29 00 83 00 00 00 00 00 00 F0 10 03 04 04 92 81 00 00 00 00 93 81 00 00 00 00 94 81 00 00 00 00 95 81 00 00 00 00 E0 16 
11:10:21.085->>>>-发送-68 0F 00 43 00 00 00 B0 04 00 10 01 00 08 16 
11:10:21.210-<<<<-接收-68 13 00 83 00 00 00 00 00 00 10 01 00 40 01 F8 03 D0 16 
11:10:21.272->>>>-发送-68 12 00 43 00 00 00 B0 04 00 10 02 00 01 00 0A 14 16 
11:10:21.475-<<<<-接收-68 62 00 83 00 00 00 00 00 00 10 02 00 40 01 0A 92 81 00 00 00 00 00 10 93 81 00 00 00 00 00 10 94 81 00 00 00 00 00 10 95 81 00 00 00 00 00 10 96 81 00 00 00 00 00 10 97 81 00 00 00 00 00 10 98 81 00 00 00 00 00 10 99 81 00 00 00 00 00 10 00 90 00 00 00 00 00 10 01 90 00 00 00 00 00 10 55 16 
11:10:21.554->>>>-发送-68 11 00 43 00 00 00 B0 04 00 F0 10 03 01 10 0B 16 
11:10:21.725-<<<<-接收-68 29 00 83 00 00 00 00 00 00 F0 10 03 04 04 92 81 00 00 00 00 93 81 00 00 00 00 94 81 00 00 00 00 95 81 00 00 00 00 E0 16 
11:10:25.210->>>>-发送-68 0F 00 43 00 00 00 B0 04 00 10 01 00 08 16 
11:10:25.335-<<<<-接收-68 13 00 83 00 00 00 00 00 00 10 01 00 40 01 F8 03 D0 16 
11:10:25.398->>>>-发送-68 12 00 43 00 00 00 B0 04 00 10 02 00 01 00 0A 14 16 
11:10:25.617-<<<<-接收-68 62 00 83 00 00 00 00 00 00 10 02 00 40 01 0A 92 81 00 00 00 00 00 10 93 81 00 00 00 00 00 10 94 81 00 00 00 00 00 10 95 81 00 00 00 00 00 10 96 81 00 00 00 00 00 10 97 81 00 00 00 00 00 10 98 81 00 00 00 00 00 10 99 81 00 00 00 00 00 10 00 90 00 00 00 00 00 10 01 90 00 00 00 00 00 10 55 16 
11:10:25.695->>>>-发送-68 11 00 43 00 00 00 B0 04 00 F0 10 03 01 10 0B 16 
11:10:25.867-<<<<-接收-68 29 00 83 00 00 00 00 00 00 F0 10 03 04 04 92 81 00 00 00 00 93 81 00 00 00 00 94 81 00 00 00 00 95 81 00 00 00 00 E0 16 
11:10:34.305->>>>-发送-68 0F 00 43 00 00 00 B0 04 00 10 01 00 08 16 
11:10:34.430-<<<<-接收-68 13 00 83 00 00 00 00 00 00 10 01 00 40 01 F8 03 D0 16 
11:10:34.492->>>>-发送-68 12 00 43 00 00 00 B0 04 00 10 02 00 01 00 0A 14 16 
11:10:34.711-<<<<-接收-68 62 00 83 00 00 00 00 00 00 10 02 00 40 01 0A 92 81 00 00 00 00 00 10 93 81 00 00 00 00 00 10 94 81 00 00 00 00 00 10 95 81 00 00 00 00 00 10 96 81 00 00 00 00 00 10 97 81 00 00 00 00 00 10 98 81 00 00 00 00 00 10 99 81 00 00 00 00 00 10 00 90 00 00 00 00 00 10 01 90 00 00 00 00 00 10 55 16 
11:10:34.789->>>>-发送-68 11 00 43 00 00 00 B0 04 00 F0 10 03 01 10 0B 16 
11:10:34.961-<<<<-接收-68 29 00 83 00 00 00 00 00 00 F0 10 03 04 04 92 81 00 00 00 00 93 81 00 00 00 00 94 81 00 00 00 00 95 81 00 00 00 00 E0 16 
11:12:42.959->>>>-发送-68 0F 00 43 00 00 00 B0 04 00 10 01 00 08 16 
11:12:43.069-<<<<-接收-68 13 00 83 20 30 00 00 00 00 10 01 00 40 01 F8 03 20 16 
11:12:43.131->>>>-发送-68 12 00 43 00 00 00 B0 04 00 10 02 00 01 00 0A 14 16 
11:12:43.350-<<<<-接收-68 62 00 83 00 00 00 00 00 00 10 02 00 40 01 0A 92 81 00 00 00 00 00 10 93 81 00 00 00 00 00 10 94 81 00 00 00 00 00 10 95 81 00 00 00 00 00 10 96 81 00 00 00 00 00 10 97 81 00 00 00 00 00 10 98 81 00 00 00 00 00 10 99 81 00 00 00 00 00 10 00 90 00 00 00 00 00 10 01 90 00 00 00 00 00 10 55 16 
11:12:43.428->>>>-发送-68 11 00 43 00 00 00 B0 04 00 F0 10 03 01 10 0B 16 
11:12:43.569-<<<<-接收-68 10 00 83 30 30 00 00 00 00 00 02 00 13 F8 16 
11:13:25.011->>>>-发送-68 0F 00 43 00 00 00 B0 04 00 10 01 00 08 16 
11:13:25.120-<<<<-接收-68 13 00 83 F8 10 00 00 FE 00 10 01 00 40 01 F8 03 D6 16 
11:13:25.198->>>>-发送-68 12 00 43 00 00 00 B0 04 00 10 02 00 01 00 0A 14 16 
11:13:25.417-<<<<-接收-68 62 00 83 00 00 00 00 00 00 10 02 00 40 01 0A 92 81 00 00 00 00 00 10 93 81 00 00 00 00 00 10 94 81 00 00 00 00 00 10 95 81 00 00 00 00 00 10 96 81 00 00 00 00 00 10 97 81 00 00 00 00 00 10 98 81 00 00 00 00 00 10 99 81 00 00 00 00 00 10 00 90 00 00 00 00 00 10 01 90 00 00 00 00 00 10 55 16 
11:13:25.495->>>>-发送-68 11 00 43 00 00 00 B0 04 00 F0 10 03 01 10 0B 16 
11:13:25.620-<<<<-接收-68 10 00 83 30 30 00 00 06 00 00 02 00 13 FE 16 
11:13:34.449->>>>-发送-68 0F 00 43 00 00 00 B0 04 00 10 01 00 08 16 
11:13:34.559-<<<<-接收-68 13 00 83 00 00 00 00 00 00 10 01 00 40 01 F8 03 D0 16 
11:13:34.637->>>>-发送-68 12 00 43 00 00 00 B0 04 00 10 02 00 01 00 0A 14 16 
11:13:34.871-<<<<-接收-68 62 00 83 F8 10 00 00 00 00 10 02 00 40 01 0A 92 81 00 00 00 00 00 10 93 81 00 00 00 00 00 10 94 81 00 00 00 00 00 10 95 81 00 00 00 00 00 10 96 81 00 00 00 00 00 10 97 81 00 00 00 00 00 10 98 81 00 00 00 00 00 10 99 81 00 00 00 00 00 10 00 90 00 00 00 00 00 10 01 90 00 00 00 00 00 10 5D 16 
11:13:34.949->>>>-发送-68 11 00 43 00 00 00 B0 04 00 F0 10 03 01 10 0B 16 
11:13:35.121-<<<<-接收-68 29 00 83 00 00 00 00 00 00 F0 10 03 04 04 92 81 00 00 00 00 93 81 00 00 00 00 94 81 00 00 00 00 95 81 00 00 00 00 E0 16 
12:06:21.075->>>>-发送-68 0F 00 43 00 00 00 B0 04 00 10 01 00 08 16 
12:06:21.167-<<<<-接收-68 13 00 83 F8 F0 00 00 FE 00 10 01 00 40 01 F8 03 B6 16 
12:06:21.223->>>>-发送-68 12 00 43 00 00 00 B0 04 00 10 02 00 01 00 0A 14 16 
12:06:21.423-<<<<-接收-68 62 00 83 F8 F0 00 00 FE 00 10 02 00 40 01 0A 92 81 00 00 00 00 00 10 93 81 00 00 00 00 00 10 94 81 00 00 00 00 00 10 95 81 00 00 00 00 00 10 96 81 00 00 00 00 00 10 97 81 00 00 00 00 00 10 98 81 00 00 00 00 00 10 99 81 00 00 00 00 00 10 00 90 00 00 00 00 00 10 01 90 00 00 00 00 00 10 3B 16 
12:06:21.486->>>>-发送-68 11 00 43 00 00 00 B0 04 00 F0 10 03 01 10 0B 16 
12:06:21.710-<<<<-接收-68 41 00 83 00 00 00 00 00 00 F0 10 03 08 08 92 81 00 00 00 00 93 81 00 00 00 00 94 81 00 00 00 00 95 81 00 00 00 00 96 81 00 00 00 00 97 81 00 00 00 00 98 81 00 00 00 00 99 81 00 00 00 00 4A 16 
12:06:49.831->>>>-发送-68 0F 00 43 00 00 00 B0 04 00 01 02 00 FA 16 
12:06:50.647-<<<<-接收-68 15 00 83 F8 F0 00 00 FE 00 00 01 00 00 00 00 00 02 00 6C 16 
12:06:50.703->>>>-发送-68 0F 00 43 00 00 00 B0 04 00 10 01 00 08 16 
12:06:57.503-<<<<-接收-68 38 00 C3 00 00 00 00 00 01 03 02 01 B2 2F 01 01 00 00 28 32 00 DC 07 DC 07 1E BB BB BB BB BB BB F8 03 00 00 28 06 16 27 06 16 5A 57 32 30 20 10 16 10 20 00 80 D8 16 
12:07:19.343->>>>-发送-68 0F 00 43 00 00 00 B0 04 00 03 08 00 02 16 
12:07:19.463-<<<<-接收-68 15 00 83 F8 F0 00 00 FE 00 03 08 00 BB BB BB BB BB BB D6 16 
12:07:19.519->>>>-发送-68 0F 00 43 00 00 00 B0 04 00 10 01 00 08 16 
12:07:19.631-<<<<-接收-68 13 00 83 F8 F0 00 00 FE 00 10 01 00 00 00 F8 03 75 16 
12:07:19.687->>>>-发送-68 12 00 43 00 00 00 B0 04 00 10 02 00 01 00 0A 14 16 
12:07:19.795-<<<<-接收-68 12 00 83 F8 F0 00 00 FE 00 10 02 00 00 00 00 7B 16 
12:07:19.855->>>>-发送-68 11 00 43 00 00 00 B0 04 00 F0 10 03 01 10 0B 16 
12:07:19.979-<<<<-接收-68 10 00 83 F8 F0 00 00 FE 00 00 02 00 13 7E 16 
12:07:30.503->>>>-发送-68 15 00 43 00 00 00 B0 04 00 05 01 00 22 33 44 55 66 77 C8 16 
12:07:30.711-<<<<-接收-68 15 00 83 F8 F0 00 00 FE 00 00 01 00 00 00 00 00 02 00 6C 16 
12:07:40.551->>>>-发送-68 0F 00 43 00 00 00 B0 04 00 03 08 00 02 16 
12:07:40.647-<<<<-接收-68 15 00 83 F8 F0 00 00 FE 00 03 08 00 22 33 44 55 66 77 3F 16 
12:31:39.276->>>>-发送-68 0F 00 43 00 00 00 B0 04 00 10 01 00 08 16 
12:31:39.376-<<<<-接收-68 13 00 83 F8 F0 00 00 FE 00 10 01 00 00 00 F8 03 75 16 
12:31:39.424->>>>-发送-68 12 00 43 00 00 00 B0 04 00 10 02 00 01 00 0A 14 16 
12:31:39.536-<<<<-接收-68 12 00 83 F8 F0 00 00 FE 00 10 02 00 00 00 00 7B 16 
12:59:08.205->>>>-发送-68 0F 00 43 00 00 00 B0 04 00 10 01 00 08 16 
12:59:08.305-<<<<-接收-68 13 00 83 F8 F0 00 00 FE 00 10 01 00 C8 00 F8 03 3D 16 
12:59:08.357->>>>-发送-68 12 00 43 00 00 00 B0 04 00 10 02 00 01 00 0A 14 16 
12:59:08.569-<<<<-接收-68 62 00 83 F8 F0 00 00 FE 00 10 02 00 C8 00 0A 01 00 00 00 00 00 00 10 02 00 00 00 00 00 00 10 03 00 00 00 00 00 00 10 04 00 00 00 00 00 00 10 05 00 00 00 00 00 00 10 06 00 00 00 00 00 00 10 07 00 00 00 00 00 00 10 08 00 00 00 00 00 00 10 09 00 00 00 00 00 00 10 10 00 00 00 00 00 00 10 2A 16 
12:59:44.913->>>>-发送-68 0F 00 43 00 00 00 B0 04 00 10 01 00 08 16 
12:59:45.009-<<<<-接收-68 13 00 83 00 00 00 00 06 00 10 01 00 90 01 F8 03 26 16 
12:59:45.061->>>>-发送-68 12 00 43 00 00 00 B0 04 00 10 02 00 01 00 0A 14 16 
12:59:45.265-<<<<-接收-68 62 00 83 F8 F0 00 00 4A 00 10 02 00 90 01 0A 01 00 00 00 00 00 00 10 02 00 00 00 00 00 00 10 03 00 00 00 00 00 00 10 04 00 00 00 00 00 00 10 05 00 00 00 00 00 00 10 06 00 00 00 00 00 00 10 07 00 00 00 00 00 00 10 08 00 00 00 00 00 00 10 09 00 00 00 00 00 00 10 10 00 00 00 00 00 00 10 3F 16 
13:00:10.473->>>>-发送-68 0F 00 43 00 00 00 B0 04 00 10 01 00 08 16 
13:00:10.585-<<<<-接收-68 13 00 83 00 00 00 00 06 00 10 01 00 A4 01 F8 03 3A 16 
13:00:10.641->>>>-发送-68 12 00 43 00 00 00 B0 04 00 10 02 00 01 00 0A 14 16 
13:00:10.845-<<<<-接收-68 62 00 83 F8 F0 00 00 FC 00 10 02 00 A4 01 0A 01 00 00 00 00 00 00 10 02 00 00 00 00 00 00 10 03 00 00 00 00 00 00 10 04 00 00 00 00 00 00 10 05 00 00 00 00 00 00 10 06 00 00 00 00 00 00 10 07 00 00 00 00 00 00 10 08 00 00 00 00 00 00 10 09 00 00 00 00 00 00 10 10 00 00 00 00 00 00 10 05 16 
13:00:59.650->>>>-发送-68 0F 00 43 00 00 00 B0 04 00 10 01 00 08 16 
13:00:59.770-<<<<-接收-68 13 00 83 00 00 00 00 06 00 10 01 00 E8 03 F8 03 80 16 
13:00:59.834->>>>-发送-68 12 00 43 00 00 00 B0 04 00 10 02 00 01 00 0A 14 16 
13:01:00.050-<<<<-接收-68 62 00 83 00 00 00 00 9C 00 10 02 00 E8 03 0A 01 00 00 00 00 00 00 10 02 00 00 00 00 00 00 10 03 00 00 00 00 00 00 10 04 00 00 00 00 00 00 10 05 00 00 00 00 00 00 10 06 00 00 00 00 00 00 10 07 00 00 00 00 00 00 10 08 00 00 00 00 00 00 10 09 00 00 00 00 00 00 10 10 00 00 00 00 00 00 10 03 16 
13:01:29.946->>>>-发送-68 0F 00 43 00 00 00 B0 04 00 10 01 00 08 16 
13:01:30.066-<<<<-接收-68 13 00 83 00 00 00 00 06 00 10 01 00 F8 03 F8 03 90 16 
13:01:30.130->>>>-发送-68 12 00 43 00 00 00 B0 04 00 10 02 00 01 00 0A 14 16 
13:01:30.346-<<<<-接收-68 62 00 83 F8 F0 00 00 26 00 10 02 00 F8 03 0A 01 00 00 00 00 00 00 10 02 00 00 00 00 00 00 10 03 00 00 00 00 00 00 10 04 00 00 00 00 00 00 10 05 00 00 00 00 00 00 10 06 00 00 00 00 00 00 10 07 00 00 00 00 00 00 10 08 00 00 00 00 00 00 10 09 00 00 00 00 00 00 10 10 00 00 00 00 00 00 10 85 16 
13:03:12.279->>>>-发送-68 0F 00 43 00 00 00 B0 04 00 10 01 00 08 16 
13:03:12.383-<<<<-接收-68 13 00 83 00 00 00 00 06 00 10 01 00 F8 02 F8 03 8F 16 
13:03:12.443->>>>-发送-68 12 00 43 00 00 00 B0 04 00 10 02 00 01 00 0A 14 16 
13:03:12.655-<<<<-接收-68 62 00 83 00 00 00 00 04 00 10 02 00 F8 02 0A 01 00 00 00 00 00 00 10 02 00 00 00 00 00 00 10 03 00 00 00 00 00 00 10 04 00 00 00 00 00 00 10 05 00 00 00 00 00 00 10 06 00 00 00 00 00 00 10 07 00 00 00 00 00 00 10 08 00 00 00 00 00 00 10 09 00 00 00 00 00 00 10 10 00 00 00 00 00 00 10 7A 16 
13:03:32.795->>>>-发送-68 0F 00 43 00 00 00 B0 04 00 10 01 00 08 16 
13:03:32.887-<<<<-接收-68 13 00 83 00 00 00 00 FE 00 10 01 00 F8 02 F8 03 87 16 
13:03:32.947->>>>-发送-68 12 00 43 00 00 00 B0 04 00 10 02 00 01 00 0A 14 16 
13:03:33.159-<<<<-接收-68 62 00 83 F8 F0 00 00 FE 00 10 02 00 F8 02 0A 01 00 00 00 00 00 00 10 02 00 00 00 00 00 00 10 03 00 00 00 00 00 00 10 04 00 00 00 00 00 00 10 05 00 00 00 00 00 00 10 06 00 00 00 00 00 00 10 07 00 00 00 00 00 00 10 08 00 00 00 00 00 00 10 09 00 00 00 00 00 00 10 10 00 00 00 00 00 00 10 5C 16 
13:04:12.699->>>>-发送-68 11 00 43 00 00 00 B0 04 00 F0 10 03 01 10 0B 16 
13:04:12.899-<<<<-接收-68 41 00 83 00 00 00 00 00 00 F0 10 03 08 08 01 00 00 00 00 00 02 00 00 00 00 00 03 00 00 00 00 00 04 00 00 00 00 00 05 00 00 00 00 00 06 00 00 00 00 00 07 00 00 00 00 00 08 00 00 00 00 00 BA 16 
13:04:29.899->>>>-发送-68 11 00 43 00 00 00 B0 04 00 F0 10 03 01 10 0B 16 
13:04:30.103-<<<<-接收-68 41 00 83 00 00 00 00 00 00 F0 10 03 08 08 01 00 00 00 00 00 02 00 00 00 00 00 03 00 00 00 00 00 04 00 00 00 00 00 05 00 00 00 00 00 06 00 00 00 00 00 07 00 00 00 00 00 08 00 00 00 00 00 BA 16 
13:09:37.755->>>>-发送-68 0F 00 43 00 00 00 B0 04 00 10 01 00 08 16 
13:09:37.851-<<<<-接收-68 13 00 83 00 00 00 00 00 00 10 01 00 F8 02 F8 03 89 16 
13:09:37.915->>>>-发送-68 12 00 43 00 00 00 B0 04 00 10 02 00 01 00 0A 14 16 
13:09:38.131-<<<<-接收-68 62 00 83 00 00 00 00 00 00 10 02 00 F8 02 0A 01 00 00 00 00 00 00 10 02 00 00 00 00 00 00 10 03 00 00 00 00 00 00 10 04 00 00 00 00 00 00 10 05 00 00 00 00 00 00 10 06 00 00 00 00 00 00 10 07 00 00 00 00 00 00 10 08 00 00 00 00 00 00 10 09 00 00 00 00 00 00 10 10 00 00 00 00 00 00 10 76 16 
13:09:38.203->>>>-发送-68 11 00 43 00 00 00 B0 04 00 F0 10 03 01 10 0B 16 
13:09:38.403-<<<<-接收-68 41 00 83 00 00 00 00 00 00 F0 10 03 08 08 01 00 00 00 00 00 02 00 00 00 00 00 03 00 00 00 00 00 04 00 00 00 00 00 05 00 00 00 00 00 06 00 00 00 00 00 07 00 00 00 00 00 08 00 00 00 00 00 BA 16 
14:06:25.268->>>>-发送-68 0F 00 43 00 00 00 B0 04 00 10 01 00 08 16 
14:06:25.364-<<<<-接收-68 13 00 83 F8 F0 00 00 FE 00 10 01 00 F8 02 F8 03 6F 16 
14:06:54.684->>>>-发送-68 12 00 43 00 00 00 B0 04 00 10 02 00 01 00 FF 09 16 
14:06:54.796-<<<<-接收-68 10 00 83 F8 F0 00 00 FE 00 00 02 00 01 6C 16 
14:07:24.648->>>>-发送-68 12 00 43 00 00 00 B0 04 00 10 02 00 01 00 0F 19 16 
14:07:24.912-<<<<-接收-68 8A 00 83 F8 F0 00 00 FE 00 10 02 00 F8 02 0F 01 00 00 00 00 00 00 10 02 00 00 00 00 00 00 10 03 00 00 00 00 00 00 10 04 00 00 00 00 00 00 10 05 00 00 00 00 00 00 10 06 00 00 00 00 00 00 10 07 00 00 00 00 00 00 10 08 00 00 00 00 00 00 10 09 00 00 00 00 00 00 10 10 00 00 00 00 00 00 10 11 00 00 00 00 00 00 10 12 00 00 00 00 00 00 10 13 00 00 00 00 00 00 10 14 00 00 00 00 00 00 10 15 00 00 00 00 00 00 10 10 16 
14:07:44.900->>>>-发送-68 12 00 43 00 00 00 B0 04 00 10 02 00 01 00 1F 29 16 
14:07:45.012-<<<<-接收-68 10 00 83 F8 F0 00 00 FE 00 00 02 00 01 6C 16 
14:08:04.988->>>>-发送-68 12 00 43 00 00 00 B0 04 00 10 02 00 01 00 0F 19 16 
14:08:05.252-<<<<-接收-68 8A 00 83 F8 F0 00 00 FE 00 10 02 00 F8 02 0F 01 00 00 00 00 00 00 10 02 00 00 00 00 00 00 10 03 00 00 00 00 00 00 10 04 00 00 00 00 00 00 10 05 00 00 00 00 00 00 10 06 00 00 00 00 00 00 10 07 00 00 00 00 00 00 10 08 00 00 00 00 00 00 10 09 00 00 00 00 00 00 10 10 00 00 00 00 00 00 10 11 00 00 00 00 00 00 10 12 00 00 00 00 00 00 10 13 00 00 00 00 00 00 10 14 00 00 00 00 00 00 10 15 00 00 00 00 00 00 10 10 16 
14:08:46.165->>>>-发送-68 12 00 43 00 00 00 B0 04 00 10 02 00 00 01 0F 19 16 
14:08:46.425-<<<<-接收-68 8A 00 83 00 00 00 00 FE 00 10 02 00 F8 02 0F 16 00 00 00 00 00 00 10 17 00 00 00 00 00 00 10 18 00 00 00 00 00 00 10 19 00 00 00 00 00 00 10 20 00 00 00 00 00 00 10 21 00 00 00 00 00 00 10 22 00 00 00 00 00 00 10 23 00 00 00 00 00 00 10 24 00 00 00 00 00 00 10 25 00 00 00 00 00 00 10 26 00 00 00 00 00 00 10 27 00 00 00 00 00 00 10 28 00 00 00 00 00 00 10 29 00 00 00 00 00 00 10 30 00 00 00 00 00 00 10 87 16 
14:09:53.189->>>>-发送-68 12 00 43 00 00 00 B0 04 00 10 02 00 00 01 0F 19 16 
14:09:53.453-<<<<-接收-68 8A 00 83 00 00 00 00 00 00 10 02 00 F8 02 0F 16 00 00 00 00 00 00 10 17 00 00 00 00 00 00 10 18 00 00 00 00 00 00 10 19 00 00 00 00 00 00 10 20 00 00 00 00 00 00 10 21 00 00 00 00 00 00 10 22 00 00 00 00 00 00 10 23 00 00 00 00 00 00 10 24 00 00 00 00 00 00 10 25 00 00 00 00 00 00 10 26 00 00 00 00 00 00 10 27 00 00 00 00 00 00 10 28 00 00 00 00 00 00 10 29 00 00 00 00 00 00 10 30 00 00 00 00 00 00 10 89 16 
14:10:54.581->>>>-发送-68 12 00 43 00 00 00 B0 04 00 10 02 00 FF 00 0F 17 16 
14:10:54.845-<<<<-接收-68 8A 00 83 00 00 00 00 00 00 10 02 00 F8 02 0F 31 00 00 00 00 00 00 10 32 00 00 00 00 00 00 10 33 00 00 00 00 00 00 10 34 00 00 00 00 00 00 10 35 00 00 00 00 00 00 10 36 00 00 00 00 00 00 10 37 00 00 00 00 00 00 10 38 00 00 00 00 00 00 10 39 00 00 00 00 00 00 10 40 00 00 00 00 00 00 10 41 00 00 00 00 00 00 10 42 00 00 00 00 00 00 10 43 00 00 00 00 00 00 10 44 00 00 00 00 00 00 10 45 00 00 00 00 00 00 10 FA 16 
14:10:56.557->>>>-发送-68 12 00 43 00 00 00 B0 04 00 10 02 00 FF 00 0F 17 16 
14:10:56.821-<<<<-接收-68 8A 00 83 00 00 00 00 00 00 10 02 00 F8 02 0F 31 00 00 00 00 00 00 10 32 00 00 00 00 00 00 10 33 00 00 00 00 00 00 10 34 00 00 00 00 00 00 10 35 00 00 00 00 00 00 10 36 00 00 00 00 00 00 10 37 00 00 00 00 00 00 10 38 00 00 00 00 00 00 10 39 00 00 00 00 00 00 10 40 00 00 00 00 00 00 10 41 00 00 00 00 00 00 10 42 00 00 00 00 00 00 10 43 00 00 00 00 00 00 10 44 00 00 00 00 00 00 10 45 00 00 00 00 00 00 10 FA 16 
14:10:58.733->>>>-发送-68 12 00 43 00 00 00 B0 04 00 10 02 00 FF 00 0F 17 16 
14:10:58.989-<<<<-接收-68 8A 00 83 00 00 00 00 FE 00 10 02 00 F8 02 0F 31 00 00 00 00 00 00 10 32 00 00 00 00 00 00 10 33 00 00 00 00 00 00 10 34 00 00 00 00 00 00 10 35 00 00 00 00 00 00 10 36 00 00 00 00 00 00 10 37 00 00 00 00 00 00 10 38 00 00 00 00 00 00 10 39 00 00 00 00 00 00 10 40 00 00 00 00 00 00 10 41 00 00 00 00 00 00 10 42 00 00 00 00 00 00 10 43 00 00 00 00 00 00 10 44 00 00 00 00 00 00 10 45 00 00 00 00 00 00 10 F8 16 
14:13:42.517->>>>-发送-68 12 00 43 00 00 00 B0 04 00 10 02 00 00 02 0F 1A 16 
14:13:42.781-<<<<-接收-68 8A 00 83 00 00 00 00 FE 00 10 02 00 F8 02 0F 46 00 00 00 00 00 00 10 47 00 00 00 00 00 00 10 48 00 00 00 00 00 00 10 49 00 00 00 00 00 00 10 50 00 00 00 00 00 00 10 51 00 00 00 00 00 00 10 52 00 00 00 00 00 00 10 53 00 00 00 00 00 00 10 54 00 00 00 00 00 00 10 55 00 00 00 00 00 00 10 56 00 00 00 00 00 00 10 57 00 00 00 00 00 00 10 58 00 00 00 00 00 00 10 59 00 00 00 00 00 00 10 60 00 00 00 00 00 00 10 57 16 
14:13:44.757->>>>-发送-68 12 00 43 00 00 00 B0 04 00 10 02 00 00 02 0F 1A 16 
14:13:45.025-<<<<-接收-68 8A 00 83 00 00 00 00 FE 00 10 02 00 F8 02 0F 46 00 00 00 00 00 00 10 47 00 00 00 00 00 00 10 48 00 00 00 00 00 00 10 49 00 00 00 00 00 00 10 50 00 00 00 00 00 00 10 51 00 00 00 00 00 00 10 52 00 00 00 00 00 00 10 53 00 00 00 00 00 00 10 54 00 00 00 00 00 00 10 55 00 00 00 00 00 00 10 56 00 00 00 00 00 00 10 57 00 00 00 00 00 00 10 58 00 00 00 00 00 00 10 59 00 00 00 00 00 00 10 60 00 00 00 00 00 00 10 57 16 
14:13:46.621->>>>-发送-68 12 00 43 00 00 00 B0 04 00 10 02 00 00 02 0F 1A 16 
14:13:46.881-<<<<-接收-68 8A 00 83 F8 10 00 00 00 00 10 02 00 F8 02 0F 46 00 00 00 00 00 00 10 47 00 00 00 00 00 00 10 48 00 00 00 00 00 00 10 49 00 00 00 00 00 00 10 50 00 00 00 00 00 00 10 51 00 00 00 00 00 00 10 52 00 00 00 00 00 00 10 53 00 00 00 00 00 00 10 54 00 00 00 00 00 00 10 55 00 00 00 00 00 00 10 56 00 00 00 00 00 00 10 57 00 00 00 00 00 00 10 58 00 00 00 00 00 00 10 59 00 00 00 00 00 00 10 60 00 00 00 00 00 00 10 61 16 
14:13:47.693->>>>-发送-68 12 00 43 00 00 00 B0 04 00 10 02 00 00 02 0F 1A 16 
14:13:47.961-<<<<-接收-68 8A 00 83 00 00 00 00 FE 00 10 02 00 F8 02 0F 46 00 00 00 00 00 00 10 47 00 00 00 00 00 00 10 48 00 00 00 00 00 00 10 49 00 00 00 00 00 00 10 50 00 00 00 00 00 00 10 51 00 00 00 00 00 00 10 52 00 00 00 00 00 00 10 53 00 00 00 00 00 00 10 54 00 00 00 00 00 00 10 55 00 00 00 00 00 00 10 56 00 00 00 00 00 00 10 57 00 00 00 00 00 00 10 58 00 00 00 00 00 00 10 59 00 00 00 00 00 00 10 60 00 00 00 00 00 00 10 57 16 
14:14:12.101->>>>-发送-68 12 00 43 00 00 00 B0 04 00 10 02 00 00 03 0F 1B 16 
14:14:12.365-<<<<-接收-68 8A 00 83 00 00 00 00 FE 00 10 02 00 F8 02 0F 61 00 00 00 00 00 00 10 62 00 00 00 00 00 00 10 63 00 00 00 00 00 00 10 64 00 00 00 00 00 00 10 65 00 00 00 00 00 00 10 66 00 00 00 00 00 00 10 67 00 00 00 00 00 00 10 68 00 00 00 00 00 00 10 69 00 00 00 00 00 00 10 70 00 00 00 00 00 00 10 71 00 00 00 00 00 00 10 72 00 00 00 00 00 00 10 73 00 00 00 00 00 00 10 74 00 00 00 00 00 00 10 75 00 00 00 00 00 00 10 C8 16 
14:14:42.135->>>>-发送-68 12 00 43 00 00 00 B0 04 00 10 02 00 01 00 0F 19 16 
14:14:42.399-<<<<-接收-68 8A 00 83 00 00 00 00 FE 00 10 02 00 F8 02 0F 76 00 00 00 00 00 00 10 77 00 00 00 00 00 00 10 78 00 00 00 00 00 00 10 79 00 00 00 00 00 00 10 80 00 00 00 00 00 00 10 81 00 00 00 00 00 00 10 82 00 00 00 00 00 00 10 83 00 00 00 00 00 00 10 84 00 00 00 00 00 00 10 85 00 00 00 00 00 00 10 86 00 00 00 00 00 00 10 87 00 00 00 00 00 00 10 88 00 00 00 00 00 00 10 89 00 00 00 00 00 00 10 90 00 00 00 00 00 00 10 27 16 
14:14:44.023->>>>-发送-68 12 00 43 00 00 00 B0 04 00 10 02 00 01 00 0F 19 16 
14:14:44.287-<<<<-接收-68 8A 00 83 00 00 00 00 FE 00 10 02 00 F8 02 0F 76 00 00 00 00 00 00 10 77 00 00 00 00 00 00 10 78 00 00 00 00 00 00 10 79 00 00 00 00 00 00 10 80 00 00 00 00 00 00 10 81 00 00 00 00 00 00 10 82 00 00 00 00 00 00 10 83 00 00 00 00 00 00 10 84 00 00 00 00 00 00 10 85 00 00 00 00 00 00 10 86 00 00 00 00 00 00 10 87 00 00 00 00 00 00 10 88 00 00 00 00 00 00 10 89 00 00 00 00 00 00 10 90 00 00 00 00 00 00 10 27 16 
14:14:45.479->>>>-发送-68 12 00 43 00 00 00 B0 04 00 10 02 00 01 00 0F 19 16 
14:14:45.759-<<<<-接收-68 8A 00 83 00 00 00 00 FE 00 10 02 00 F8 02 0F 76 00 00 00 00 00 00 10 77 00 00 00 00 00 00 10 78 00 00 00 00 00 00 10 79 00 00 00 00 00 00 10 80 00 00 00 00 00 00 10 81 00 00 00 00 00 00 10 82 00 00 00 00 00 00 10 83 00 00 00 00 00 00 10 84 00 00 00 00 00 00 10 85 00 00 00 00 00 00 10 86 00 00 00 00 00 00 10 87 00 00 00 00 00 00 10 88 00 00 00 00 00 00 10 89 00 00 00 00 00 00 10 90 00 00 00 00 00 00 10 27 16 
14:14:47.983->>>>-发送-68 12 00 43 00 00 00 B0 04 00 10 02 00 01 00 0F 19 16 
14:14:48.243-<<<<-接收-68 8A 00 83 00 00 00 00 FE 00 10 02 00 F8 02 0F 76 00 00 00 00 00 00 10 77 00 00 00 00 00 00 10 78 00 00 00 00 00 00 10 79 00 00 00 00 00 00 10 80 00 00 00 00 00 00 10 81 00 00 00 00 00 00 10 82 00 00 00 00 00 00 10 83 00 00 00 00 00 00 10 84 00 00 00 00 00 00 10 85 00 00 00 00 00 00 10 86 00 00 00 00 00 00 10 87 00 00 00 00 00 00 10 88 00 00 00 00 00 00 10 89 00 00 00 00 00 00 10 90 00 00 00 00 00 00 10 27 16 
14:19:34.384->>>>-发送-68 12 00 43 00 00 00 B0 04 00 10 02 00 01 00 0F 19 16 
14:19:34.652-<<<<-接收-68 8A 00 83 00 00 00 00 FE 00 10 02 00 F8 02 0F 76 00 00 00 00 00 00 10 77 00 00 00 00 00 00 10 78 00 00 00 00 00 00 10 79 00 00 00 00 00 00 10 80 00 00 00 00 00 00 10 81 00 00 00 00 00 00 10 82 00 00 00 00 00 00 10 83 00 00 00 00 00 00 10 84 00 00 00 00 00 00 10 85 00 00 00 00 00 00 10 86 00 00 00 00 00 00 10 87 00 00 00 00 00 00 10 88 00 00 00 00 00 00 10 89 00 00 00 00 00 00 10 90 00 00 00 00 00 00 10 27 16 
14:19:38.368->>>>-发送-68 12 00 43 00 00 00 B0 04 00 10 02 00 01 00 0F 19 16 
14:19:38.624-<<<<-接收-68 8A 00 83 00 00 00 00 FE 00 10 02 00 F8 02 0F 76 00 00 00 00 00 00 10 77 00 00 00 00 00 00 10 78 00 00 00 00 00 00 10 79 00 00 00 00 00 00 10 80 00 00 00 00 00 00 10 81 00 00 00 00 00 00 10 82 00 00 00 00 00 00 10 83 00 00 00 00 00 00 10 84 00 00 00 00 00 00 10 85 00 00 00 00 00 00 10 86 00 00 00 00 00 00 10 87 00 00 00 00 00 00 10 88 00 00 00 00 00 00 10 89 00 00 00 00 00 00 10 90 00 00 00 00 00 00 10 27 16 
14:19:38.776->>>>-发送-68 12 00 43 00 00 00 B0 04 00 10 02 00 01 00 0F 19 16 
14:19:39.040-<<<<-接收-68 8A 00 83 00 00 00 00 FE 00 10 02 00 F8 02 0F 76 00 00 00 00 00 00 10 77 00 00 00 00 00 00 10 78 00 00 00 00 00 00 10 79 00 00 00 00 00 00 10 80 00 00 00 00 00 00 10 81 00 00 00 00 00 00 10 82 00 00 00 00 00 00 10 83 00 00 00 00 00 00 10 84 00 00 00 00 00 00 10 85 00 00 00 00 00 00 10 86 00 00 00 00 00 00 10 87 00 00 00 00 00 00 10 88 00 00 00 00 00 00 10 89 00 00 00 00 00 00 10 90 00 00 00 00 00 00 10 27 16 
14:19:39.536->>>>-发送-68 12 00 43 00 00 00 B0 04 00 10 02 00 01 00 0F 19 16 
14:19:39.792-<<<<-接收-68 8A 00 83 00 00 00 00 FE 00 10 02 00 F8 02 0F 76 00 00 00 00 00 00 10 77 00 00 00 00 00 00 10 78 00 00 00 00 00 00 10 79 00 00 00 00 00 00 10 80 00 00 00 00 00 00 10 81 00 00 00 00 00 00 10 82 00 00 00 00 00 00 10 83 00 00 00 00 00 00 10 84 00 00 00 00 00 00 10 85 00 00 00 00 00 00 10 86 00 00 00 00 00 00 10 87 00 00 00 00 00 00 10 88 00 00 00 00 00 00 10 89 00 00 00 00 00 00 10 90 00 00 00 00 00 00 10 27 16 
14:19:40.200->>>>-发送-68 12 00 43 00 00 00 B0 04 00 10 02 00 01 00 0F 19 16 
14:19:40.464-<<<<-接收-68 8A 00 83 00 00 00 00 FE 00 10 02 00 F8 02 0F 76 00 00 00 00 00 00 10 77 00 00 00 00 00 00 10 78 00 00 00 00 00 00 10 79 00 00 00 00 00 00 10 80 00 00 00 00 00 00 10 81 00 00 00 00 00 00 10 82 00 00 00 00 00 00 10 83 00 00 00 00 00 00 10 84 00 00 00 00 00 00 10 85 00 00 00 00 00 00 10 86 00 00 00 00 00 00 10 87 00 00 00 00 00 00 10 88 00 00 00 00 00 00 10 89 00 00 00 00 00 00 10 90 00 00 00 00 00 00 10 27 16 
14:19:40.752->>>>-发送-68 12 00 43 00 00 00 B0 04 00 10 02 00 01 00 0F 19 16 
14:19:41.008-<<<<-接收-68 8A 00 83 00 00 00 00 FE 00 10 02 00 F8 02 0F 76 00 00 00 00 00 00 10 77 00 00 00 00 00 00 10 78 00 00 00 00 00 00 10 79 00 00 00 00 00 00 10 80 00 00 00 00 00 00 10 81 00 00 00 00 00 00 10 82 00 00 00 00 00 00 10 83 00 00 00 00 00 00 10 84 00 00 00 00 00 00 10 85 00 00 00 00 00 00 10 86 00 00 00 00 00 00 10 87 00 00 00 00 00 00 10 88 00 00 00 00 00 00 10 89 00 00 00 00 00 00 10 90 00 00 00 00 00 00 10 27 16 
14:19:41.224->>>>-发送-68 12 00 43 00 00 00 B0 04 00 10 02 00 01 00 0F 19 16 
14:19:41.492-<<<<-接收-68 8A 00 83 00 00 00 00 FE 00 10 02 00 F8 02 0F 76 00 00 00 00 00 00 10 77 00 00 00 00 00 00 10 78 00 00 00 00 00 00 10 79 00 00 00 00 00 00 10 80 00 00 00 00 00 00 10 81 00 00 00 00 00 00 10 82 00 00 00 00 00 00 10 83 00 00 00 00 00 00 10 84 00 00 00 00 00 00 10 85 00 00 00 00 00 00 10 86 00 00 00 00 00 00 10 87 00 00 00 00 00 00 10 88 00 00 00 00 00 00 10 89 00 00 00 00 00 00 10 90 00 00 00 00 00 00 10 27 16 
14:19:41.696->>>>-发送-68 12 00 43 00 00 00 B0 04 00 10 02 00 01 00 0F 19 16 
14:19:41.948-<<<<-接收-68 8A 00 83 00 00 00 00 FE 00 10 02 00 F8 02 0F 76 00 00 00 00 00 00 10 77 00 00 00 00 00 00 10 78 00 00 00 00 00 00 10 79 00 00 00 00 00 00 10 80 00 00 00 00 00 00 10 81 00 00 00 00 00 00 10 82 00 00 00 00 00 00 10 83 00 00 00 00 00 00 10 84 00 00 00 00 00 00 10 85 00 00 00 00 00 00 10 86 00 00 00 00 00 00 10 87 00 00 00 00 00 00 10 88 00 00 00 00 00 00 10 89 00 00 00 00 00 00 10 90 00 00 00 00 00 00 10 27 16 
14:19:42.152->>>>-发送-68 12 00 43 00 00 00 B0 04 00 10 02 00 01 00 0F 19 16 
14:19:42.412-<<<<-接收-68 8A 00 83 00 00 00 00 FE 00 10 02 00 F8 02 0F 76 00 00 00 00 00 00 10 77 00 00 00 00 00 00 10 78 00 00 00 00 00 00 10 79 00 00 00 00 00 00 10 80 00 00 00 00 00 00 10 81 00 00 00 00 00 00 10 82 00 00 00 00 00 00 10 83 00 00 00 00 00 00 10 84 00 00 00 00 00 00 10 85 00 00 00 00 00 00 10 86 00 00 00 00 00 00 10 87 00 00 00 00 00 00 10 88 00 00 00 00 00 00 10 89 00 00 00 00 00 00 10 90 00 00 00 00 00 00 10 27 16 
14:19:43.184->>>>-发送-68 12 00 43 00 00 00 B0 04 00 10 02 00 01 00 0F 19 16 
14:19:43.460-<<<<-接收-68 8A 00 83 00 00 00 00 FE 00 10 02 00 F8 02 0F 76 00 00 00 00 00 00 10 77 00 00 00 00 00 00 10 78 00 00 00 00 00 00 10 79 00 00 00 00 00 00 10 80 00 00 00 00 00 00 10 81 00 00 00 00 00 00 10 82 00 00 00 00 00 00 10 83 00 00 00 00 00 00 10 84 00 00 00 00 00 00 10 85 00 00 00 00 00 00 10 86 00 00 00 00 00 00 10 87 00 00 00 00 00 00 10 88 00 00 00 00 00 00 10 89 00 00 00 00 00 00 10 90 00 00 00 00 00 00 10 27 16 
14:19:43.800->>>>-发送-68 12 00 43 00 00 00 B0 04 00 10 02 00 01 00 0F 19 16 
14:19:44.060-<<<<-接收-68 8A 00 83 00 00 00 00 FE 00 10 02 00 F8 02 0F 76 00 00 00 00 00 00 10 77 00 00 00 00 00 00 10 78 00 00 00 00 00 00 10 79 00 00 00 00 00 00 10 80 00 00 00 00 00 00 10 81 00 00 00 00 00 00 10 82 00 00 00 00 00 00 10 83 00 00 00 00 00 00 10 84 00 00 00 00 00 00 10 85 00 00 00 00 00 00 10 86 00 00 00 00 00 00 10 87 00 00 00 00 00 00 10 88 00 00 00 00 00 00 10 89 00 00 00 00 00 00 10 90 00 00 00 00 00 00 10 27 16 
14:19:44.384->>>>-发送-68 12 00 43 00 00 00 B0 04 00 10 02 00 01 00 0F 19 16 
14:19:44.660-<<<<-接收-68 8A 00 83 00 00 00 00 FE 00 10 02 00 F8 02 0F 76 00 00 00 00 00 00 10 77 00 00 00 00 00 00 10 78 00 00 00 00 00 00 10 79 00 00 00 00 00 00 10 80 00 00 00 00 00 00 10 81 00 00 00 00 00 00 10 82 00 00 00 00 00 00 10 83 00 00 00 00 00 00 10 84 00 00 00 00 00 00 10 85 00 00 00 00 00 00 10 86 00 00 00 00 00 00 10 87 00 00 00 00 00 00 10 88 00 00 00 00 00 00 10 89 00 00 00 00 00 00 10 90 00 00 00 00 00 00 10 27 16 
14:19:44.816->>>>-发送-68 12 00 43 00 00 00 B0 04 00 10 02 00 01 00 0F 19 16 
14:19:45.068-<<<<-接收-68 8A 00 83 00 00 00 00 FE 00 10 02 00 F8 02 0F 76 00 00 00 00 00 00 10 77 00 00 00 00 00 00 10 78 00 00 00 00 00 00 10 79 00 00 00 00 00 00 10 80 00 00 00 00 00 00 10 81 00 00 00 00 00 00 10 82 00 00 00 00 00 00 10 83 00 00 00 00 00 00 10 84 00 00 00 00 00 00 10 85 00 00 00 00 00 00 10 86 00 00 00 00 00 00 10 87 00 00 00 00 00 00 10 88 00 00 00 00 00 00 10 89 00 00 00 00 00 00 10 90 00 00 00 00 00 00 10 27 16 
14:19:45.864->>>>-发送-68 12 00 43 00 00 00 B0 04 00 10 02 00 01 00 0F 19 16 
14:19:46.132-<<<<-接收-68 8A 00 83 00 00 00 00 FE 00 10 02 00 F8 02 0F 76 00 00 00 00 00 00 10 77 00 00 00 00 00 00 10 78 00 00 00 00 00 00 10 79 00 00 00 00 00 00 10 80 00 00 00 00 00 00 10 81 00 00 00 00 00 00 10 82 00 00 00 00 00 00 10 83 00 00 00 00 00 00 10 84 00 00 00 00 00 00 10 85 00 00 00 00 00 00 10 86 00 00 00 00 00 00 10 87 00 00 00 00 00 00 10 88 00 00 00 00 00 00 10 89 00 00 00 00 00 00 10 90 00 00 00 00 00 00 10 27 16 
14:20:07.920->>>>-发送-68 12 00 43 00 00 00 B0 04 00 10 02 00 02 00 0F 1A 16 
14:20:08.184-<<<<-接收-68 8A 00 83 00 00 00 00 FE 00 10 02 00 F8 02 0F 91 00 00 00 00 00 00 10 92 00 00 00 00 00 00 10 93 00 00 00 00 00 00 10 94 00 00 00 00 00 00 10 95 00 00 00 00 00 00 10 96 00 00 00 00 00 00 10 97 00 00 00 00 00 00 10 98 00 00 00 00 00 00 10 99 00 00 00 00 00 00 10 00 01 00 00 00 00 00 10 01 01 00 00 00 00 00 10 02 01 00 00 00 00 00 10 03 01 00 00 00 00 00 10 04 01 00 00 00 00 00 10 05 01 00 00 00 00 00 10 DE 16 
14:20:14.072->>>>-发送-68 12 00 43 00 00 00 B0 04 00 10 02 00 02 00 0F 1A 16 
14:20:14.340-<<<<-接收-68 8A 00 83 00 00 00 00 FE 00 10 02 00 F8 02 0F 91 00 00 00 00 00 00 10 92 00 00 00 00 00 00 10 93 00 00 00 00 00 00 10 94 00 00 00 00 00 00 10 95 00 00 00 00 00 00 10 96 00 00 00 00 00 00 10 97 00 00 00 00 00 00 10 98 00 00 00 00 00 00 10 99 00 00 00 00 00 00 10 00 01 00 00 00 00 00 10 01 01 00 00 00 00 00 10 02 01 00 00 00 00 00 10 03 01 00 00 00 00 00 10 04 01 00 00 00 00 00 10 05 01 00 00 00 00 00 10 DE 16 
14:20:14.536->>>>-发送-68 12 00 43 00 00 00 B0 04 00 10 02 00 02 00 0F 1A 16 
14:20:14.804-<<<<-接收-68 8A 00 83 00 00 00 00 FE 00 10 02 00 F8 02 0F 91 00 00 00 00 00 00 10 92 00 00 00 00 00 00 10 93 00 00 00 00 00 00 10 94 00 00 00 00 00 00 10 95 00 00 00 00 00 00 10 96 00 00 00 00 00 00 10 97 00 00 00 00 00 00 10 98 00 00 00 00 00 00 10 99 00 00 00 00 00 00 10 00 01 00 00 00 00 00 10 01 01 00 00 00 00 00 10 02 01 00 00 00 00 00 10 03 01 00 00 00 00 00 10 04 01 00 00 00 00 00 10 05 01 00 00 00 00 00 10 DE 16 
14:20:14.992->>>>-发送-68 12 00 43 00 00 00 B0 04 00 10 02 00 02 00 0F 1A 16 
14:20:15.252-<<<<-接收-68 8A 00 83 00 00 00 00 FE 00 10 02 00 F8 02 0F 91 00 00 00 00 00 00 10 92 00 00 00 00 00 00 10 93 00 00 00 00 00 00 10 94 00 00 00 00 00 00 10 95 00 00 00 00 00 00 10 96 00 00 00 00 00 00 10 97 00 00 00 00 00 00 10 98 00 00 00 00 00 00 10 99 00 00 00 00 00 00 10 00 01 00 00 00 00 00 10 01 01 00 00 00 00 00 10 02 01 00 00 00 00 00 10 03 01 00 00 00 00 00 10 04 01 00 00 00 00 00 10 05 01 00 00 00 00 00 10 DE 16 
14:20:15.552->>>>-发送-68 12 00 43 00 00 00 B0 04 00 10 02 00 02 00 0F 1A 16 
14:20:15.820-<<<<-接收-68 8A 00 83 00 00 00 00 FE 00 10 02 00 F8 02 0F 91 00 00 00 00 00 00 10 92 00 00 00 00 00 00 10 93 00 00 00 00 00 00 10 94 00 00 00 00 00 00 10 95 00 00 00 00 00 00 10 96 00 00 00 00 00 00 10 97 00 00 00 00 00 00 10 98 00 00 00 00 00 00 10 99 00 00 00 00 00 00 10 00 01 00 00 00 00 00 10 01 01 00 00 00 00 00 10 02 01 00 00 00 00 00 10 03 01 00 00 00 00 00 10 04 01 00 00 00 00 00 10 05 01 00 00 00 00 00 10 DE 16 
14:20:16.140->>>>-发送-68 12 00 43 00 00 00 B0 04 00 10 02 00 02 00 0F 1A 16 
14:20:16.404-<<<<-接收-68 8A 00 83 00 00 00 00 FE 00 10 02 00 F8 02 0F 91 00 00 00 00 00 00 10 92 00 00 00 00 00 00 10 93 00 00 00 00 00 00 10 94 00 00 00 00 00 00 10 95 00 00 00 00 00 00 10 96 00 00 00 00 00 00 10 97 00 00 00 00 00 00 10 98 00 00 00 00 00 00 10 99 00 00 00 00 00 00 10 00 01 00 00 00 00 00 10 01 01 00 00 00 00 00 10 02 01 00 00 00 00 00 10 03 01 00 00 00 00 00 10 04 01 00 00 00 00 00 10 05 01 00 00 00 00 00 10 DE 16 
14:20:16.680->>>>-发送-68 12 00 43 00 00 00 B0 04 00 10 02 00 02 00 0F 1A 16 
14:20:16.956-<<<<-接收-68 8A 00 83 00 00 00 00 FE 00 10 02 00 F8 02 0F 91 00 00 00 00 00 00 10 92 00 00 00 00 00 00 10 93 00 00 00 00 00 00 10 94 00 00 00 00 00 00 10 95 00 00 00 00 00 00 10 96 00 00 00 00 00 00 10 97 00 00 00 00 00 00 10 98 00 00 00 00 00 00 10 99 00 00 00 00 00 00 10 00 01 00 00 00 00 00 10 01 01 00 00 00 00 00 10 02 01 00 00 00 00 00 10 03 01 00 00 00 00 00 10 04 01 00 00 00 00 00 10 05 01 00 00 00 00 00 10 DE 16 
14:20:17.668->>>>-发送-68 12 00 43 00 00 00 B0 04 00 10 02 00 02 00 0F 1A 16 
14:20:17.928-<<<<-接收-68 8A 00 83 00 00 00 00 FE 00 10 02 00 F8 02 0F 91 00 00 00 00 00 00 10 92 00 00 00 00 00 00 10 93 00 00 00 00 00 00 10 94 00 00 00 00 00 00 10 95 00 00 00 00 00 00 10 96 00 00 00 00 00 00 10 97 00 00 00 00 00 00 10 98 00 00 00 00 00 00 10 99 00 00 00 00 00 00 10 00 01 00 00 00 00 00 10 01 01 00 00 00 00 00 10 02 01 00 00 00 00 00 10 03 01 00 00 00 00 00 10 04 01 00 00 00 00 00 10 05 01 00 00 00 00 00 10 DE 16 
14:20:18.264->>>>-发送-68 12 00 43 00 00 00 B0 04 00 10 02 00 02 00 0F 1A 16 
14:20:18.536-<<<<-接收-68 8A 00 83 00 00 00 00 FE 00 10 02 00 F8 02 0F 91 00 00 00 00 00 00 10 92 00 00 00 00 00 00 10 93 00 00 00 00 00 00 10 94 00 00 00 00 00 00 10 95 00 00 00 00 00 00 10 96 00 00 00 00 00 00 10 97 00 00 00 00 00 00 10 98 00 00 00 00 00 00 10 99 00 00 00 00 00 00 10 00 01 00 00 00 00 00 10 01 01 00 00 00 00 00 10 02 01 00 00 00 00 00 10 03 01 00 00 00 00 00 10 04 01 00 00 00 00 00 10 05 01 00 00 00 00 00 10 DE 16 
14:20:21.048->>>>-发送-68 12 00 43 00 00 00 B0 04 00 10 02 00 02 00 0F 1A 16 
14:20:21.312-<<<<-接收-68 8A 00 83 00 00 00 00 FE 00 10 02 00 F8 02 0F 91 00 00 00 00 00 00 10 92 00 00 00 00 00 00 10 93 00 00 00 00 00 00 10 94 00 00 00 00 00 00 10 95 00 00 00 00 00 00 10 96 00 00 00 00 00 00 10 97 00 00 00 00 00 00 10 98 00 00 00 00 00 00 10 99 00 00 00 00 00 00 10 00 01 00 00 00 00 00 10 01 01 00 00 00 00 00 10 02 01 00 00 00 00 00 10 03 01 00 00 00 00 00 10 04 01 00 00 00 00 00 10 05 01 00 00 00 00 00 10 DE 16 
14:20:53.880->>>>-发送-68 12 00 43 00 00 00 B0 04 00 10 02 00 03 00 0F 1B 16 
14:20:54.136-<<<<-接收-68 8A 00 83 00 00 00 00 FE 00 10 02 00 F8 02 0F 06 01 00 00 00 00 00 10 07 01 00 00 00 00 00 10 08 01 00 00 00 00 00 10 09 01 00 00 00 00 00 10 10 01 00 00 00 00 00 10 11 01 00 00 00 00 00 10 12 01 00 00 00 00 00 10 13 01 00 00 00 00 00 10 14 01 00 00 00 00 00 10 15 01 00 00 00 00 00 10 16 01 00 00 00 00 00 10 17 01 00 00 00 00 00 10 18 01 00 00 00 00 00 10 19 01 00 00 00 00 00 10 20 01 00 00 00 00 00 10 A6 16 
14:20:55.288->>>>-发送-68 12 00 43 00 00 00 B0 04 00 10 02 00 03 00 0F 1B 16 
14:20:55.552-<<<<-接收-68 8A 00 83 00 00 00 00 FE 00 10 02 00 F8 02 0F 06 01 00 00 00 00 00 10 07 01 00 00 00 00 00 10 08 01 00 00 00 00 00 10 09 01 00 00 00 00 00 10 10 01 00 00 00 00 00 10 11 01 00 00 00 00 00 10 12 01 00 00 00 00 00 10 13 01 00 00 00 00 00 10 14 01 00 00 00 00 00 10 15 01 00 00 00 00 00 10 16 01 00 00 00 00 00 10 17 01 00 00 00 00 00 10 18 01 00 00 00 00 00 10 19 01 00 00 00 00 00 10 20 01 00 00 00 00 00 10 A6 16 
14:20:56.624->>>>-发送-68 12 00 43 00 00 00 B0 04 00 10 02 00 03 00 0F 1B 16 
14:20:56.884-<<<<-接收-68 8A 00 83 00 00 00 00 FE 00 10 02 00 F8 02 0F 06 01 00 00 00 00 00 10 07 01 00 00 00 00 00 10 08 01 00 00 00 00 00 10 09 01 00 00 00 00 00 10 10 01 00 00 00 00 00 10 11 01 00 00 00 00 00 10 12 01 00 00 00 00 00 10 13 01 00 00 00 00 00 10 14 01 00 00 00 00 00 10 15 01 00 00 00 00 00 10 16 01 00 00 00 00 00 10 17 01 00 00 00 00 00 10 18 01 00 00 00 00 00 10 19 01 00 00 00 00 00 10 20 01 00 00 00 00 00 10 A6 16 
14:20:57.112->>>>-发送-68 12 00 43 00 00 00 B0 04 00 10 02 00 03 00 0F 1B 16 
14:20:57.368-<<<<-接收-68 8A 00 83 00 00 00 00 FE 00 10 02 00 F8 02 0F 06 01 00 00 00 00 00 10 07 01 00 00 00 00 00 10 08 01 00 00 00 00 00 10 09 01 00 00 00 00 00 10 10 01 00 00 00 00 00 10 11 01 00 00 00 00 00 10 12 01 00 00 00 00 00 10 13 01 00 00 00 00 00 10 14 01 00 00 00 00 00 10 15 01 00 00 00 00 00 10 16 01 00 00 00 00 00 10 17 01 00 00 00 00 00 10 18 01 00 00 00 00 00 10 19 01 00 00 00 00 00 10 20 01 00 00 00 00 00 10 A6 16 
14:20:57.704->>>>-发送-68 12 00 43 00 00 00 B0 04 00 10 02 00 03 00 0F 1B 16 
14:20:57.972-<<<<-接收-68 8A 00 83 00 00 00 00 FE 00 10 02 00 F8 02 0F 06 01 00 00 00 00 00 10 07 01 00 00 00 00 00 10 08 01 00 00 00 00 00 10 09 01 00 00 00 00 00 10 10 01 00 00 00 00 00 10 11 01 00 00 00 00 00 10 12 01 00 00 00 00 00 10 13 01 00 00 00 00 00 10 14 01 00 00 00 00 00 10 15 01 00 00 00 00 00 10 16 01 00 00 00 00 00 10 17 01 00 00 00 00 00 10 18 01 00 00 00 00 00 10 19 01 00 00 00 00 00 10 20 01 00 00 00 00 00 10 A6 16 
14:20:58.192->>>>-发送-68 12 00 43 00 00 00 B0 04 00 10 02 00 03 00 0F 1B 16 
14:20:58.456-<<<<-接收-68 8A 00 83 00 00 00 00 FE 00 10 02 00 F8 02 0F 06 01 00 00 00 00 00 10 07 01 00 00 00 00 00 10 08 01 00 00 00 00 00 10 09 01 00 00 00 00 00 10 10 01 00 00 00 00 00 10 11 01 00 00 00 00 00 10 12 01 00 00 00 00 00 10 13 01 00 00 00 00 00 10 14 01 00 00 00 00 00 10 15 01 00 00 00 00 00 10 16 01 00 00 00 00 00 10 17 01 00 00 00 00 00 10 18 01 00 00 00 00 00 10 19 01 00 00 00 00 00 10 20 01 00 00 00 00 00 10 A6 16 
14:21:22.668->>>>-发送-68 12 00 43 00 00 00 B0 04 00 10 02 00 03 00 0F 1B 16 
14:21:22.932-<<<<-接收-68 8A 00 83 00 00 00 00 FE 00 10 02 00 F8 02 0F 06 01 00 00 00 00 00 10 07 01 00 00 00 00 00 10 08 01 00 00 00 00 00 10 09 01 00 00 00 00 00 10 10 01 00 00 00 00 00 10 11 01 00 00 00 00 00 10 12 01 00 00 00 00 00 10 13 01 00 00 00 00 00 10 14 01 00 00 00 00 00 10 15 01 00 00 00 00 00 10 16 01 00 00 00 00 00 10 17 01 00 00 00 00 00 10 18 01 00 00 00 00 00 10 19 01 00 00 00 00 00 10 20 01 00 00 00 00 00 10 A6 16 
14:21:23.436->>>>-发送-68 12 00 43 00 00 00 B0 04 00 10 02 00 03 00 0F 1B 16 
14:21:23.696-<<<<-接收-68 8A 00 83 00 00 00 00 FE 00 10 02 00 F8 02 0F 06 01 00 00 00 00 00 10 07 01 00 00 00 00 00 10 08 01 00 00 00 00 00 10 09 01 00 00 00 00 00 10 10 01 00 00 00 00 00 10 11 01 00 00 00 00 00 10 12 01 00 00 00 00 00 10 13 01 00 00 00 00 00 10 14 01 00 00 00 00 00 10 15 01 00 00 00 00 00 10 16 01 00 00 00 00 00 10 17 01 00 00 00 00 00 10 18 01 00 00 00 00 00 10 19 01 00 00 00 00 00 10 20 01 00 00 00 00 00 10 A6 16 
14:21:23.860->>>>-发送-68 12 00 43 00 00 00 B0 04 00 10 02 00 03 00 0F 1B 16 
14:21:24.132-<<<<-接收-68 8A 00 83 00 00 00 00 FE 00 10 02 00 F8 02 0F 06 01 00 00 00 00 00 10 07 01 00 00 00 00 00 10 08 01 00 00 00 00 00 10 09 01 00 00 00 00 00 10 10 01 00 00 00 00 00 10 11 01 00 00 00 00 00 10 12 01 00 00 00 00 00 10 13 01 00 00 00 00 00 10 14 01 00 00 00 00 00 10 15 01 00 00 00 00 00 10 16 01 00 00 00 00 00 10 17 01 00 00 00 00 00 10 18 01 00 00 00 00 00 10 19 01 00 00 00 00 00 10 20 01 00 00 00 00 00 10 A6 16 
14:21:25.864->>>>-发送-68 12 00 43 00 00 00 B0 04 00 10 02 00 03 00 0F 1B 16 
14:21:26.128-<<<<-接收-68 8A 00 83 00 00 00 00 FE 00 10 02 00 F8 02 0F 06 01 00 00 00 00 00 10 07 01 00 00 00 00 00 10 08 01 00 00 00 00 00 10 09 01 00 00 00 00 00 10 10 01 00 00 00 00 00 10 11 01 00 00 00 00 00 10 12 01 00 00 00 00 00 10 13 01 00 00 00 00 00 10 14 01 00 00 00 00 00 10 15 01 00 00 00 00 00 10 16 01 00 00 00 00 00 10 17 01 00 00 00 00 00 10 18 01 00 00 00 00 00 10 19 01 00 00 00 00 00 10 20 01 00 00 00 00 00 10 A6 16 
14:21:26.360->>>>-发送-68 12 00 43 00 00 00 B0 04 00 10 02 00 03 00 0F 1B 16 
14:21:26.640-<<<<-接收-68 8A 00 83 00 00 00 00 FE 00 10 02 00 F8 02 0F 06 01 00 00 00 00 00 10 07 01 00 00 00 00 00 10 08 01 00 00 00 00 00 10 09 01 00 00 00 00 00 10 10 01 00 00 00 00 00 10 11 01 00 00 00 00 00 10 12 01 00 00 00 00 00 10 13 01 00 00 00 00 00 10 14 01 00 00 00 00 00 10 15 01 00 00 00 00 00 10 16 01 00 00 00 00 00 10 17 01 00 00 00 00 00 10 18 01 00 00 00 00 00 10 19 01 00 00 00 00 00 10 20 01 00 00 00 00 00 10 A6 16 
14:21:28.852->>>>-发送-68 12 00 43 00 00 00 B0 04 00 10 02 00 03 00 0F 1B 16 
14:21:29.128-<<<<-接收-68 8A 00 83 00 00 00 00 FE 00 10 02 00 F8 02 0F 06 01 00 00 00 00 00 10 07 01 00 00 00 00 00 10 08 01 00 00 00 00 00 10 09 01 00 00 00 00 00 10 10 01 00 00 00 00 00 10 11 01 00 00 00 00 00 10 12 01 00 00 00 00 00 10 13 01 00 00 00 00 00 10 14 01 00 00 00 00 00 10 15 01 00 00 00 00 00 10 16 01 00 00 00 00 00 10 17 01 00 00 00 00 00 10 18 01 00 00 00 00 00 10 19 01 00 00 00 00 00 10 20 01 00 00 00 00 00 10 A6 16 
14:21:31.036->>>>-发送-68 12 00 43 00 00 00 B0 04 00 10 02 00 03 00 0F 1B 16 
14:21:31.296-<<<<-接收-68 8A 00 83 00 00 00 00 FE 00 10 02 00 F8 02 0F 06 01 00 00 00 00 00 10 07 01 00 00 00 00 00 10 08 01 00 00 00 00 00 10 09 01 00 00 00 00 00 10 10 01 00 00 00 00 00 10 11 01 00 00 00 00 00 10 12 01 00 00 00 00 00 10 13 01 00 00 00 00 00 10 14 01 00 00 00 00 00 10 15 01 00 00 00 00 00 10 16 01 00 00 00 00 00 10 17 01 00 00 00 00 00 10 18 01 00 00 00 00 00 10 19 01 00 00 00 00 00 10 20 01 00 00 00 00 00 10 A6 16 
14:21:33.616->>>>-发送-68 12 00 43 00 00 00 B0 04 00 10 02 00 03 00 0F 1B 16 
14:21:33.892-<<<<-接收-68 8A 00 83 00 00 00 00 FE 00 10 02 00 F8 02 0F 06 01 00 00 00 00 00 10 07 01 00 00 00 00 00 10 08 01 00 00 00 00 00 10 09 01 00 00 00 00 00 10 10 01 00 00 00 00 00 10 11 01 00 00 00 00 00 10 12 01 00 00 00 00 00 10 13 01 00 00 00 00 00 10 14 01 00 00 00 00 00 10 15 01 00 00 00 00 00 10 16 01 00 00 00 00 00 10 17 01 00 00 00 00 00 10 18 01 00 00 00 00 00 10 19 01 00 00 00 00 00 10 20 01 00 00 00 00 00 10 A6 16 
14:21:36.324->>>>-发送-68 12 00 43 00 00 00 B0 04 00 10 02 00 03 00 0F 1B 16 
14:21:36.584-<<<<-接收-68 8A 00 83 00 00 00 00 FE 00 10 02 00 F8 02 0F 06 01 00 00 00 00 00 10 07 01 00 00 00 00 00 10 08 01 00 00 00 00 00 10 09 01 00 00 00 00 00 10 10 01 00 00 00 00 00 10 11 01 00 00 00 00 00 10 12 01 00 00 00 00 00 10 13 01 00 00 00 00 00 10 14 01 00 00 00 00 00 10 15 01 00 00 00 00 00 10 16 01 00 00 00 00 00 10 17 01 00 00 00 00 00 10 18 01 00 00 00 00 00 10 19 01 00 00 00 00 00 10 20 01 00 00 00 00 00 10 A6 16 
14:21:39.124->>>>-发送-68 12 00 43 00 00 00 B0 04 00 10 02 00 03 00 0F 1B 16 
14:21:39.392-<<<<-接收-68 8A 00 83 00 00 00 00 FE 00 10 02 00 F8 02 0F 06 01 00 00 00 00 00 10 07 01 00 00 00 00 00 10 08 01 00 00 00 00 00 10 09 01 00 00 00 00 00 10 10 01 00 00 00 00 00 10 11 01 00 00 00 00 00 10 12 01 00 00 00 00 00 10 13 01 00 00 00 00 00 10 14 01 00 00 00 00 00 10 15 01 00 00 00 00 00 10 16 01 00 00 00 00 00 10 17 01 00 00 00 00 00 10 18 01 00 00 00 00 00 10 19 01 00 00 00 00 00 10 20 01 00 00 00 00 00 10 A6 16 
14:21:41.416->>>>-发送-68 12 00 43 00 00 00 B0 04 00 10 02 00 03 00 0F 1B 16 
14:21:41.692-<<<<-接收-68 8A 00 83 00 00 00 00 FE 00 10 02 00 F8 02 0F 06 01 00 00 00 00 00 10 07 01 00 00 00 00 00 10 08 01 00 00 00 00 00 10 09 01 00 00 00 00 00 10 10 01 00 00 00 00 00 10 11 01 00 00 00 00 00 10 12 01 00 00 00 00 00 10 13 01 00 00 00 00 00 10 14 01 00 00 00 00 00 10 15 01 00 00 00 00 00 10 16 01 00 00 00 00 00 10 17 01 00 00 00 00 00 10 18 01 00 00 00 00 00 10 19 01 00 00 00 00 00 10 20 01 00 00 00 00 00 10 A6 16 
14:21:59.288->>>>-发送-68 12 00 43 00 00 00 B0 04 00 10 02 00 04 00 0F 1C 16 
14:21:59.552-<<<<-接收-68 8A 00 83 00 00 00 00 FE 00 10 02 00 F8 02 0F 21 01 00 00 00 00 00 10 22 01 00 00 00 00 00 10 23 01 00 00 00 00 00 10 24 01 00 00 00 00 00 10 25 01 00 00 00 00 00 10 26 01 00 00 00 00 00 10 27 01 00 00 00 00 00 10 28 01 00 00 00 00 00 10 85 03 00 00 00 00 00 10 86 03 00 00 00 00 00 10 87 03 00 00 00 00 00 10 88 03 00 00 00 00 00 10 89 03 00 00 00 00 00 10 90 03 00 00 00 00 00 10 91 03 00 00 00 00 00 10 91 16 
14:22:00.736->>>>-发送-68 12 00 43 00 00 00 B0 04 00 10 02 00 04 00 0F 1C 16 
14:22:01.000-<<<<-接收-68 8A 00 83 00 00 00 00 FE 00 10 02 00 F8 02 0F 21 01 00 00 00 00 00 10 22 01 00 00 00 00 00 10 23 01 00 00 00 00 00 10 24 01 00 00 00 00 00 10 25 01 00 00 00 00 00 10 26 01 00 00 00 00 00 10 27 01 00 00 00 00 00 10 28 01 00 00 00 00 00 10 85 03 00 00 00 00 00 10 86 03 00 00 00 00 00 10 87 03 00 00 00 00 00 10 88 03 00 00 00 00 00 10 89 03 00 00 00 00 00 10 90 03 00 00 00 00 00 10 91 03 00 00 00 00 00 10 91 16 
14:22:34.349->>>>-发送-68 12 00 43 00 00 00 B0 04 00 10 02 00 04 00 0F 1C 16 
14:22:34.605-<<<<-接收-68 8A 00 83 00 00 00 00 FE 00 10 02 00 F8 02 0F 21 01 00 00 00 00 00 10 22 01 00 00 00 00 00 10 23 01 00 00 00 00 00 10 24 01 00 00 00 00 00 10 25 01 00 00 00 00 00 10 26 01 00 00 00 00 00 10 27 01 00 00 00 00 00 10 28 01 00 00 00 00 00 10 85 03 00 00 00 00 00 10 86 03 00 00 00 00 00 10 87 03 00 00 00 00 00 10 88 03 00 00 00 00 00 10 89 03 00 00 00 00 00 10 90 03 00 00 00 00 00 10 91 03 00 00 00 00 00 10 91 16 
14:22:36.605->>>>-发送-68 12 00 43 00 00 00 B0 04 00 10 02 00 04 00 0F 1C 16 
14:22:36.881-<<<<-接收-68 8A 00 83 00 00 00 00 FE 00 10 02 00 F8 02 0F 21 01 00 00 00 00 00 10 22 01 00 00 00 00 00 10 23 01 00 00 00 00 00 10 24 01 00 00 00 00 00 10 25 01 00 00 00 00 00 10 26 01 00 00 00 00 00 10 27 01 00 00 00 00 00 10 28 01 00 00 00 00 00 10 85 03 00 00 00 00 00 10 86 03 00 00 00 00 00 10 87 03 00 00 00 00 00 10 88 03 00 00 00 00 00 10 89 03 00 00 00 00 00 10 90 03 00 00 00 00 00 10 91 03 00 00 00 00 00 10 91 16 
14:22:37.189->>>>-发送-68 12 00 43 00 00 00 B0 04 00 10 02 00 04 00 0F 1C 16 
14:22:37.453-<<<<-接收-68 8A 00 83 00 00 00 00 FE 00 10 02 00 F8 02 0F 21 01 00 00 00 00 00 10 22 01 00 00 00 00 00 10 23 01 00 00 00 00 00 10 24 01 00 00 00 00 00 10 25 01 00 00 00 00 00 10 26 01 00 00 00 00 00 10 27 01 00 00 00 00 00 10 28 01 00 00 00 00 00 10 85 03 00 00 00 00 00 10 86 03 00 00 00 00 00 10 87 03 00 00 00 00 00 10 88 03 00 00 00 00 00 10 89 03 00 00 00 00 00 10 90 03 00 00 00 00 00 10 91 03 00 00 00 00 00 10 91 16 
14:22:37.685->>>>-发送-68 12 00 43 00 00 00 B0 04 00 10 02 00 04 00 0F 1C 16 
14:22:37.949-<<<<-接收-68 8A 00 83 00 00 00 00 FE 00 10 02 00 F8 02 0F 21 01 00 00 00 00 00 10 22 01 00 00 00 00 00 10 23 01 00 00 00 00 00 10 24 01 00 00 00 00 00 10 25 01 00 00 00 00 00 10 26 01 00 00 00 00 00 10 27 01 00 00 00 00 00 10 28 01 00 00 00 00 00 10 85 03 00 00 00 00 00 10 86 03 00 00 00 00 00 10 87 03 00 00 00 00 00 10 88 03 00 00 00 00 00 10 89 03 00 00 00 00 00 10 90 03 00 00 00 00 00 10 91 03 00 00 00 00 00 10 91 16 
14:22:38.189->>>>-发送-68 12 00 43 00 00 00 B0 04 00 10 02 00 04 00 0F 1C 16 
14:22:38.445-<<<<-接收-68 8A 00 83 00 00 00 00 FE 00 10 02 00 F8 02 0F 21 01 00 00 00 00 00 10 22 01 00 00 00 00 00 10 23 01 00 00 00 00 00 10 24 01 00 00 00 00 00 10 25 01 00 00 00 00 00 10 26 01 00 00 00 00 00 10 27 01 00 00 00 00 00 10 28 01 00 00 00 00 00 10 85 03 00 00 00 00 00 10 86 03 00 00 00 00 00 10 87 03 00 00 00 00 00 10 88 03 00 00 00 00 00 10 89 03 00 00 00 00 00 10 90 03 00 00 00 00 00 10 91 03 00 00 00 00 00 10 91 16 
14:22:38.693->>>>-发送-68 12 00 43 00 00 00 B0 04 00 10 02 00 04 00 0F 1C 16 
14:22:38.961-<<<<-接收-68 8A 00 83 00 00 00 00 FE 00 10 02 00 F8 02 0F 21 01 00 00 00 00 00 10 22 01 00 00 00 00 00 10 23 01 00 00 00 00 00 10 24 01 00 00 00 00 00 10 25 01 00 00 00 00 00 10 26 01 00 00 00 00 00 10 27 01 00 00 00 00 00 10 28 01 00 00 00 00 00 10 85 03 00 00 00 00 00 10 86 03 00 00 00 00 00 10 87 03 00 00 00 00 00 10 88 03 00 00 00 00 00 10 89 03 00 00 00 00 00 10 90 03 00 00 00 00 00 10 91 03 00 00 00 00 00 10 91 16 
14:29:45.910->>>>-发送-68 12 00 43 00 00 00 B0 04 00 10 02 00 06 00 20 2F 16 
14:29:46.010-<<<<-接收-68 10 00 83 F8 F0 00 00 FE 00 00 02 00 01 6C 16 
14:30:05.718->>>>-发送-68 12 00 43 00 00 00 B0 04 00 10 02 00 06 00 18 27 16 
14:30:06.070-<<<<-接收-68 D2 00 83 00 00 00 00 FE 00 10 02 00 F8 02 18 92 03 00 00 00 00 00 10 93 03 00 00 00 00 00 10 94 03 00 00 00 00 00 10 95 03 00 00 00 00 00 10 96 03 00 00 00 00 00 10 97 03 00 00 00 00 00 10 98 03 00 00 00 00 00 10 99 03 00 00 00 00 00 10 00 04 00 00 00 00 00 10 01 04 00 00 00 00 00 10 02 04 00 00 00 00 00 10 03 04 00 00 00 00 00 10 04 04 00 00 00 00 00 10 05 04 00 00 00 00 00 10 06 04 00 00 00 00 00 10 07 04 00 00 00 00 00 10 08 04 00 00 00 00 00 10 09 04 00 00 00 00 00 10 10 04 00 00 00 00 00 10 11 04 00 00 00 00 00 10 12 04 00 00 00 00 00 10 13 04 00 00 00 00 00 10 14 04 00 00 00 00 00 10 15 04 00 00 00 00 00 10 C5 16 
14:30:45.654->>>>-发送-68 12 00 43 00 00 00 B0 04 00 10 02 00 08 00 18 29 16 
14:30:46.022-<<<<-接收-68 D2 00 83 00 00 00 00 FE 00 10 02 00 F8 02 18 16 04 00 00 00 00 00 10 17 04 00 00 00 00 00 10 18 04 00 00 00 00 00 10 19 04 00 00 00 00 00 10 20 04 00 00 00 00 00 10 21 04 00 00 00 00 00 10 22 04 00 00 00 00 00 10 23 04 00 00 00 00 00 10 24 04 00 00 00 00 00 10 25 04 00 00 00 00 00 10 26 04 00 00 00 00 00 10 27 04 00 00 00 00 00 10 28 04 00 00 00 00 00 10 29 04 00 00 00 00 00 10 30 04 00 00 00 00 00 10 31 04 00 00 00 00 00 10 32 04 00 00 00 00 00 10 33 04 00 00 00 00 00 10 34 04 00 00 00 00 00 10 35 04 00 00 00 00 00 10 36 04 00 00 00 00 00 10 37 04 00 00 00 00 00 10 38 04 00 00 00 00 00 10 39 04 00 00 00 00 00 10 5D 16 
14:30:47.454->>>>-发送-68 12 00 43 00 00 00 B0 04 00 10 02 00 08 00 18 29 16 
14:30:47.814-<<<<-接收-68 D2 00 83 00 00 00 00 00 00 10 02 00 F8 02 18 16 04 00 00 00 00 00 10 17 04 00 00 00 00 00 10 18 04 00 00 00 00 00 10 19 04 00 00 00 00 00 10 20 04 00 00 00 00 00 10 21 04 00 00 00 00 00 10 22 04 00 00 00 00 00 10 23 04 00 00 00 00 00 10 24 04 00 00 00 00 00 10 25 04 00 00 00 00 00 10 26 04 00 00 00 00 00 10 27 04 00 00 00 00 00 10 28 04 00 00 00 00 00 10 29 04 00 00 00 00 00 10 30 04 00 00 00 00 00 10 31 04 00 00 00 00 00 10 32 04 00 00 00 00 00 10 33 04 00 00 00 00 00 10 34 04 00 00 00 00 00 10 35 04 00 00 00 00 00 10 36 04 00 00 00 00 00 10 37 04 00 00 00 00 00 10 38 04 00 00 00 00 00 10 39 04 00 00 00 00 00 10 5F 16 
14:30:48.030->>>>-发送-68 12 00 43 00 00 00 B0 04 00 10 02 00 08 00 18 29 16 
14:30:48.390-<<<<-接收-68 D2 00 83 00 00 00 00 00 00 10 02 00 F8 02 18 16 04 00 00 00 00 00 10 17 04 00 00 00 00 00 10 18 04 00 00 00 00 00 10 19 04 00 00 00 00 00 10 20 04 00 00 00 00 00 10 21 04 00 00 00 00 00 10 22 04 00 00 00 00 00 10 23 04 00 00 00 00 00 10 24 04 00 00 00 00 00 10 25 04 00 00 00 00 00 10 26 04 00 00 00 00 00 10 27 04 00 00 00 00 00 10 28 04 00 00 00 00 00 10 29 04 00 00 00 00 00 10 30 04 00 00 00 00 00 10 31 04 00 00 00 00 00 10 32 04 00 00 00 00 00 10 33 04 00 00 00 00 00 10 34 04 00 00 00 00 00 10 35 04 00 00 00 00 00 10 36 04 00 00 00 00 00 10 37 04 00 00 00 00 00 10 38 04 00 00 00 00 00 10 39 04 00 00 00 00 00 10 5F 16 
14:30:52.974->>>>-发送-68 12 00 43 00 00 00 B0 04 00 10 02 00 08 00 18 29 16 
14:30:53.342-<<<<-接收-68 D2 00 83 00 00 00 00 00 00 10 02 00 F8 02 18 16 04 00 00 00 00 00 10 17 04 00 00 00 00 00 10 18 04 00 00 00 00 00 10 19 04 00 00 00 00 00 10 20 04 00 00 00 00 00 10 21 04 00 00 00 00 00 10 22 04 00 00 00 00 00 10 23 04 00 00 00 00 00 10 24 04 00 00 00 00 00 10 25 04 00 00 00 00 00 10 26 04 00 00 00 00 00 10 27 04 00 00 00 00 00 10 28 04 00 00 00 00 00 10 29 04 00 00 00 00 00 10 30 04 00 00 00 00 00 10 31 04 00 00 00 00 00 10 32 04 00 00 00 00 00 10 33 04 00 00 00 00 00 10 34 04 00 00 00 00 00 10 35 04 00 00 00 00 00 10 36 04 00 00 00 00 00 10 37 04 00 00 00 00 00 10 38 04 00 00 00 00 00 10 39 04 00 00 00 00 00 10 5F 16 
14:31:16.454->>>>-发送-68 12 00 43 00 00 00 B0 04 00 10 02 00 20 00 18 41 16 
14:31:16.818-<<<<-接收-68 D2 00 83 00 00 00 00 FE 00 10 02 00 F8 02 18 40 04 00 00 00 00 00 10 41 04 00 00 00 00 00 10 42 04 00 00 00 00 00 10 43 04 00 00 00 00 00 10 44 04 00 00 00 00 00 10 45 04 00 00 00 00 00 10 46 04 00 00 00 00 00 10 47 04 00 00 00 00 00 10 48 04 00 00 00 00 00 10 49 04 00 00 00 00 00 10 50 04 00 00 00 00 00 10 51 04 00 00 00 00 00 10 52 04 00 00 00 00 00 10 53 04 00 00 00 00 00 10 54 04 00 00 00 00 00 10 55 04 00 00 00 00 00 10 56 04 00 00 00 00 00 10 57 04 00 00 00 00 00 10 58 04 00 00 00 00 00 10 59 04 00 00 00 00 00 10 60 04 00 00 00 00 00 10 61 04 00 00 00 00 00 10 62 04 00 00 00 00 00 10 63 04 00 00 00 00 00 10 05 16 
14:32:02.494->>>>-发送-68 12 00 43 00 00 00 B0 04 00 10 02 00 01 00 14 1E 16 
14:32:02.814-<<<<-接收-68 B2 00 83 00 00 00 00 FE 00 10 02 00 F8 02 14 64 04 00 00 00 00 00 10 65 04 00 00 00 00 00 10 66 04 00 00 00 00 00 10 67 04 00 00 00 00 00 10 68 04 00 00 00 00 00 10 69 04 00 00 00 00 00 10 70 04 00 00 00 00 00 10 71 04 00 00 00 00 00 10 72 04 00 00 00 00 00 10 73 04 00 00 00 00 00 10 74 04 00 00 00 00 00 10 75 04 00 00 00 00 00 10 76 04 00 00 00 00 00 10 77 04 00 00 00 00 00 10 78 04 00 00 00 00 00 10 79 04 00 00 00 00 00 10 80 04 00 00 00 00 00 10 81 04 00 00 00 00 00 10 82 04 00 00 00 00 00 10 83 04 00 00 00 00 00 10 2B 16 
14:32:10.478->>>>-发送-68 12 00 43 00 00 00 B0 04 00 10 02 00 01 00 14 1E 16 
14:32:10.802-<<<<-接收-68 B2 00 83 F8 10 00 00 00 00 10 02 00 F8 02 14 64 04 00 00 00 00 00 10 65 04 00 00 00 00 00 10 66 04 00 00 00 00 00 10 67 04 00 00 00 00 00 10 68 04 00 00 00 00 00 10 69 04 00 00 00 00 00 10 70 04 00 00 00 00 00 10 71 04 00 00 00 00 00 10 72 04 00 00 00 00 00 10 73 04 00 00 00 00 00 10 74 04 00 00 00 00 00 10 75 04 00 00 00 00 00 10 76 04 00 00 00 00 00 10 77 04 00 00 00 00 00 10 78 04 00 00 00 00 00 10 79 04 00 00 00 00 00 10 80 04 00 00 00 00 00 10 81 04 00 00 00 00 00 10 82 04 00 00 00 00 00 10 83 04 00 00 00 00 00 10 35 16 
14:39:27.007->>>>-发送-68 12 00 43 00 00 00 B0 04 00 10 02 00 01 00 14 1E 16 
14:39:27.331-<<<<-接收-68 B2 00 83 00 00 00 00 06 00 10 02 00 F8 02 14 64 04 00 00 00 00 00 10 65 04 00 00 00 00 00 10 66 04 00 00 00 00 00 10 67 04 00 00 00 00 00 10 68 04 00 00 00 00 00 10 69 04 00 00 00 00 00 10 70 04 00 00 00 00 00 10 71 04 00 00 00 00 00 10 72 04 00 00 00 00 00 10 73 04 00 00 00 00 00 10 74 04 00 00 00 00 00 10 75 04 00 00 00 00 00 10 76 04 00 00 00 00 00 10 77 04 00 00 00 00 00 10 78 04 00 00 00 00 00 10 79 04 00 00 00 00 00 10 80 04 00 00 00 00 00 10 81 04 00 00 00 00 00 10 82 04 00 00 00 00 00 10 83 04 00 00 00 00 00 10 33 16 
14:40:43.623->>>>-发送-68 0F 00 43 00 00 00 B0 04 00 10 01 00 08 16 
14:40:43.723-<<<<-接收-68 13 00 83 F8 10 00 00 FE 00 10 01 00 F9 02 F8 03 90 16 
14:41:22.264->>>>-发送-68 11 00 43 00 00 00 B0 04 00 F0 10 03 01 10 0B 16 
14:41:22.480-<<<<-接收-68 41 00 83 00 00 00 00 00 00 F0 10 03 08 08 01 00 00 00 00 00 02 00 00 00 00 00 03 00 00 00 00 00 04 00 00 00 00 00 05 00 00 00 00 00 06 00 00 00 00 00 07 00 00 00 00 00 08 00 00 00 00 00 BA 16 
14:48:41.440->>>>-发送-68 11 00 43 00 00 00 B0 04 00 F0 10 03 01 10 0B 16 
14:48:41.564-<<<<-接收-68 10 00 83 F8 F0 00 00 FE 00 00 02 00 13 7E 16 
14:48:59.128->>>>-发送-68 0F 00 43 00 00 00 B0 04 00 01 02 00 FA 16 
14:48:59.936-<<<<-接收-68 15 00 83 28 30 00 00 60 00 00 01 00 00 00 00 00 02 00 3E 16 
14:49:12.576->>>>-发送-68 15 00 43 00 00 00 B0 04 00 05 01 00 22 33 44 55 66 77 C8 16 
14:49:12.780-<<<<-接收-68 15 00 83 F8 F0 00 00 FE 00 00 01 00 00 00 00 00 02 00 6C 16 
14:51:18.610->>>>-发送-68 15 00 43 00 00 00 B0 04 00 05 01 00 22 33 44 55 66 77 C8 16 
14:51:18.734-<<<<-接收-68 10 00 83 F8 10 00 00 00 00 00 02 00 13 A0 16 
14:51:18.818->>>>-发送-68 0F 00 43 00 00 00 B0 04 00 10 01 00 08 16 
14:51:18.918-<<<<-接收-68 13 00 83 60 60 00 00 6E 00 10 01 00 F8 03 F8 03 B8 16 
14:53:03.863->>>>-发送-68 15 00 43 00 00 00 B0 04 00 05 01 00 22 33 44 55 66 77 C8 16 
14:53:03.983-<<<<-接收-68 10 00 83 F8 10 00 00 00 00 00 02 00 13 A0 16 
14:53:04.067->>>>-发送-68 0F 00 43 00 00 00 B0 04 00 10 01 00 08 16 
14:53:04.167-<<<<-接收-68 13 00 83 60 60 00 00 6E 00 10 01 00 F8 02 F8 03 B7 16 
14:53:12.931->>>>-发送-68 0F 00 43 00 00 00 B0 04 00 10 01 00 08 16 
14:53:13.031-<<<<-接收-68 13 00 83 00 00 00 00 FE 00 10 01 00 F8 02 F8 03 87 16 
14:56:27.291->>>>-发送-68 11 00 43 00 00 00 B0 04 00 F0 10 03 01 10 0B 16 
14:56:27.499-<<<<-接收-68 41 00 83 00 00 00 00 00 00 F0 10 03 08 08 01 00 00 00 00 00 02 00 00 00 00 00 03 00 00 00 00 00 04 00 00 00 00 00 05 00 00 00 00 00 06 00 00 00 00 00 07 00 00 00 00 00 08 00 00 00 00 00 BA 16 
16:41:34.554->>>>-发送-68 12 00 43 00 00 00 B0 04 00 10 10 02 01 00 0F 29 16 
16:41:34.991-<<<<-接收-68 35 00 83 F8 F0 00 00 FE 00 10 10 02 03 00 01 00 03 22 33 44 55 66 77 01 00 01 00 40 06 00 00 00 00 00 02 00 01 00 11 33 00 00 00 00 00 03 00 01 00 11 01 16 
