10:26:05.188->>>>-发送-68 0F 00 43 00 00 00 B0 04 00 03 08 00 02 16 
10:26:05.297-<<<<-接收-68 15 00 83 F8 F0 00 00 FE 00 03 08 00 01 00 00 00 00 30 A5 16 
10:26:16.611->>>>-发送-68 0F 00 43 00 00 00 B0 04 00 10 01 00 08 16 
10:26:16.720-<<<<-接收-68 13 00 83 F8 F0 00 00 FE 00 10 01 00 03 00 F8 03 78 16 
10:26:16.783->>>>-发送-68 12 00 43 00 00 00 B0 04 00 10 02 00 01 00 0A 14 16 
10:26:16.939-<<<<-接收-68 2A 00 83 F8 F0 00 00 FE 00 10 02 00 03 00 03 33 00 00 00 00 00 00 10 11 11 11 11 11 11 00 10 06 00 00 00 00 00 00 10 50 16 
12:04:43.662->>>>-发送-68 0F 00 43 00 00 00 B0 04 00 10 01 00 08 16 
12:04:43.772-<<<<-接收-68 13 00 83 F8 F0 00 00 FE 00 10 01 00 00 00 F8 03 75 16 
12:04:43.834->>>>-发送-68 12 00 43 00 00 00 B0 04 00 10 02 00 01 00 0A 14 16 
12:04:43.944-<<<<-接收-68 12 00 83 F8 F0 00 00 FE 00 10 02 00 00 00 00 7B 16 
12:04:55.398->>>>-发送-68 25 00 43 00 00 00 B0 04 00 11 01 00 03 06 00 00 00 00 00 02 00 01 00 00 00 00 02 11 11 11 11 11 11 02 7F 16 
12:04:55.554-<<<<-接收-68 15 00 83 F8 F0 00 00 FE 00 00 01 00 00 00 00 00 02 00 6C 16 
12:09:31.247->>>>-发送-68 0F 00 43 00 00 00 B0 04 00 03 08 00 02 16 
12:09:31.372-<<<<-接收-68 15 00 83 F8 F0 00 00 FE 00 03 08 00 BB BB BB BB BB BB D6 16 
12:09:37.294->>>>-发送-68 0F 00 43 00 00 00 B0 04 00 03 08 00 02 16 
12:09:37.403-<<<<-接收-68 15 00 83 F8 F0 00 00 FE 00 03 08 00 BB BB BB BB BB BB D6 16 
12:09:37.466->>>>-发送-68 15 00 43 00 00 00 B0 04 00 05 01 00 22 33 44 55 66 77 C8 16 
12:09:37.685-<<<<-接收-68 15 00 83 F8 F0 00 00 FE 00 00 01 00 00 00 00 00 02 00 6C 16 
12:09:48.030->>>>-发送-68 0F 00 43 00 00 00 B0 04 00 03 08 00 02 16 
12:09:48.139-<<<<-接收-68 15 00 83 F8 F0 00 00 FE 00 03 08 00 22 33 44 55 66 77 3F 16 
12:53:31.681->>>>-发送-68 0F 00 43 00 00 00 B0 04 00 03 08 00 02 16 
12:53:31.790-<<<<-接收-68 15 00 83 F8 F0 00 00 FE 00 03 08 00 BB BB BB BB BB BB D6 16 
12:53:42.947->>>>-发送-68 0F 00 43 00 00 00 B0 04 00 10 01 00 08 16 
12:53:43.057-<<<<-接收-68 13 00 83 F8 F0 00 00 FE 00 10 01 00 00 00 F8 03 75 16 
12:53:43.119->>>>-发送-68 12 00 43 00 00 00 B0 04 00 10 02 00 01 00 0A 14 16 
12:53:43.244-<<<<-接收-68 12 00 83 F8 F0 00 00 FE 00 10 02 00 00 00 00 7B 16 
12:53:49.729->>>>-发送-68 25 00 43 00 00 00 B0 04 00 11 01 00 03 06 00 00 00 00 00 02 00 01 00 00 00 00 02 11 11 11 11 11 11 02 7F 16 
12:53:49.886-<<<<-接收-68 15 00 83 F8 F0 00 00 FE 00 00 01 00 00 00 00 00 02 00 6C 16 
12:54:57.237->>>>-发送-68 0F 00 43 00 00 00 B0 04 00 01 02 00 FA 16 
12:54:58.080-<<<<-接收-68 15 00 83 F8 F0 00 00 FE 00 00 01 00 00 00 00 00 02 00 6C 16 
12:55:08.066->>>>-发送-68 25 00 43 00 00 00 B0 04 00 11 01 00 03 06 00 00 00 00 00 02 33 00 00 00 00 00 02 11 11 11 11 11 11 02 B1 16 
12:55:08.222-<<<<-接收-68 15 00 83 F8 F0 00 00 FE 00 00 01 00 00 00 00 00 02 00 6C 16 
12:55:57.102->>>>-发送-68 0F 00 43 00 00 00 B0 04 00 03 08 00 02 16 
12:55:57.212-<<<<-接收-68 15 00 83 F8 F0 00 00 FE 00 03 08 00 BB BB BB BB BB BB D6 16 
12:56:03.587->>>>-发送-68 15 00 43 00 00 00 B0 04 00 05 01 00 22 33 44 55 66 77 C8 16 
12:56:03.806-<<<<-接收-68 15 00 83 F8 F0 00 00 FE 00 00 01 00 00 00 00 00 02 00 6C 16 
14:12:45.895->>>>-发送-68 0F 00 43 00 00 00 B0 04 00 10 01 00 08 16 
14:12:46.004-<<<<-接收-68 13 00 83 F8 F0 00 00 FE 00 10 01 00 03 00 F8 03 78 16 
14:12:46.067->>>>-发送-68 12 00 43 00 00 00 B0 04 00 10 02 00 01 00 0A 14 16 
14:12:46.223-<<<<-接收-68 2A 00 83 F8 F0 00 00 FE 00 10 02 00 03 00 03 06 00 00 00 00 00 00 10 33 00 00 00 00 00 00 10 11 11 11 11 11 11 00 10 50 16 
15:35:22.945->>>>-发送-68 0F 00 43 00 00 00 B0 04 00 10 01 00 08 16 
15:35:23.054-<<<<-接收-68 13 00 83 00 00 00 00 FC 00 10 01 00 03 00 F8 03 8E 16 
15:35:23.210->>>>-发送-68 12 00 43 00 00 00 B0 04 00 10 02 00 01 00 0A 14 16 
15:35:23.382-<<<<-接收-68 2A 00 83 00 00 00 00 FC 00 10 02 00 03 00 03 06 00 00 00 00 00 00 10 33 00 00 00 00 00 00 10 11 11 11 11 11 11 00 10 66 16 
15:35:27.383->>>>-发送-68 0F 00 43 00 00 00 B0 04 00 10 01 00 08 16 
15:35:27.508-<<<<-接收-68 13 00 83 00 00 00 00 FC 00 10 01 00 03 00 F8 03 8E 16 
15:35:27.570->>>>-发送-68 12 00 43 00 00 00 B0 04 00 10 02 00 01 00 0A 14 16 
15:35:27.727-<<<<-接收-68 2A 00 83 00 00 00 00 00 00 10 02 00 03 00 03 06 00 00 00 00 00 00 10 33 00 00 00 00 00 00 10 11 11 11 11 11 11 00 10 6A 16 
15:43:31.869->>>>-发送-68 0F 00 43 00 00 00 B0 04 00 10 01 00 08 16 
15:43:31.978-<<<<-接收-68 13 00 83 F8 F0 00 00 FE 00 10 01 00 03 00 F8 03 78 16 
15:43:32.040->>>>-发送-68 12 00 43 00 00 00 B0 04 00 10 02 00 01 00 0A 14 16 
15:43:32.197-<<<<-接收-68 2A 00 83 F8 F0 00 00 FE 00 10 02 00 03 00 03 06 00 00 00 00 00 00 10 33 00 00 00 00 00 00 10 11 11 11 11 11 11 00 10 50 16 
17:17:03.873->>>>-发送-68 0F 00 43 00 00 00 B0 04 00 10 01 00 08 16 
17:17:03.998-<<<<-接收-68 13 00 83 00 00 00 00 FE 00 10 01 00 03 00 F8 03 90 16 
17:17:04.061->>>>-发送-68 12 00 43 00 00 00 B0 04 00 10 02 00 01 00 0A 14 16 
17:17:04.217-<<<<-接收-68 2A 00 83 00 00 00 00 04 00 10 02 00 03 00 03 06 00 00 00 00 00 00 10 33 00 00 00 00 00 00 10 11 11 11 11 11 11 00 10 6E 16 
