10:37:17.342->>>>-发送-68 17 00 43 00 00 00 B0 04 00 11 01 00 01 09 00 00 00 00 10 03 26 16 
10:37:17.452-<<<<-接收-68 15 00 83 08 F0 00 00 FE 00 00 01 00 00 00 00 00 02 00 7C 16 
10:39:54.019->>>>-发送-68 2D 00 43 00 00 00 B0 04 00 13 01 00 03 00 00 1A 68 18 00 43 05 09 00 00 00 00 00 10 86 34 05 02 00 01 00 10 02 00 00 91 04 16 88 16 
10:39:54.128-<<<<-接收-68 10 00 83 08 F0 00 00 FE 00 00 02 00 07 82 16 
10:40:10.630->>>>-发送-68 39 00 43 04 00 00 B0 04 00 11 11 11 11 11 11 09 00 00 00 00 10 13 01 00 03 00 00 1A 68 18 00 43 05 09 00 00 00 00 00 10 86 34 05 02 00 01 00 10 02 00 00 91 04 16 0B 16 
10:40:22.772-<<<<-接收-68 10 00 83 08 10 00 00 00 00 00 02 00 0B A8 16 
10:42:51.444->>>>-发送-68 39 00 43 04 00 00 B0 04 00 11 11 11 11 11 11 09 00 00 00 00 10 13 01 00 03 00 00 1A 68 18 00 43 05 09 00 00 00 00 10 10 17 A1 05 02 00 01 00 10 02 00 00 91 04 16 19 16 
10:42:52.429-<<<<-接收-68 5A 00 83 04 00 00 00 00 00 09 00 00 00 00 10 11 11 11 11 11 11 13 01 00 01 00 03 3B FE FE FE FE 68 35 00 C3 05 09 00 00 00 00 10 10 24 30 85 02 00 01 00 10 02 00 01 01 05 06 00 00 09 AB 06 00 00 02 9E 06 00 00 03 25 06 00 00 02 48 06 00 00 01 9E 00 00 2E C0 16 5B 16 
10:50:38.790->>>>-发送-68 39 00 43 04 00 00 B0 04 00 11 11 11 11 11 11 09 00 00 00 00 10 13 01 00 03 00 00 1A 68 18 00 43 05 09 00 00 00 00 10 10 17 A1 05 02 00 01 00 10 02 00 00 91 04 16 19 16 
10:50:39.603-<<<<-接收-68 5A 00 83 04 00 00 00 00 00 09 00 00 00 00 10 11 11 11 11 11 11 13 01 00 01 00 03 3B FE FE FE FE 68 35 00 C3 05 09 00 00 00 00 10 10 24 30 85 02 00 01 00 10 02 00 01 01 05 06 00 00 09 AB 06 00 00 02 9E 06 00 00 03 25 06 00 00 02 48 06 00 00 01 9E 00 00 2E C0 16 5B 16 
10:50:40.259->>>>-发送-68 39 00 43 04 00 00 B0 04 00 11 11 11 11 11 11 09 00 00 00 00 10 13 01 00 03 00 00 1A 68 18 00 43 05 09 00 00 00 00 10 10 17 A1 05 02 00 01 00 10 02 00 00 91 04 16 19 16 
10:50:40.775-<<<<-接收-68 5A 00 83 04 00 00 00 00 00 09 00 00 00 00 10 11 11 11 11 11 11 13 01 00 00 00 03 3B FE FE FE FE 68 35 00 C3 05 09 00 00 00 00 10 10 24 30 85 02 00 01 00 10 02 00 01 01 05 06 00 00 09 AB 06 00 00 02 9E 06 00 00 03 25 06 00 00 02 48 06 00 00 01 9E 00 00 2E C0 16 5A 16 
10:50:41.181->>>>-发送-68 39 00 43 04 00 00 B0 04 00 11 11 11 11 11 11 09 00 00 00 00 10 13 01 00 03 00 00 1A 68 18 00 43 05 09 00 00 00 00 10 10 17 A1 05 02 00 01 00 10 02 00 00 91 04 16 19 16 
10:50:41.822-<<<<-接收-68 5A 00 83 04 00 00 00 00 00 09 00 00 00 00 10 11 11 11 11 11 11 13 01 00 00 00 03 3B FE FE FE FE 68 35 00 C3 05 09 00 00 00 00 10 10 24 30 85 02 00 01 00 10 02 00 01 01 05 06 00 00 09 AB 06 00 00 02 9E 06 00 00 03 25 06 00 00 02 48 06 00 00 01 9E 00 00 2E C0 16 5A 16 
10:50:41.978->>>>-发送-68 39 00 43 04 00 00 B0 04 00 11 11 11 11 11 11 09 00 00 00 00 10 13 01 00 03 00 00 1A 68 18 00 43 05 09 00 00 00 00 10 10 17 A1 05 02 00 01 00 10 02 00 00 91 04 16 19 16 
10:50:42.822-<<<<-接收-68 5A 00 83 04 00 00 00 00 00 09 00 00 00 00 10 11 11 11 11 11 11 13 01 00 01 00 03 3B FE FE FE FE 68 35 00 C3 05 09 00 00 00 00 10 10 24 30 85 02 00 01 00 10 02 00 01 01 05 06 00 00 09 AB 06 00 00 02 9E 06 00 00 03 25 06 00 00 02 48 06 00 00 01 9E 00 00 2E C0 16 5B 16 
10:50:43.088->>>>-发送-68 39 00 43 04 00 00 B0 04 00 11 11 11 11 11 11 09 00 00 00 00 10 13 01 00 03 00 00 1A 68 18 00 43 05 09 00 00 00 00 10 10 17 A1 05 02 00 01 00 10 02 00 00 91 04 16 19 16 
10:50:43.744-<<<<-接收-68 5A 00 83 04 00 00 00 00 00 09 00 00 00 00 10 11 11 11 11 11 11 13 01 00 00 00 03 3B FE FE FE FE 68 35 00 C3 05 09 00 00 00 00 10 10 24 30 85 02 00 01 00 10 02 00 01 01 05 06 00 00 09 AB 06 00 00 02 9E 06 00 00 03 25 06 00 00 02 48 06 00 00 01 9E 00 00 2E C0 16 5A 16 
10:50:44.025->>>>-发送-68 39 00 43 04 00 00 B0 04 00 11 11 11 11 11 11 09 00 00 00 00 10 13 01 00 03 00 00 1A 68 18 00 43 05 09 00 00 00 00 10 10 17 A1 05 02 00 01 00 10 02 00 00 91 04 16 19 16 
10:50:44.979-<<<<-接收-68 5A 00 83 04 00 00 00 00 00 09 00 00 00 00 10 11 11 11 11 11 11 13 01 00 01 00 03 3B FE FE FE FE 68 35 00 C3 05 09 00 00 00 00 10 10 24 30 85 02 00 01 00 10 02 00 01 01 05 06 00 00 09 AB 06 00 00 02 9E 06 00 00 03 25 06 00 00 02 48 06 00 00 01 9E 00 00 2E C0 16 5B 16 
10:50:49.823->>>>-发送-68 39 00 43 04 00 00 B0 04 00 11 11 11 11 11 11 09 00 00 00 00 10 13 01 00 03 00 00 1A 68 18 00 43 05 09 00 00 00 00 10 10 17 A1 05 02 00 01 00 10 02 00 00 91 04 16 19 16 
10:51:01.965-<<<<-接收-68 10 00 83 08 10 00 00 00 00 00 02 00 0B A8 16 
10:51:06.262->>>>-发送-68 39 00 43 04 00 00 B0 04 00 11 11 11 11 11 11 09 00 00 00 00 10 13 01 00 03 00 00 1A 68 18 00 43 05 09 00 00 00 00 10 10 17 A1 05 02 00 01 00 10 02 00 00 91 04 16 19 16 
10:51:18.404-<<<<-接收-68 10 00 83 08 10 00 00 00 00 00 02 00 0B A8 16 
10:51:51.767->>>>-发送-68 39 00 43 04 00 00 B0 04 00 11 11 11 11 11 11 09 00 00 00 00 10 13 01 00 03 00 00 1A 68 18 00 43 05 09 00 00 00 00 10 10 17 A1 05 02 00 01 00 10 02 00 00 91 04 16 19 16 
10:51:52.376-<<<<-接收-68 5A 00 83 04 00 00 00 00 00 09 00 00 00 00 10 11 11 11 11 11 11 13 01 00 00 00 03 3B FE FE FE FE 68 35 00 C3 05 09 00 00 00 00 10 10 24 30 85 02 00 01 00 10 02 00 01 01 05 06 00 00 09 AB 06 00 00 02 9E 06 00 00 03 25 06 00 00 02 48 06 00 00 01 9E 00 00 2E C0 16 5A 16 
10:51:52.876->>>>-发送-68 39 00 43 04 00 00 B0 04 00 11 11 11 11 11 11 09 00 00 00 00 10 13 01 00 03 00 00 1A 68 18 00 43 05 09 00 00 00 00 10 10 17 A1 05 02 00 01 00 10 02 00 00 91 04 16 19 16 
10:51:55.220-<<<<-接收-68 5A 00 83 04 00 00 00 00 00 09 00 00 00 00 10 11 11 11 11 11 11 13 01 00 02 00 03 3B FE FE FE FE 68 35 00 C3 05 09 00 00 00 00 10 10 24 30 85 02 00 01 00 10 02 00 01 01 05 06 00 00 09 AB 06 00 00 02 9E 06 00 00 03 25 06 00 00 02 48 06 00 00 01 9E 00 00 2E C0 16 5C 16 
10:52:02.502->>>>-发送-68 39 00 43 04 00 00 B0 04 00 11 11 11 11 11 11 09 00 00 00 00 10 13 01 00 03 00 00 1A 68 18 00 43 05 09 00 00 00 00 10 10 17 A1 05 02 00 01 00 10 02 00 00 91 04 16 19 16 
10:52:03.221-<<<<-接收-68 5A 00 83 04 00 00 00 00 00 09 00 00 00 00 10 11 11 11 11 11 11 13 01 00 01 00 03 3B FE FE FE FE 68 35 00 C3 05 09 00 00 00 00 10 10 24 30 85 02 00 01 00 10 02 00 01 01 05 06 00 00 09 AB 06 00 00 02 9E 06 00 00 03 25 06 00 00 02 48 06 00 00 01 9E 00 00 2E C0 16 5B 16 
10:52:03.846->>>>-发送-68 39 00 43 04 00 00 B0 04 00 11 11 11 11 11 11 09 00 00 00 00 10 13 01 00 03 00 00 1A 68 18 00 43 05 09 00 00 00 00 10 10 17 A1 05 02 00 01 00 10 02 00 00 91 04 16 19 16 
10:52:04.815-<<<<-接收-68 5A 00 83 04 00 00 00 00 00 09 00 00 00 00 10 11 11 11 11 11 11 13 01 00 01 00 03 3B FE FE FE FE 68 35 00 C3 05 09 00 00 00 00 10 10 24 30 85 02 00 01 00 10 02 00 01 01 05 06 00 00 09 AB 06 00 00 02 9E 06 00 00 03 25 06 00 00 02 48 06 00 00 01 9E 00 00 2E C0 16 5B 16 
10:52:05.206->>>>-发送-68 39 00 43 04 00 00 B0 04 00 11 11 11 11 11 11 09 00 00 00 00 10 13 01 00 03 00 00 1A 68 18 00 43 05 09 00 00 00 00 10 10 17 A1 05 02 00 01 00 10 02 00 00 91 04 16 19 16 
10:52:05.706-<<<<-接收-68 5A 00 83 04 00 00 00 00 00 09 00 00 00 00 10 11 11 11 11 11 11 13 01 00 00 00 03 3B FE FE FE FE 68 35 00 C3 05 09 00 00 00 00 10 10 24 30 85 02 00 01 00 10 02 00 01 01 05 06 00 00 09 AB 06 00 00 02 9E 06 00 00 03 25 06 00 00 02 48 06 00 00 01 9E 00 00 2E C0 16 5A 16 
10:52:06.315->>>>-发送-68 39 00 43 04 00 00 B0 04 00 11 11 11 11 11 11 09 00 00 00 00 10 13 01 00 03 00 00 1A 68 18 00 43 05 09 00 00 00 00 10 10 17 A1 05 02 00 01 00 10 02 00 00 91 04 16 19 16 
10:52:07.034-<<<<-接收-68 5A 00 83 04 00 00 00 00 00 09 00 00 00 00 10 11 11 11 11 11 11 13 01 00 00 00 03 3B FE FE FE FE 68 35 00 C3 05 09 00 00 00 00 10 10 24 30 85 02 00 01 00 10 02 00 01 01 05 06 00 00 09 AB 06 00 00 02 9E 06 00 00 03 25 06 00 00 02 48 06 00 00 01 9E 00 00 2E C0 16 5A 16 
10:52:07.331->>>>-发送-68 39 00 43 04 00 00 B0 04 00 11 11 11 11 11 11 09 00 00 00 00 10 13 01 00 03 00 00 1A 68 18 00 43 05 09 00 00 00 00 10 10 17 A1 05 02 00 01 00 10 02 00 00 91 04 16 19 16 
10:52:08.066-<<<<-接收-68 5A 00 83 04 00 00 00 00 00 09 00 00 00 00 10 11 11 11 11 11 11 13 01 00 01 00 03 3B FE FE FE FE 68 35 00 C3 05 09 00 00 00 00 10 10 24 30 85 02 00 01 00 10 02 00 01 01 05 06 00 00 09 AB 06 00 00 02 9E 06 00 00 03 25 06 00 00 02 48 06 00 00 01 9E 00 00 2E C0 16 5B 16 
10:52:08.300->>>>-发送-68 39 00 43 04 00 00 B0 04 00 11 11 11 11 11 11 09 00 00 00 00 10 13 01 00 03 00 00 1A 68 18 00 43 05 09 00 00 00 00 10 10 17 A1 05 02 00 01 00 10 02 00 00 91 04 16 19 16 
10:52:08.956-<<<<-接收-68 5A 00 83 04 00 00 00 00 00 09 00 00 00 00 10 11 11 11 11 11 11 13 01 00 00 00 03 3B FE FE FE FE 68 35 00 C3 05 09 00 00 00 00 10 10 24 30 85 02 00 01 00 10 02 00 01 01 05 06 00 00 09 AB 06 00 00 02 9E 06 00 00 03 25 06 00 00 02 48 06 00 00 01 9E 00 00 2E C0 16 5A 16 
10:52:09.191->>>>-发送-68 39 00 43 04 00 00 B0 04 00 11 11 11 11 11 11 09 00 00 00 00 10 13 01 00 03 00 00 1A 68 18 00 43 05 09 00 00 00 00 10 10 17 A1 05 02 00 01 00 10 02 00 00 91 04 16 19 16 
10:52:09.941-<<<<-接收-68 5A 00 83 04 00 00 00 00 00 09 00 00 00 00 10 11 11 11 11 11 11 13 01 00 01 00 03 
10:52:11.035->>>>-发送-68 39 00 43 04 00 00 B0 04 00 11 11 11 11 11 11 09 00 00 00 00 10 13 01 00 03 00 00 1A 68 18 00 43 05 09 00 00 00 00 10 10 17 A1 05 02 00 01 00 10 02 00 00 91 04 16 19 16 
10:52:11.582-<<<<-接收-68 5A 00 83 04 00 00 00 00 00 09 00 00 00 00 10 11 11 11 11 11 11 13 01 00 00 00 03 3B FE FE FE FE 68 35 00 C3 05 09 00 00 00 00 10 10 24 30 85 02 00 01 00 10 02 00 01 01 05 06 00 00 09 AB 06 00 00 02 9E 06 00 00 03 25 06 00 00 02 48 06 00 00 01 9E 00 00 2E C0 16 5A 16 
10:52:11.800->>>>-发送-68 39 00 43 04 00 00 B0 04 00 11 11 11 11 11 11 09 00 00 00 00 10 13 01 00 03 00 00 1A 68 18 00 43 05 09 00 00 00 00 10 10 17 A1 05 02 00 01 00 10 02 00 00 91 04 16 19 16 
10:52:12.503-<<<<-接收-68 5A 00 83 04 00 00 00 00 00 09 00 00 00 00 10 11 11 11 11 11 11 13 01 00 00 00 03 3B FE FE FE FE 68 35 00 C3 05 09 00 00 00 00 10 10 24 30 85 02 00 01 00 10 02 00 01 01 05 06 00 00 09 AB 06 00 00 02 9E 06 00 00 03 25 06 00 00 02 48 06 00 00 01 9E 00 00 2E C0 16 5A 16 
10:52:13.269->>>>-发送-68 39 00 43 04 00 00 B0 04 00 11 11 11 11 11 11 09 00 00 00 00 10 13 01 00 03 00 00 1A 68 18 00 43 05 09 00 00 00 00 10 10 17 A1 05 02 00 01 00 10 02 00 00 91 04 16 19 16 
10:52:14.410-<<<<-接收-68 5A 00 83 04 00 00 00 00 00 09 00 00 00 00 10 11 11 11 11 11 11 13 01 00 01 00 03 3B FE FE FE FE 68 35 00 C3 05 09 00 00 00 00 10 10 24 30 85 02 00 01 00 10 02 00 01 01 05 06 00 00 09 AB 06 00 00 02 9E 06 00 00 03 25 06 00 00 02 48 06 00 00 01 9E 00 00 2E C0 16 5B 16 
10:52:15.348->>>>-发送-68 39 00 43 04 00 00 B0 04 00 11 11 11 11 11 11 09 00 00 00 00 10 13 01 00 03 00 00 1A 68 18 00 43 05 09 00 00 00 00 10 10 17 A1 05 02 00 01 00 10 02 00 00 91 04 16 19 16 
10:52:16.019-<<<<-接收-68 5A 00 83 04 00 00 00 00 00 09 00 00 00 00 10 11 11 11 11 11 11 13 01 00 00 00 03 3B FE FE FE FE 68 35 00 C3 05 09 00 00 00 00 10 10 24 30 85 02 00 01 00 10 02 00 01 01 05 06 00 00 09 AB 06 00 00 02 9E 06 00 00 03 25 06 00 00 02 48 06 00 00 01 9E 00 00 2E C0 16 5A 16 
10:52:16.441->>>>-发送-68 39 00 43 04 00 00 B0 04 00 11 11 11 11 11 11 09 00 00 00 00 10 13 01 00 03 00 00 1A 68 18 00 43 05 09 00 00 00 00 10 10 17 A1 05 02 00 01 00 10 02 00 00 91 04 16 19 16 
10:52:16.926-<<<<-接收-68 5A 00 83 04 00 00 00 00 00 09 00 00 00 00 10 11 11 11 11 11 11 13 01 00 00 00 03 3B FE FE FE FE 68 35 00 C3 05 09 00 00 00 00 10 10 24 30 85 02 00 01 00 10 02 00 01 01 05 06 00 00 09 AB 06 00 00 02 9E 06 00 00 03 25 06 00 00 02 48 06 00 00 01 9E 00 00 2E C0 16 5A 16 
10:52:17.426->>>>-发送-68 39 00 43 04 00 00 B0 04 00 11 11 11 11 11 11 09 00 00 00 00 10 13 01 00 03 00 00 1A 68 18 00 43 05 09 00 00 00 00 10 10 17 A1 05 02 00 01 00 10 02 00 00 91 04 16 19 16 
10:52:17.926-<<<<-接收-68 5A 00 83 04 00 00 00 00 00 09 00 00 00 00 10 11 11 11 11 11 11 13 01 00 00 00 03 3B FE FE FE FE 68 35 00 C3 05 09 00 00 00 00 10 10 24 30 85 02 00 01 00 10 02 00 01 01 05 06 00 00 09 AB 06 00 00 02 9E 06 00 00 03 25 06 00 00 02 48 06 00 00 01 9E 00 00 2E C0 16 5A 16 
10:52:21.051->>>>-发送-68 39 00 43 04 00 00 B0 04 00 11 11 11 11 11 11 09 00 00 00 00 10 13 01 00 03 00 00 1A 68 18 00 43 05 09 00 00 00 00 10 10 17 A1 05 02 00 01 00 10 02 00 00 91 04 16 19 16 
10:52:21.786-<<<<-接收-68 5A 00 83 04 00 00 00 00 00 09 00 00 00 00 10 11 11 11 11 11 11 13 01 00 01 00 03 3B FE FE FE FE 68 35 00 C3 05 09 00 00 00 00 10 10 24 30 85 02 00 01 00 10 02 00 01 01 05 06 00 00 09 AB 06 00 00 02 9E 06 00 00 03 25 06 00 00 02 48 06 00 00 01 9E 00 00 2E C0 16 5B 16 
10:52:23.161->>>>-发送-68 39 00 43 04 00 00 B0 04 00 11 11 11 11 11 11 09 00 00 00 00 10 13 01 00 03 00 00 1A 68 18 00 43 05 09 00 00 00 00 10 10 17 A1 05 02 00 01 00 10 02 00 00 91 04 16 19 16 
10:52:24.349-<<<<-接收-68 5A 00 83 04 00 00 00 00 00 09 00 00 00 00 10 11 11 11 11 11 11 13 01 00 01 00 03 3B FE FE FE FE 68 35 00 C3 05 09 00 00 00 00 10 10 24 30 85 02 00 01 00 10 02 00 01 01 05 06 00 00 09 AB 06 00 00 02 9E 06 00 00 03 25 06 00 00 02 48 06 00 00 01 9E 00 00 2E C0 16 5B 16 
10:52:24.583->>>>-发送-68 39 00 43 04 00 00 B0 04 00 11 11 11 11 11 11 09 00 00 00 00 10 13 01 00 03 00 00 1A 68 18 00 43 05 09 00 00 00 00 10 10 17 A1 05 02 00 01 00 10 02 00 00 91 04 16 19 16 
10:52:25.255-<<<<-接收-68 5A 00 83 04 00 00 00 00 00 09 00 00 00 00 10 11 11 11 11 11 11 13 01 00 00 00 03 3B FE FE FE FE 68 35 00 C3 05 09 00 00 00 00 10 10 24 30 85 02 00 01 00 10 02 00 01 01 05 06 00 00 09 AB 06 00 00 02 9E 06 00 00 03 25 06 00 00 02 48 06 00 00 01 9E 00 00 2E C0 16 5A 16 
10:52:26.161->>>>-发送-68 39 00 43 04 00 00 B0 04 00 11 11 11 11 11 11 09 00 00 00 00 10 13 01 00 03 00 00 1A 68 18 00 43 05 09 00 00 00 00 10 10 17 A1 05 02 00 01 00 10 02 00 00 91 04 16 19 16 
10:52:26.864-<<<<-接收-68 5A 00 83 04 00 00 00 00 00 09 00 00 00 00 10 11 11 11 11 11 11 13 01 00 00 00 03 3B FE FE FE FE 68 35 00 C3 05 09 00 00 00 00 10 10 24 30 85 02 00 01 00 10 02 00 01 01 05 06 00 00 09 AB 06 00 00 02 9E 06 00 00 03 25 06 00 00 02 48 06 00 00 01 9E 00 00 2E C0 16 5A 16 
10:52:27.646->>>>-发送-68 39 00 43 04 00 00 B0 04 00 11 11 11 11 11 11 09 00 00 00 00 10 13 01 00 03 00 00 1A 68 18 00 43 05 09 00 00 00 00 10 10 17 A1 05 02 00 01 00 10 02 00 00 91 04 16 19 16 
10:52:28.193-<<<<-接收-68 5A 00 83 04 00 00 00 00 00 09 00 00 00 00 10 11 11 11 11 11 11 13 01 00 00 00 03 3B FE FE FE FE 68 35 00 C3 05 09 00 00 00 00 10 10 24 30 85 02 00 01 00 10 02 00 01 01 05 06 00 00 09 AB 06 00 00 02 9E 06 00 00 03 25 06 00 00 02 48 06 00 00 01 9E 00 00 2E C0 16 5A 16 
10:52:28.708->>>>-发送-68 39 00 43 04 00 00 B0 04 00 11 11 11 11 11 11 09 00 00 00 00 10 13 01 00 03 00 00 1A 68 18 00 43 05 09 00 00 00 00 10 10 17 A1 05 02 00 01 00 10 02 00 00 91 04 16 19 16 
10:52:29.208-<<<<-接收-68 5A 00 83 04 00 00 00 00 00 09 00 00 00 00 10 11 11 11 11 11 11 13 01 00 00 00 03 3B FE FE FE FE 68 35 00 C3 05 09 00 00 00 00 10 10 24 30 85 02 00 01 00 10 02 00 01 01 05 06 00 00 09 AB 06 00 00 02 9E 06 00 00 03 25 06 00 00 02 48 06 00 00 01 9E 00 00 2E C0 16 5A 16 
10:52:29.599->>>>-发送-68 39 00 43 04 00 00 B0 04 00 11 11 11 11 11 11 09 00 00 00 00 10 13 01 00 03 00 00 1A 68 18 00 43 05 09 00 00 00 00 10 10 17 A1 05 02 00 01 00 10 02 00 00 91 04 16 19 16 
10:52:30.115-<<<<-接收-68 5A 00 83 04 00 00 00 00 00 09 00 00 00 00 10 11 11 11 11 11 11 13 01 00 00 00 03 3B FE FE FE FE 68 35 00 C3 05 09 00 00 00 00 10 10 24 30 85 02 00 01 00 10 02 00 01 01 05 06 00 00 09 AB 06 00 00 02 9E 06 00 00 03 25 06 00 00 02 48 06 00 00 01 9E 00 00 2E C0 16 5A 16 
10:52:30.521->>>>-发送-68 39 00 43 04 00 00 B0 04 00 11 11 11 11 11 11 09 00 00 00 00 10 13 01 00 03 00 00 1A 68 18 00 43 05 09 00 00 00 00 10 10 17 A1 05 02 00 01 00 10 02 00 00 91 04 16 19 16 
10:52:31.130-<<<<-接收-68 5A 00 83 04 00 00 00 00 00 09 00 00 00 00 10 11 11 11 11 11 11 13 01 00 00 00 03 3B FE FE FE FE 68 35 00 C3 05 09 00 00 00 00 10 10 24 30 85 02 00 01 00 10 02 00 01 01 05 06 00 00 09 AB 06 00 00 02 9E 06 00 00 03 25 06 00 00 02 48 06 00 00 01 9E 00 00 2E C0 16 5A 16 
10:52:31.427->>>>-发送-68 39 00 43 04 00 00 B0 04 00 11 11 11 11 11 11 09 00 00 00 00 10 13 01 00 03 00 00 1A 68 18 00 43 05 09 00 00 00 00 10 10 17 A1 05 02 00 01 00 10 02 00 00 91 04 16 19 16 
10:52:32.193-<<<<-接收-68 5A 00 83 04 00 00 00 00 00 09 00 00 00 00 10 11 11 11 11 11 11 13 01 00 01 00 03 3B FE FE FE FE 68 35 00 C3 05 09 00 00 00 00 10 10 24 30 85 02 00 01 00 10 02 00 01 01 05 06 00 00 09 AB 06 00 00 02 9E 06 00 00 03 25 06 00 00 02 48 06 00 00 01 9E 00 00 2E C0 16 5B 16 
10:52:32.412->>>>-发送-68 39 00 43 04 00 00 B0 04 00 11 11 11 11 11 11 09 00 00 00 00 10 13 01 00 03 00 00 1A 68 18 00 43 05 09 00 00 00 00 10 10 17 A1 05 02 00 01 00 10 02 00 00 91 04 16 19 16 
10:52:33.053-<<<<-接收-68 5A 00 83 04 00 00 00 00 00 09 00 00 00 00 10 11 11 11 11 11 11 13 01 00 00 00 03 3B FE FE FE FE 68 35 00 C3 05 09 00 00 00 00 10 10 24 30 85 02 00 01 00 10 02 00 01 01 05 06 00 00 09 AB 06 00 00 02 9E 06 00 00 03 25 06 00 00 02 48 06 00 00 01 9E 00 00 2E C0 16 5A 16 
10:52:33.334->>>>-发送-68 39 00 43 04 00 00 B0 04 00 11 11 11 11 11 11 09 00 00 00 00 10 13 01 00 03 00 00 1A 68 18 00 43 05 09 00 00 00 00 10 10 17 A1 05 02 00 01 00 10 02 00 00 91 04 16 19 16 
10:52:34.084-<<<<-接收-68 5A 00 83 04 00 00 00 00 00 09 00 00 00 00 10 11 11 11 11 11 11 13 01 00 01 00 03 3B FE FE FE FE 68 35 00 C3 05 09 00 00 00 00 10 10 24 30 85 02 00 01 00 10 02 00 01 01 05 06 00 00 09 AB 06 00 00 02 9E 06 00 00 03 25 06 00 00 02 48 06 00 00 01 9E 00 00 2E C0 16 5B 16 
10:52:34.303->>>>-发送-68 39 00 43 04 00 00 B0 04 00 11 11 11 11 11 11 09 00 00 00 00 10 13 01 00 03 00 00 1A 68 18 00 43 05 09 00 00 00 00 10 10 17 A1 05 02 00 01 00 10 02 00 00 91 04 16 19 16 
10:52:34.975-<<<<-接收-68 5A 00 83 0C 10 00 00 00 00 09 00 00 00 00 10 11 11 11 11 11 11 13 01 00 00 00 03 3B FE FE FE FE 68 35 00 C3 05 09 00 00 00 00 10 10 24 30 85 02 00 01 00 10 02 00 01 01 05 06 00 00 09 AB 06 00 00 02 9E 06 00 00 03 25 06 00 00 02 48 06 00 00 01 9E 00 00 2E C0 16 72 16 
10:52:36.490->>>>-发送-68 39 00 43 04 00 00 B0 04 00 11 11 11 11 11 11 09 00 00 00 00 10 13 01 00 03 00 00 1A 68 18 00 43 05 09 00 00 00 00 10 10 17 A1 05 02 00 01 00 10 02 00 00 91 04 16 19 16 
10:52:37.131-<<<<-接收-68 5A 00 83 04 00 00 00 00 00 09 00 00 00 00 10 11 11 11 11 11 11 13 01 00 00 00 03 3B FE FE FE FE 68 35 00 C3 05 09 00 00 00 00 10 10 24 30 85 02 00 01 00 10 02 00 01 01 05 06 00 00 09 AB 06 00 00 02 9E 06 00 00 03 25 06 00 00 02 48 06 00 00 01 9E 00 00 2E C0 16 5A 16 
10:52:37.522->>>>-发送-68 39 00 43 04 00 00 B0 04 00 11 11 11 11 11 11 09 00 00 00 00 10 13 01 00 03 00 00 1A 68 18 00 43 05 09 00 00 00 00 10 10 17 A1 05 02 00 01 00 10 02 00 00 91 04 16 19 16 
10:52:38.194-<<<<-接收-68 5A 00 83 04 00 00 00 00 00 09 00 00 00 00 10 11 11 11 11 11 11 13 01 00 00 00 03 3B FE FE FE FE 68 35 00 C3 05 09 00 00 00 00 10 10 24 30 85 02 00 01 00 10 02 00 01 01 05 06 00 00 09 AB 06 00 00 02 9E 06 00 00 03 25 06 00 00 02 48 06 00 00 01 9E 00 00 2E C0 16 5A 16 
10:52:39.006->>>>-发送-68 39 00 43 04 00 00 B0 04 00 11 11 11 11 11 11 09 00 00 00 00 10 13 01 00 03 00 00 1A 68 18 00 43 05 09 00 00 00 00 10 10 17 A1 05 02 00 01 00 10 02 00 00 91 04 16 19 16 
10:52:39.788-<<<<-接收-68 5A 00 83 04 00 00 00 00 00 09 00 00 00 00 10 11 11 11 11 11 11 13 01 00 01 00 03 3B FE FE FE FE 68 35 00 C3 05 09 00 00 00 00 10 10 24 30 85 02 00 01 00 10 02 00 01 01 05 06 00 00 09 AB 06 00 00 02 9E 06 00 00 03 25 06 00 00 02 48 06 00 00 01 9E 00 00 2E C0 16 5B 16 
16:28:41.191->>>>-发送-68 0F 00 43 00 00 00 B0 04 00 10 01 00 08 16 
16:28:41.270-<<<<-接收-68 13 00 83 08 10 00 00 06 00 10 01 00 94 01 F8 03 42 16 
16:29:07.298->>>>-发送-68 0F 00 43 00 00 00 B0 04 00 10 01 00 08 16 
16:29:07.376-<<<<-接收-68 13 00 83 00 00 00 00 00 00 10 01 00 F8 01 F8 03 88 16 
16:29:29.706->>>>-发送-68 0F 00 43 00 00 00 B0 04 00 10 01 00 08 16 
16:29:29.784-<<<<-接收-68 13 00 83 00 00 00 00 00 00 10 01 00 C0 02 F8 03 51 16 
16:30:08.398->>>>-发送-68 0F 00 43 00 00 00 B0 04 00 10 01 00 08 16 
16:30:08.476-<<<<-接收-68 13 00 83 00 00 00 00 00 00 10 01 00 EC 03 F8 03 7E 16 
16:31:01.404->>>>-发送-68 0F 00 43 00 00 00 B0 04 00 10 01 00 08 16 
16:31:01.482-<<<<-接收-68 13 00 83 00 00 00 00 00 00 10 01 00 F7 03 F8 03 89 16 
16:36:12.796->>>>-发送-68 0F 00 43 00 00 00 B0 04 00 10 01 00 08 16 
16:36:12.874-<<<<-接收-68 13 00 83 00 00 00 00 00 00 10 01 00 F7 03 F8 03 89 16 
19:40:55.437->>>>-发送-68 12 00 43 00 00 00 00 00 00 10 10 02 01 00 01 67 16 
20:27:19.695->>>>-发送-68 0F 00 43 00 00 00 00 00 01 F0 20 03 57 16 
