16:12:04.562->>>>-发送-68 2E 00 43 04 00 00 B0 04 00 11 11 11 11 11 11 06 00 00 00 00 00 02 01 00 02 11 FE 68 06 00 00 00 00 00 68 11 04 33 32 34 35 B9 16 03 16 
16:16:33.984->>>>-发送-68 2E 00 43 04 00 00 B0 04 00 11 11 11 11 11 11 06 00 00 00 00 00 02 01 00 02 11 FE 68 06 00 00 00 00 00 68 11 04 33 32 34 35 B9 16 03 16 
17:46:33.916->>>>-发送-68 0F 00 43 00 00 00 B0 04 00 10 01 00 08 16 
17:46:35.463-<<<<-接收-68 13 00 83 00 00 00 00 00 00 10 01 00 01 00 F8 07 94 16 
17:46:39.385->>>>-发送-68 12 00 43 00 00 00 B0 04 00 10 02 00 01 00 0A 14 16 
17:46:41.276-<<<<-接收-68 1A 00 83 00 80 00 00 00 00 10 02 00 01 00 01 06 00 00 00 00 00 00 10 2D 16 
17:47:05.638->>>>-发送-68 0F 00 43 00 00 00 B0 04 00 03 80 01 7B 16 
17:47:08.326-<<<<-接收-68 10 00 83 60 60 00 00 66 00 03 80 01 00 2D 16 
17:48:44.351->>>>-发送-68 10 00 43 00 00 00 B0 04 00 05 80 01 01 7E 16 
17:48:45.945-<<<<-接收-68 15 00 83 00 00 00 00 00 00 00 01 00 00 00 00 00 00 00 84 16 
17:48:54.899->>>>-发送-68 0F 00 43 00 00 00 B0 04 00 03 80 01 7B 16 
17:48:57.540-<<<<-接收-68 10 00 83 60 60 00 00 66 00 03 80 01 00 2D 16 
17:49:24.309->>>>-发送-68 0F 00 43 00 00 00 B0 04 00 03 80 01 7B 16 
17:49:26.528-<<<<-接收-68 10 00 83 60 60 00 00 66 00 03 80 01 00 2D 16 
17:49:29.997->>>>-发送-68 0F 00 43 00 00 00 B0 04 00 03 80 01 7B 16 
17:49:32.310-<<<<-接收-68 10 00 83 60 60 00 00 66 00 03 80 01 00 2D 16 
18:00:08.202->>>>-发送-68 11 00 43 00 00 00 B0 04 00 F0 10 03 01 10 0B 16 
18:00:09.968-<<<<-接收-68 17 00 83 00 00 00 00 00 00 F0 10 03 01 01 06 00 00 00 00 00 8E 16 
18:04:43.544->>>>-发送-68 0F 00 43 00 00 00 B0 04 00 03 80 01 7B 16 
18:04:46.310-<<<<-接收-68 10 00 83 60 60 00 00 66 00 03 80 01 00 2D 16 
18:04:46.388->>>>-发送-68 11 00 43 00 00 00 B0 04 00 F0 10 03 01 10 0B 16 
18:04:48.279-<<<<-接收-68 17 00 83 00 00 00 00 00 00 F0 10 03 01 01 06 00 00 00 00 00 8E 16 
