15:51:26.748->>>>-发送-68 0F 00 43 00 00 00 00 00 00 F0 04 00 37 16 
15:51:26.812-<<<<-接收-68 10 00 83 00 00 00 00 00 00 00 02 00 0A 8F 16 
15:51:31.623->>>>-发送-68 0F 00 43 00 00 00 00 00 01 F0 04 00 38 16 
15:51:31.687-<<<<-接收-68 10 00 83 00 00 00 00 00 01 00 02 00 0A 90 16 
15:51:33.757->>>>-发送-68 0F 00 43 00 00 00 00 00 02 12 01 00 58 16 
15:51:33.821-<<<<-接收-68 15 00 83 08 10 00 00 04 02 00 01 00 00 00 00 00 02 00 A4 16 
15:51:36.007->>>>-发送-68 0F 00 43 00 00 00 00 00 03 F0 04 00 3A 16 
15:51:36.062-<<<<-接收-68 10 00 83 08 10 00 00 04 03 00 02 00 0A AE 16 
15:51:36.826->>>>-发送-68 0F 00 43 00 00 00 00 00 04 F0 04 00 3B 16 
15:51:36.891-<<<<-接收-68 10 00 83 00 80 00 00 00 04 00 02 00 0A 13 16 
15:51:52.321->>>>-发送-68 0F 00 43 00 00 00 00 00 05 F0 04 00 3C 16 
15:51:52.376-<<<<-接收-68 10 00 83 00 30 00 00 FE 05 00 02 00 0A C2 16 
15:51:53.949->>>>-发送-68 0F 00 43 00 00 00 00 00 06 12 01 00 5C 16 
15:51:54.022-<<<<-接收-68 15 00 83 00 00 00 00 FE 06 00 01 00 00 00 00 00 02 00 8A 16 
15:51:57.028->>>>-发送-68 0F 00 43 00 00 00 00 00 07 F0 04 00 3E 16 
15:51:57.085-<<<<-接收-68 10 00 83 08 10 00 00 04 07 00 02 00 0A B2 16 
15:52:10.240->>>>-发送-68 0F 00 43 00 00 00 00 00 08 F0 04 00 3F 16 
15:52:10.293-<<<<-接收-68 10 00 83 00 30 00 00 FE 08 00 02 00 0A C5 16 
15:52:23.728->>>>-发送-68 0F 00 43 00 00 00 00 00 09 F0 04 00 40 16 
15:52:23.771-<<<<-接收-68 10 00 83 00 30 00 00 FE 09 00 02 00 0A C6 16 
15:52:27.023->>>>-发送-68 0F 00 43 00 00 00 00 00 0A F0 04 00 41 16 
15:52:27.088-<<<<-接收-68 10 00 83 00 30 00 00 FE 0A 00 02 00 0A C7 16 
15:52:29.445->>>>-发送-68 0F 00 43 00 00 00 00 00 0B 12 02 00 62 16 
15:52:29.511-<<<<-接收-68 15 00 83 00 00 00 00 FE 0B 00 01 00 00 00 00 00 02 00 8F 16 
15:52:29.514->>>>-发送-68 0F 00 43 00 00 00 00 00 0C F0 04 00 43 16 
15:52:29.578-<<<<-接收-68 10 00 83 00 30 00 00 FE 0C 00 02 00 0A C9 16 
15:52:32.959->>>>-发送-68 0F 00 43 00 00 00 00 00 0D 12 01 00 63 16 
15:52:33.033-<<<<-接收-68 15 00 83 00 00 00 00 FE 0D 00 01 00 00 00 00 00 02 00 91 16 
15:52:36.039->>>>-发送-68 0F 00 43 00 00 00 00 00 0E F0 04 00 45 16 
15:52:36.105-<<<<-接收-68 10 00 83 00 30 00 00 FE 0E 00 02 00 0A CB 16 
