12:17:38.103->>>>-发送-68 0F 00 43 00 00 00 B0 04 00 10 01 00 08 16 
12:17:39.918-<<<<-接收-68 13 00 83 00 00 00 00 00 00 10 01 00 01 00 F8 07 94 16 
12:17:39.918->>>>-发送-68 12 00 43 00 00 00 B0 04 00 F0 01 13 01 00 01 FD 16 
12:18:05.868->>>>-发送-68 0F 00 43 00 00 00 B0 04 00 10 01 00 08 16 
12:18:07.569-<<<<-接收-68 13 00 83 00 00 00 00 00 00 10 01 00 01 00 F8 07 94 16 
12:18:07.570->>>>-发送-68 12 00 43 00 00 00 B0 04 00 F0 01 13 01 00 01 FD 16 
12:19:07.441->>>>-发送-68 12 00 43 00 00 00 B0 04 00 10 02 00 01 00 0A 14 16 
12:19:08.810-<<<<-接收-68 1A 00 83 00 00 00 00 FC 00 10 02 00 01 00 01 06 00 00 00 00 00 00 10 A9 16 
12:19:22.837->>>>-发送-68 2E 00 43 04 00 00 B0 04 00 11 11 11 11 11 11 06 00 00 00 00 00 02 01 00 02 11 FE 68 06 00 00 00 00 00 68 11 04 33 32 34 35 B9 16 03 16 
14:42:33.978->>>>-发送-68 1D 00 43 04 00 00 B0 04 00 11 11 11 11 11 11 06 00 00 00 00 00 F0 10 03 01 10 7B 16 
14:42:38.940-<<<<-接收-68 23 00 83 04 00 00 00 00 00 06 00 00 00 00 00 11 11 11 11 11 11 F0 10 03 01 01 06 00 00 00 00 00 FE 16 
14:42:50.841->>>>-发送-68 1E 00 43 04 00 00 B0 04 00 11 11 11 11 11 11 06 00 00 00 00 00 10 02 00 01 00 0A 84 16 
14:42:55.575-<<<<-接收-68 26 00 83 04 00 00 00 04 00 06 00 00 00 00 00 11 11 11 11 11 11 10 02 00 01 00 01 06 00 00 00 00 00 00 10 21 16 
