11:15:01.646->>>>-发送-68 0F 00 43 00 00 00 B0 04 00 10 40 0D 54 16 
11:15:18.789->>>>-发送-68 0F 00 43 00 00 00 B0 04 00 03 80 01 7B 16 
11:15:21.477-<<<<-接收-68 10 00 83 60 60 00 00 66 00 10 40 0D 00 06 16 
11:15:34.337->>>>-发送-68 0F 00 43 00 00 00 B0 04 00 10 40 0D 54 16 
11:16:01.950->>>>-发送-68 12 00 43 00 00 00 B0 04 00 10 10 02 01 00 10 2A 16 
11:16:03.090-<<<<-接收-68 0F 00 83 00 00 00 00 00 00 10 10 02 A5 16 
11:24:41.532->>>>-发送-68 12 00 43 00 00 00 B0 04 00 10 10 02 01 00 10 2A 16 
11:24:41.923-<<<<-接收-68 0F 00 C3 00 00 00 00 00 07 14 02 00 E0 16 
11:25:03.878->>>>-发送-68 0F 00 43 00 00 00 B0 04 00 10 40 0D 54 16 
11:25:24.490->>>>-发送-68 10 00 43 00 00 00 B0 04 00 05 80 01 01 7E 16 
11:25:25.787-<<<<-接收-68 15 00 83 00 00 00 00 00 00 00 01 00 00 00 00 00 00 00 84 16 
11:25:36.210->>>>-发送-68 0F 00 43 00 00 00 B0 04 00 03 80 01 7B 16 
11:25:38.366-<<<<-接收-68 10 00 83 60 60 00 00 66 00 10 10 02 00 CB 16 
11:31:46.652->>>>-发送-68 0F 00 43 00 00 00 B0 04 00 03 80 01 7B 16 
11:31:46.871-<<<<-接收-68 10 00 83 60 60 00 00 66 00 03 80 01 00 2D 16 
11:32:45.752->>>>-发送-68 12 00 43 00 00 00 B0 04 00 10 10 02 01 00 10 2A 16 
11:33:23.912->>>>-发送-68 0F 00 43 00 00 00 B0 04 00 10 40 0D 54 16 
11:33:52.275->>>>-发送-68 0F 00 43 00 00 00 B0 04 00 03 80 01 7B 16 
11:33:54.634-<<<<-接收-68 10 00 83 60 60 00 00 66 00 10 10 02 00 CB 16 
11:39:21.850->>>>-发送-68 0F 00 43 00 00 00 B0 04 00 03 80 01 7B 16 
11:39:24.366-<<<<-接收-68 10 00 83 60 60 00 00 66 00 03 80 01 00 2D 16 
11:39:34.195->>>>-发送-68 0F 00 43 00 00 00 B0 04 00 10 40 0D 54 16 
11:39:36.961-<<<<-接收-68 19 00 83 30 30 00 00 30 00 10 40 0D 01 00 00 00 BB BB BB BB BB BB D3 16 
11:41:03.579->>>>-发送-68 12 00 43 00 00 00 B0 04 00 10 10 02 01 00 10 2A 16 
11:41:05.908-<<<<-接收-68 2A 00 83 08 00 00 00 00 00 10 10 02 00 00 01 00 01 BB BB BB BB BB BB 01 00 01 00 40 FF FF FF FF FF FF FF FF FF FF FF 48 16 
11:42:19.166->>>>-发送-68 0F 00 43 00 00 00 B0 04 00 05 10 00 0C 16 
11:42:20.291-<<<<-接收-68 10 00 83 30 30 00 00 36 00 00 02 00 0A 25 16 
11:42:29.307->>>>-发送-68 12 00 43 00 00 00 B0 04 00 10 10 02 02 00 10 2B 16 
11:43:21.735->>>>-发送-68 0F 00 43 00 00 00 B0 04 00 03 80 01 7B 16 
11:43:23.219-<<<<-接收-68 10 00 83 30 30 00 00 FE 00 00 02 00 1D 00 16 
11:43:26.438->>>>-发送-68 0F 00 43 00 00 00 B0 04 00 03 80 01 7B 16 
11:43:28.095-<<<<-接收-68 10 00 83 30 30 00 00 00 00 00 02 00 1D 02 16 
11:56:58.118->>>>-发送-68 0F 00 43 00 00 00 B0 04 00 03 80 01 7B 16 
11:57:01.025-<<<<-接收-68 10 00 83 60 60 00 00 FE 00 03 80 01 00 C5 16 
11:57:09.932->>>>-发送-68 0F 00 43 00 00 00 B0 04 00 10 40 0D 54 16 
11:57:12.636-<<<<-接收-68 19 00 83 30 30 00 00 FE 00 10 40 0D 01 FF FF FF BB BB BB BB BB BB 9E 16 
11:57:21.746->>>>-发送-68 0F 00 43 00 00 00 B0 04 00 10 40 0D 54 16 
11:57:24.246-<<<<-接收-68 19 00 83 30 30 00 00 FE 00 10 40 0D 01 FF FF FF BB BB BB BB BB BB 9E 16 
11:57:58.594->>>>-发送-68 12 00 43 00 00 00 B0 04 00 10 10 02 01 00 10 2A 16 
11:58:01.031-<<<<-接收-68 2A 00 83 08 00 00 00 00 00 10 10 02 00 00 01 00 01 BB BB BB BB BB BB 01 00 01 00 40 FF FF FF FF FF FF FF FF FF FF FF 48 16 
12:02:51.843->>>>-发送-68 11 00 43 00 00 00 B0 04 00 F0 10 03 01 10 0B 16 
12:02:53.672-<<<<-接收-68 17 00 83 00 00 00 00 00 00 F0 10 03 01 01 06 00 00 00 00 00 8E 16 
12:05:50.443->>>>-发送-68 0F 00 43 00 00 00 B0 04 00 10 40 0D 54 16 
12:05:52.756-<<<<-接收-68 19 00 83 30 30 00 00 FE 00 10 40 0D 01 00 00 00 BB BB BB BB BB BB A1 16 
12:06:00.975->>>>-发送-68 0F 00 43 00 00 00 B0 04 00 10 40 0D 54 16 
12:06:03.632-<<<<-接收-68 19 00 83 30 30 00 00 FE 00 10 40 0D 01 00 00 00 BB BB BB BB BB BB A1 16 
12:06:20.962->>>>-发送-68 12 00 43 00 00 00 B0 04 00 10 10 02 01 00 10 2A 16 
12:06:23.431-<<<<-接收-68 35 00 83 08 00 00 00 00 00 10 10 02 02 00 01 00 02 BB BB BB BB BB BB 01 00 01 00 40 00 00 00 00 00 06 02 00 01 00 11 FF FF FF FF FF FF FF FF FF FF FF 65 16 
12:06:36.557->>>>-发送-68 12 00 43 00 00 00 B0 04 00 10 10 02 01 00 10 2A 16 
12:06:39.261-<<<<-接收-68 35 00 83 08 00 00 00 00 00 10 10 02 02 00 01 00 02 BB BB BB BB BB BB 01 00 01 00 40 00 00 00 00 00 06 02 00 01 00 11 FF FF FF FF FF FF FF FF FF FF FF 65 16 
12:06:59.790->>>>-发送-68 12 00 43 00 00 00 B0 04 00 10 10 02 02 00 10 2B 16 
12:07:01.946-<<<<-接收-68 1A 00 83 00 00 00 00 10 00 10 10 02 00 00 00 00 00 06 02 00 01 00 11 CF 16 
12:07:14.057->>>>-发送-68 12 00 43 00 00 00 B0 04 00 10 10 02 02 00 10 2B 16 
12:07:16.776-<<<<-接收-68 1A 00 83 10 00 00 00 00 00 10 10 02 00 00 00 00 00 06 02 00 01 00 11 CF 16 
12:15:00.028->>>>-发送-68 12 00 43 00 00 00 B0 04 00 10 10 02 02 00 10 2B 16 
12:15:19.514->>>>-发送-68 0F 00 43 00 00 00 B0 04 00 03 80 01 7B 16 
12:15:22.452-<<<<-接收-68 10 00 83 60 60 00 00 66 00 10 10 02 00 CB 16 
12:15:37.000->>>>-发送-68 0F 00 43 00 00 00 B0 04 00 10 40 0D 54 16 
12:15:39.250-<<<<-接收-68 19 00 83 30 30 00 00 FE 00 03 80 01 01 FF FF FF BB BB BB BB BB BB C5 16 
12:16:08.316->>>>-发送-68 12 00 43 00 00 00 B0 04 00 10 10 02 02 00 10 2B 16 
12:16:43.523->>>>-发送-68 12 00 43 00 00 00 B0 04 00 10 10 02 01 00 10 2A 16 
12:16:46.461-<<<<-接收-68 2A 00 83 F8 10 00 00 00 00 10 40 0D 02 00 01 00 02 BB BB BB BB BB BB 01 00 01 00 40 06 00 00 00 00 00 02 00 01 00 11 AB 16 
12:17:11.787->>>>-发送-68 12 00 43 00 00 00 B0 04 00 10 10 02 01 00 10 2A 16 
12:17:13.130-<<<<-接收-68 10 00 83 30 30 00 00 30 00 00 02 00 1D 32 16 
12:17:28.320->>>>-发送-68 12 00 43 00 00 00 B0 04 00 10 10 02 01 00 10 2A 16 
12:17:29.945-<<<<-接收-68 10 00 83 30 30 00 00 FC 00 00 02 00 1D FE 16 
12:18:32.154->>>>-发送-68 12 00 43 00 00 00 B0 04 00 10 10 02 01 00 10 2A 16 
12:18:34.139-<<<<-接收-68 10 00 83 30 30 00 00 30 00 00 02 00 1D 32 16 
12:20:24.885->>>>-发送-68 0F 00 43 00 00 00 B0 04 00 10 40 0D 54 16 
12:20:26.760-<<<<-接收-68 10 00 83 30 30 00 00 7C 00 00 02 00 1D 7E 16 
12:20:35.777->>>>-发送-68 12 00 43 00 00 00 B0 04 00 10 10 02 01 00 10 2A 16 
12:20:37.637-<<<<-接收-68 10 00 83 30 30 00 00 30 00 00 02 00 1D 32 16 
12:20:59.295->>>>-发送-68 12 00 43 00 00 00 B0 04 00 10 10 02 01 00 10 2A 16 
12:21:01.373-<<<<-接收-68 10 00 83 30 30 00 00 30 00 00 02 00 1D 32 16 
12:21:07.499->>>>-发送-68 0F 00 43 00 00 00 B0 04 00 03 80 01 7B 16 
12:21:09.296-<<<<-接收-68 10 00 83 30 30 00 00 06 00 00 02 00 1D 08 16 
12:22:44.338->>>>-发送-68 0F 00 43 00 00 00 B0 04 00 03 80 01 7B 16 
12:22:47.348-<<<<-接收-68 10 00 83 60 60 00 00 66 00 03 80 01 00 2D 16 
12:23:00.553->>>>-发送-68 0F 00 43 00 00 00 B0 04 00 10 40 0D 54 16 
12:23:03.147-<<<<-接收-68 19 00 83 30 30 00 00 FE 00 10 40 0D 01 F7 C4 F8 BB BB BB BB BB BB 54 16 
12:23:24.009->>>>-发送-68 12 00 43 00 00 00 B0 04 00 10 10 02 01 00 10 2A 16 
12:23:26.868-<<<<-接收-68 2A 00 83 08 00 00 00 00 00 10 10 02 02 00 01 00 02 BB BB BB BB BB BB 01 00 01 00 40 06 00 00 00 00 00 02 00 01 00 11 70 16 
12:23:39.541->>>>-发送-68 12 00 43 00 00 00 B0 04 00 10 10 02 01 00 10 2A 16 
12:23:41.682-<<<<-接收-68 2A 00 83 08 00 00 00 00 00 10 10 02 02 00 01 00 02 BB BB BB BB BB BB 01 00 01 00 40 06 00 00 00 00 00 02 00 01 00 11 70 16 
12:23:43.589->>>>-发送-68 12 00 43 00 00 00 B0 04 00 10 10 02 01 00 10 2A 16 
12:23:46.636-<<<<-接收-68 2A 00 83 08 00 00 00 00 00 10 10 02 02 00 01 00 02 BB BB BB BB BB BB 01 00 01 00 40 06 00 00 00 00 00 02 00 01 00 11 70 16 
12:23:49.199->>>>-发送-68 12 00 43 00 00 00 B0 04 00 10 10 02 01 00 10 2A 16 
12:23:51.590-<<<<-接收-68 2A 00 83 08 00 00 00 00 00 10 10 02 02 00 01 00 02 BB BB BB BB BB BB 01 00 01 00 40 06 00 00 00 00 00 02 00 01 00 11 70 16 
12:24:20.936->>>>-发送-68 12 00 43 00 00 00 B0 04 00 10 10 02 02 00 10 2B 16 
12:24:23.155-<<<<-接收-68 1F 00 83 10 00 00 00 00 00 10 10 02 02 00 02 00 01 06 00 00 00 00 00 02 00 01 00 11 D4 16 
12:24:32.110->>>>-发送-68 12 00 43 00 00 00 B0 04 00 10 10 02 02 00 10 2B 16 
12:24:35.016-<<<<-接收-68 1F 00 83 10 00 00 00 00 00 10 10 02 02 00 02 00 01 06 00 00 00 00 00 02 00 01 00 11 D4 16 
12:24:55.034->>>>-发送-68 12 00 43 00 00 00 B0 04 00 10 10 02 03 00 10 2C 16 
12:24:57.753-<<<<-接收-68 1F 00 83 10 00 00 00 00 00 10 10 02 02 00 03 00 01 06 00 00 00 00 00 02 00 01 00 11 D5 16 
12:25:06.988->>>>-发送-68 12 00 43 00 00 00 B0 04 00 10 10 02 03 00 10 2C 16 
12:25:09.614-<<<<-接收-68 1F 00 83 10 00 00 00 00 00 10 10 02 02 00 03 00 01 06 00 00 00 00 00 02 00 01 00 11 D5 16 
12:26:08.854->>>>-发送-68 12 00 43 00 00 00 B0 04 00 10 10 02 00 00 10 29 16 
12:26:10.901-<<<<-接收-68 10 00 83 00 00 00 00 30 00 00 02 00 05 BA 16 
12:26:52.796->>>>-发送-68 12 00 43 00 00 00 B0 04 00 10 10 02 FC 03 10 28 16 
12:26:55.359-<<<<-接收-68 1F 00 83 10 00 00 00 00 00 10 10 02 02 00 FC 03 01 06 00 00 00 00 00 02 00 01 00 11 D1 16 
14:34:25.216->>>>-发送-68 0F 00 43 00 00 00 B0 04 00 03 80 01 7B 16 
14:34:27.482-<<<<-接收-68 10 00 83 60 60 00 00 66 00 03 80 01 00 2D 16 
14:34:33.905->>>>-发送-68 0F 00 43 00 00 00 B0 04 00 10 40 0D 54 16 
14:34:36.358-<<<<-接收-68 19 00 83 30 30 00 00 FE 00 10 40 0D 01 00 00 0B BB BB BB BB BB BB AC 16 
14:34:44.468->>>>-发送-68 12 00 43 00 00 00 B0 04 00 10 10 02 FC 03 10 28 16 
14:35:21.222->>>>-发送-68 12 00 43 00 00 00 B0 04 00 10 10 02 02 00 10 2B 16 
14:35:59.476->>>>-发送-68 0F 00 43 00 00 00 B0 04 00 10 40 0D 54 16 
14:35:59.695-<<<<-接收-68 19 00 83 30 30 00 00 FE 00 10 40 0D 01 D0 8B 01 BB BB BB BB BB BB FD 16 
14:36:01.289->>>>-发送-68 0F 00 43 00 00 00 B0 04 00 10 40 0D 54 16 
14:36:04.227-<<<<-接收-68 19 00 83 30 30 00 00 FE 00 10 40 0D 01 FF FF FF BB BB BB BB BB BB 9E 16 
14:36:06.821->>>>-发送-68 0F 00 43 00 00 00 B0 04 00 10 40 0D 54 16 
14:36:09.087-<<<<-接收-68 19 00 83 30 30 00 00 FE 00 10 40 0D 01 FF FF FF BB BB BB BB BB BB 9E 16 
14:36:15.290->>>>-发送-68 12 00 43 00 00 00 B0 04 00 10 10 02 02 00 10 2B 16 
14:37:03.327->>>>-发送-68 12 00 43 00 00 00 B0 04 00 10 10 02 01 00 10 2A 16 
14:37:06.311-<<<<-接收-68 2A 00 83 F8 10 00 00 00 00 10 10 02 02 00 01 00 02 BB BB BB BB BB BB 01 00 01 00 40 06 00 00 00 00 00 02 00 01 00 11 70 16 
14:37:08.890->>>>-发送-68 12 00 43 00 00 00 B0 04 00 10 10 02 01 00 10 2A 16 
14:37:10.265-<<<<-接收-68 10 00 83 30 30 00 00 30 00 00 02 00 1D 32 16 
14:37:15.234->>>>-发送-68 12 00 43 00 00 00 B0 04 00 10 10 02 01 00 10 2A 16 
14:37:17.187-<<<<-接收-68 10 00 83 30 30 00 00 FE 00 00 02 00 1D 00 16 
14:44:39.095->>>>-发送-68 0F 00 43 00 00 00 B0 04 00 10 40 0D 54 16 
14:44:41.783-<<<<-接收-68 19 00 83 30 30 00 00 FE 00 10 40 0D 01 FF FF FF BB BB BB BB BB BB 9E 16 
14:44:44.595->>>>-发送-68 0F 00 43 00 00 00 B0 04 00 10 40 0D 54 16 
14:44:47.580-<<<<-接收-68 19 00 83 30 30 00 00 FE 00 10 40 0D 01 FF FF FF BB BB BB BB BB BB 9E 16 
14:44:54.034->>>>-发送-68 12 00 43 00 00 00 B0 04 00 10 10 02 01 00 10 2A 16 
14:44:56.315-<<<<-接收-68 1F 00 83 08 00 00 00 00 00 10 10 02 01 00 01 00 01 BB BB BB BB BB BB 01 00 01 00 40 54 16 
14:44:59.785->>>>-发送-68 12 00 43 00 00 00 B0 04 00 10 10 02 01 00 10 2A 16 
14:45:02.144-<<<<-接收-68 1F 00 83 00 00 00 00 0E 00 10 10 02 01 00 01 00 01 BB BB BB BB BB BB 01 00 01 00 40 5A 16 
14:47:16.674->>>>-发送-68 12 00 43 00 00 00 B0 04 00 10 10 02 01 00 10 2A 16 
14:47:19.268-<<<<-接收-68 2A 00 83 00 00 00 00 06 00 10 10 02 02 00 01 00 02 BB BB BB BB BB BB 01 00 01 00 40 06 00 00 00 00 00 02 00 01 00 11 6E 16 
14:47:20.909->>>>-发送-68 12 00 43 00 00 00 B0 04 00 10 10 02 01 00 10 2A 16 
14:47:23.237-<<<<-接收-68 2A 00 83 00 00 00 00 0E 00 10 10 02 02 00 01 00 02 BB BB BB BB BB BB 01 00 01 00 40 06 00 00 00 00 00 02 00 01 00 11 76 16 
14:47:24.097->>>>-发送-68 12 00 43 00 00 00 B0 04 00 10 10 02 01 00 10 2A 16 
14:47:27.175-<<<<-接收-68 2A 00 83 08 00 00 00 00 00 10 10 02 02 00 01 00 02 BB BB BB BB BB BB 01 00 01 00 40 06 00 00 00 00 00 02 00 01 00 11 70 16 
14:47:27.878->>>>-发送-68 12 00 43 00 00 00 B0 04 00 10 10 02 01 00 10 2A 16 
14:47:30.160-<<<<-接收-68 2A 00 83 08 00 00 00 00 00 10 10 02 02 00 01 00 02 BB BB BB BB BB BB 01 00 01 00 40 06 00 00 00 00 00 02 00 01 00 11 70 16 
14:47:31.707->>>>-发送-68 12 00 43 00 00 00 B0 04 00 10 10 02 01 00 10 2A 16 
14:47:34.113-<<<<-接收-68 2A 00 83 F8 F0 00 00 FE 00 10 10 02 02 00 01 00 02 BB BB BB BB BB BB 01 00 01 00 40 06 00 00 00 00 00 02 00 01 00 11 4E 16 
14:47:35.066->>>>-发送-68 12 00 43 00 00 00 B0 04 00 10 10 02 01 00 10 2A 16 
14:47:38.098-<<<<-接收-68 2A 00 83 08 00 00 00 00 00 10 10 02 02 00 01 00 02 BB BB BB BB BB BB 01 00 01 00 40 06 00 00 00 00 00 02 00 01 00 11 70 16 
14:47:41.958->>>>-发送-68 0F 00 43 00 00 00 B0 04 00 10 40 0D 54 16 
14:47:45.005-<<<<-接收-68 19 00 83 30 30 00 00 FE 00 10 40 0D 01 FF FF FF BB BB BB BB BB BB 9E 16 
14:47:53.756->>>>-发送-68 0F 00 43 00 00 00 B0 04 00 03 08 00 02 16 
14:47:54.897-<<<<-接收-68 15 00 83 00 00 00 00 FE 00 03 08 00 BB BB BB BB BB BB EE 16 
14:48:05.835->>>>-发送-68 15 00 43 00 00 00 B0 04 00 05 01 00 00 00 01 01 01 02 02 16 
14:48:08.226-<<<<-接收-68 15 00 83 30 30 00 00 32 00 00 01 00 00 00 00 00 00 00 16 16 
14:48:36.635->>>>-发送-68 12 00 43 00 00 00 B0 04 00 10 10 02 01 00 10 2A 16 
14:48:39.433-<<<<-接收-68 1F 00 83 08 00 00 00 FC 00 10 10 02 01 00 01 00 01 00 00 01 01 01 02 01 00 01 00 40 F3 16 
14:50:22.537->>>>-发送-68 12 00 43 00 00 00 B0 04 00 10 10 02 01 00 10 2A 16 
14:50:25.615-<<<<-接收-68 2A 00 83 08 00 00 00 00 00 10 10 02 02 00 01 00 02 00 00 01 01 01 02 01 00 01 00 40 06 00 00 00 00 00 02 00 01 00 11 13 16 
14:50:37.773->>>>-发送-68 12 00 43 00 00 00 B0 04 00 10 10 02 02 00 10 2B 16 
14:50:40.461-<<<<-接收-68 1F 00 83 10 00 00 00 00 00 10 10 02 02 00 02 00 01 06 00 00 00 00 00 02 00 01 00 11 D4 16 
14:50:43.742->>>>-发送-68 12 00 43 00 00 00 B0 04 00 10 10 02 02 00 10 2B 16 
14:50:46.383-<<<<-接收-68 1F 00 83 10 00 00 00 00 00 10 10 02 02 00 02 00 01 06 00 00 00 00 00 02 00 01 00 11 D4 16 
14:50:49.134->>>>-发送-68 12 00 43 00 00 00 B0 04 00 10 10 02 02 00 10 2B 16 
14:50:51.368-<<<<-接收-68 1F 00 83 10 00 00 00 00 00 10 10 02 02 00 02 00 01 06 00 00 00 00 00 02 00 01 00 11 D4 16 
14:51:13.785->>>>-发送-68 12 00 43 00 00 00 B0 04 00 10 10 02 03 00 10 2C 16 
14:51:16.066-<<<<-接收-68 1F 00 83 00 00 00 00 FE 00 10 10 02 02 00 03 00 01 06 00 00 00 00 00 02 00 01 00 11 C3 16 
14:51:21.442->>>>-发送-68 12 00 43 00 00 00 B0 04 00 10 10 02 03 00 10 2C 16 
14:51:24.004-<<<<-接收-68 1F 00 83 00 00 00 00 FC 00 10 10 02 02 00 03 00 01 06 00 00 00 00 00 02 00 01 00 11 C1 16 
14:57:51.138->>>>-发送-68 12 00 43 00 00 00 B0 04 00 10 10 02 03 00 10 2C 16 
14:57:54.373-<<<<-接收-FF FF FF FF FF FF FF FF FF FF FF FF FF FF FF FF FF FF FF FF FF FF FF FF FF FF FF FF FF FF FF FF FF FF FF FF FF FF FF FF FF FF FF FF FF FF FF FF FF FF FF FF FF FF FF FF FF FF FF FF FF FF FF FF FF FF FF FF FF FF FF FF FF FF FF FF FF FF FF FF FF FF FF FF FF FF FF FF FF FF FF FF FF FF FF FF FF FF FF FF FF FF FF FF FF FF FF FF FF FF FF FF FF FF FF FF FF FF FF FF FF FF FF FF FF FF FF FF FF FF FF FF FF FF FF FF FF FF FF FF FF FF FF FF FF FF FF FF FF FF FF FF FF FF FF FF FF FF FF FF FF FF FF FF FF FF FF FF FF FF FF FF FF FF FF FF FF FF FF FF FF FF FF FF FF FF FF FF FF FF FF FF FF FF FF FF FF FF FF FF FF FF FF FF FF FF FF FF FF FF FF FF FF FF FF FF FF FF FF FF FF FF FF FF FF FF FF FF FF FF FF FF FF FF FF FF FF FF FF FF FF FF FF FF FF FF FF FF FF FF FF FF FF FF FF FF 
14:58:04.999->>>>-发送-68 12 00 43 00 00 00 B0 04 00 10 10 02 03 00 10 2C 16 
14:58:55.755->>>>-发送-68 12 00 43 00 00 00 B0 04 00 10 10 02 01 00 10 2A 16 
14:58:56.973-<<<<-接收-68 10 00 83 30 30 00 00 30 00 00 02 00 1D 32 16 
15:03:36.878->>>>-发送-68 12 00 43 00 00 00 B0 04 00 10 10 02 01 00 10 2A 16 
15:03:39.081-<<<<-接收-68 2A 00 83 00 00 00 00 00 00 10 10 02 02 00 01 00 02 00 00 01 01 01 02 01 00 01 00 40 06 00 00 00 00 00 02 00 01 00 11 0B 16 
15:03:42.831->>>>-发送-68 12 00 43 00 00 00 B0 04 00 10 10 02 01 00 10 2A 16 
15:03:45.019-<<<<-接收-68 2A 00 83 00 00 00 00 00 00 10 10 02 02 00 01 00 02 00 00 01 01 01 02 01 00 01 00 40 06 00 00 00 00 00 02 00 01 00 11 0B 16 
15:04:04.521->>>>-发送-68 12 00 43 00 00 00 B0 04 00 10 10 02 02 00 10 2B 16 
15:04:06.771-<<<<-接收-68 1F 00 83 00 00 00 00 00 00 10 10 02 02 00 02 00 01 06 00 00 00 00 00 02 00 01 00 11 C4 16 
15:04:10.334->>>>-发送-68 12 00 43 00 00 00 B0 04 00 10 10 02 02 00 10 2B 16 
15:04:12.694-<<<<-接收-68 1F 00 83 00 00 00 00 00 00 10 10 02 02 00 02 00 01 06 00 00 00 00 00 02 00 01 00 11 C4 16 
15:04:14.303->>>>-发送-68 12 00 43 00 00 00 B0 04 00 10 10 02 02 00 10 2B 16 
15:04:16.679-<<<<-接收-68 1F 00 83 00 00 00 00 00 00 10 10 02 02 00 02 00 01 06 00 00 00 00 00 02 00 01 00 11 C4 16 
15:04:31.915->>>>-发送-68 12 00 43 00 00 00 B0 04 00 10 10 02 03 00 10 2C 16 
15:04:34.462-<<<<-接收-68 1F 00 83 00 00 00 00 00 00 10 10 02 02 00 03 00 01 06 00 00 00 00 00 02 00 01 00 11 C5 16 
15:05:29.233->>>>-发送-68 12 00 43 00 00 00 B0 04 00 10 10 02 02 00 10 2B 16 
15:05:31.796-<<<<-接收-68 1F 00 83 00 00 00 00 00 00 10 10 02 02 00 02 00 01 06 00 00 00 00 00 02 00 01 00 11 C4 16 
15:05:54.095->>>>-发送-68 12 00 43 00 00 00 B0 04 00 10 10 02 01 00 10 2A 16 
15:05:56.533-<<<<-接收-68 2A 00 83 00 00 00 00 00 00 10 10 02 02 00 01 00 02 00 00 01 01 01 02 01 00 01 00 40 06 00 00 00 00 00 02 00 01 00 11 0B 16 
15:06:15.847->>>>-发送-68 12 00 43 00 00 00 B0 04 00 10 10 02 01 00 01 1B 16 
15:07:25.120->>>>-发送-68 12 00 43 00 00 00 B0 04 00 10 10 02 03 00 02 1E 16 
15:07:29.355-<<<<-接收-95 FB 1F 89 02 FA 1F 91 02 FA 1F A1 02 FA 1F B1 02 FA 1F C1 02 FA 1F D1 02 FA 1F 00 00 00 00 00 00 00 00 00 00 00 00 00 00 00 00 71 23 FA 1F E3 02 FA 1F 00 00 00 00 E5 02 FA 1F 55 25 FA 1F E5 40 FA 1F E5 40 FA 1F E5 40 FA 1F E5 40 FA 1F 00 00 00 00 49 26 FA 1F 49 26 FA 1F 49 26 FA 1F 49 26 FA 1F 49 26 FA 1F 49 26 FA 1F B5 1F FA 1F B5 1F FA 1F 35 20 FA 1F 35 20 FA 1F 71 1F FA 1F 05 29 FA 1F 31 9E FA 1F 31 9E FA 1F 31 9E FA 1F 31 9E FA 1F 31 9E FA 1F 31 9E FA 1F 31 9E FA 1F 31 9E FA 1F 31 9E FA 1F 31 9E FA 1F 31 9E FA 1F 31 9E FA 1F 31 9E FA 1F 00 00 00 00 00 00 00 00 22 08 17 20 06 00 00 00 00 F0 02 F8 00 F0 B2 F8 0A A0 90 E8 00 0C 82 44 83 44 AA F1 01 07 DA 45 01 D1 00 F0 A7 F8 AF F2 09 0E BA E8 0F 00 13 F0 01 0F 18 BF FB 1A 43 F0 01 03 18 47 B4 E6 00 00 D4 E6 00 00 0A 44 4F F0 00 0C 10 F8 01 3B 13 F0 07 04 08 BF 10 F8 01 4B 1D 11 08 BF 10 F8 01 5B 64 1E 05 D0 10 F8 01 6B 64 1E 01 F8 01 6B F9 D1 13 F0 08 0F 1E BF 10 F8 01 4B AD 1C 0C 1B 09 D1 6D 1E 58 BF 01 F8 01 CB FA D5 05 E0 14 F8 01 6B 01 F8 01 6B 6D 1E F9 D5 91 42 D6 D3 70 47 00 00 00 23 00 24 00 25 00 26 10 3A 28 BF 78 C1 FB D8 52 07 28 BF 30 C1 48 BF 0B 60 70 47 6E 29 00 F0 97 83 70 29 00 F0 D9 84 66 29 0D F0 A9 81 65 29 0D F0 A6 81 67 29 0D F0 A3 81 61 29 AF F3 00 80 03 68 1B 0A 28 BF 41 F0 80 01 69 29 00 F0 44 83 64 29 00 F0 41 83 75 29 00 F0 3E 83 6F 29 00 F0 67 84 78 29 00 F0 A5 84 E9 29 00 F0 01 84 E4 29 00 F0 FE 83 F5 29 00 F0 FB 83 EF 29 00 F0 64 84 F8 29 00 F0 A4 84 03 68 DB 09 28 BF 41 F0 80 01 63 29 01 F0 B6 80 73 29 01 F0 BB 80 E3 29 01 F0 C6 80 F3 29 01 F0 CB 80 00 20 70 47 1F B5 00 F0 56 F9 00 F0 ED FD 04 00 00 20 00 21 0D F0 34 F9 40 1C 60 60 00 20 00 21 0D F0 44 F9 E0 60 1F BD 10 B5 10 BD 01 F0 12 F9 11 46 FF F7 E7 FF 03 F0 C7 FF 01 F0 DF F9 03 B4 FF F7 F2 FF 03 BC 00 F0 7F FA 00 00 0B 49 D1 F8 00 C0 4A 68 5C F8 04 3B 10 68 18 44 42 F8 04 0B 8C 45 28 BF A1 F1 DC 0C 8A 42 28 BF A1 F1 DC 02 C1 F8 00 C0 4A 60 20 F0 00 40 70 47 E8 84 FB 1F 1B 48 80 47 1B 48 00 47 EF F3 08 80 00 B5 04 F0 27 F8 5D F8 04 EB 70 47 EF F3 08 80 00 B5 02 F0 CB FF 5D F8 04 EB 70 47 EF F3 08 80 00 B5 03 F0 9D FF 5D F8 04 EB 70 47 EF F3 08 80 00 B5 02 F0 D5 FC 5D F8 04 EB 70 47 EF F3 08 80 00 B5 0D F0 5B F8 5D F8 04 EB 70 47 FE E7 FE E7 FE E7 FE E7 FE E7 00 00 04 48 05 49 03 4A 05 4B 70 47 00 00 ED 25 FA 1F C9 00 FA 1F 50 85 FB 1F 50 95 FB 1F 50 85 FB 1F 53 EA 02 0C 00 F0 69 80 2D E9 F0 4B 4F F0 00 06 00 2B 1F BF B3 FA 83 F5 03 FA 05 F4 24 FA 05 F6 5E 40 12 BF 16 43 B2 FA 82 F5 02 FA 05 F4 C5 F1 20 05 1E BF 22 FA 05 FC 44 EA 0C 04 20 35 56 EA 04 4C 4F EA 14 44 18 BF 64 1C 4F F0 00 08 4F F0 00 09 90 42 71 EB 03 0C 39 D3 00 29 19 BF B1 FA 81 F7 01 FA 07 F6 B0 FA 80 F7 00 FA 07 F6 C7 F1 20 07 1E BF 20 FA 07 FC 46 EA 0C 06 20 37 B6 FB F4 FC A7 EB 05 07 10 3F 07 F0 1F 0B CB F1 20 06 0C FA 0B FB 2C FA 06 F6 44 BF B3 46 00 26 20 2F A4 BF 5E 46 4F F0 00 0B 5B EA 06 0C 08 BF 4F F0 01 0B 19 EB 0B 09 AB FB 02 7C 48 EB 06 08 C0 1B 06 FB 02 CC 0B FB 03 CC 71 EB 0C 01 C1 E7 0B 46 02 46 41 46 48 46 BD E8 F0 8B 13 B5 4F F0 00 00 4F F0 00 01 AF F3 00 80 BD E8 1C 40 70 47 00 00 1C B5 0C 46 06 4B 7B 44 69 46 00 90 20 46 00 F0 6A FA 04 46 00 20 69 46 00 F0 78 FA 20 46 1C BD 03 05 00 00 2D E9 F0 5F 93 46 0F 46 80 46 04 46 00 26 00 F0 9D F9 D0 F8 00 90 82 46 14 F8 01 5B 2D B1 00 F0 8D F9 00 68 40 5D C0 07 F6 D1 2B 2D 02 D0 2D 2D 1A D0 64 1E 00 21 CA F8 00 10 5A 46 39 46 20 46 00 F0 48 FC 01 46 27 B1 38 68 A0 42 01 D1 C7 F8 00 80 DA F8 00 00 02 28 09 D0 CA F8 00 90 70 05 05 D5 48 42 BD E8 F0 9F 46 F4 80 66 E2 E7 08 46 F8 E7 00 00 0B 49 10 B5 A1 F1 7C 02 0A 4C C2 E9 37 12 37 21 06 E0 00 EB 10 43 42 F8 21 30 07 4B 00 FB 03 40 0B 1E A1 F1 01 01 F4 DC 10 BD 01 20 E8 E7 00 00 88 84 FB 1F E1 19 D6 66 CD 0D 01 00 00 20 00 F0 5E FC FF F7 AB FE 01 20 00 F0 38 F9 01 4A 00 F0 5D BC 00 00 B4 06 FB 1F 40 EA 01 03 10 B5 9B 07 0F D1 04 2A 0D D3 10 C8 08 C9 12 1F 9C 42 F8 D0 20 BA 19 BA 88 42 01 D9 01 20 10 BD 4F F0 FF 30 10 BD 1A B1 D3 07 03 D0 52 1C 07 E0 00 20 10 BD 10 F8 01 3B 11 F8 01 4B 1B 1B 07 D1 10 F8 01 3B 11 F8 01 4B 1B 1B 01 D1 92 1E F1 D1 18 46 10 BD 40 EA 01 03 02 46 30 B5 9B 07 10 D1 4F F0 01 34 00 E0 08 C2 08 C9 1D 1B 9D 43 15 EA C4 1F F8 D0 13 F0 FF 01 02 F8 01 1B 0D D0 1B 0A F8 E7 11 F8 01 3B 00 2B 02 F8 01 3B 05 D0 11 F8 01 3B 00 2B 02 F8 01 3B F3 D1 30 BD 10 B5 43 1C 02 E0 10 F8 01 1B 71 B1 81 07 FA D1 4F F0 01 32 02 C8 8C 1A 8C 43 14 EA C2 11 F9 D0 C0 1A 0A 06 03 D0 C0 1E 10 BD C0 1A 10 BD 0A 04 01 D0 80 1E 10 BD 09 02 FC D0 40 1E 10 BD 03 2A 40 F2 30 80 10 F0 03 0C 00 F0 15 80 11 F8 01 3B BC F1 02 0F 62 44 98 BF 11 F8 01 CB 00 F8 01 3B 38 BF 11 F8 01 3B A2 F1 04 02 98 BF 00 F8 01 CB 38 BF 00 F8 01 3B 11 F0 03 03 00 F0 25 80 08 3A C0 F0 08 80 51 F8 04 3B 08 3A 51 F8 04 CB A0 E8 08 10 F5 E7 12 1D 5C BF 51 F8 04 3B 40 F8 04 3B AF F3 00 80 D2 07 24 BF 11 F8 01 3B 11 F8 01 CB 48 BF 11 F8 01 
15:07:57.342->>>>-发送-68 12 00 43 00 00 00 B0 04 00 10 10 02 03 00 01 1D 16 
15:08:13.672->>>>-发送-68 12 00 43 00 00 00 B0 04 00 10 10 02 03 00 01 1D 16 
15:37:28.692->>>>-发送-68 0F 00 43 00 00 00 B0 04 00 10 40 0D 54 16 
15:37:31.426-<<<<-接收-68 19 00 83 30 30 00 00 FE 00 10 40 0D 01 FF FF FF 00 00 01 01 01 02 41 16 
15:37:38.896->>>>-发送-68 0F 00 43 00 00 00 B0 04 00 10 40 0D 54 16 
15:37:41.146-<<<<-接收-68 19 00 83 30 30 00 00 FE 00 10 40 0D 01 FF FF FF 00 00 01 01 01 02 41 16 
15:38:01.070->>>>-发送-68 12 00 43 00 00 00 B0 04 00 10 10 02 03 00 01 1D 16 
15:38:03.383-<<<<-接收-68 14 00 83 00 00 00 00 00 00 10 10 02 01 00 03 00 00 A9 16 
15:38:24.604->>>>-发送-68 12 00 43 00 00 00 B0 04 00 10 10 02 03 00 01 1D 16 
15:38:27.604-<<<<-接收-68 14 00 83 00 00 00 00 00 00 10 10 02 01 00 03 00 00 A9 16 
15:39:05.405->>>>-发送-68 12 00 43 00 00 00 B0 04 00 10 10 02 04 00 01 1E 16 
15:39:08.093-<<<<-接收-68 1F 00 83 00 00 00 00 00 00 10 10 02 02 00 04 00 01 06 00 00 00 00 00 02 00 01 00 11 C6 16 
15:39:18.859->>>>-发送-68 12 00 43 00 00 00 B0 04 00 10 10 02 04 00 01 1E 16 
15:39:21.922-<<<<-接收-68 1F 00 83 00 00 00 00 00 00 10 10 02 02 00 04 00 01 06 00 00 00 00 00 02 00 01 00 11 C6 16 
15:39:41.565->>>>-发送-68 12 00 43 00 00 00 B0 04 00 10 10 02 03 00 01 1D 16 
15:39:44.628-<<<<-接收-68 1F 00 83 00 00 00 00 00 00 10 10 02 02 00 03 00 01 06 00 00 00 00 00 02 00 01 00 11 C5 16 
15:40:09.880->>>>-发送-68 12 00 43 00 00 00 B0 04 00 10 10 02 03 00 10 2C 16 
15:40:12.349-<<<<-接收-68 1F 00 83 00 00 00 00 00 00 10 10 02 02 00 03 00 01 06 00 00 00 00 00 02 00 01 00 11 C5 16 
16:26:17.762->>>>-发送-68 12 00 43 00 00 00 B0 04 00 F0 01 13 01 00 01 FD 16 
16:34:44.693->>>>-发送-68 12 00 43 00 00 00 B0 04 00 F0 01 13 01 00 01 FD 16 
16:34:56.850->>>>-发送-68 12 00 43 00 00 00 B0 04 00 F0 01 13 01 00 01 FD 16 
16:34:57.017-<<<<-接收-68 38 00 C3 00 00 00 00 00 01 03 02 01 B2 2F 01 01 00 00 14 0A 00 00 08 00 08 1E 00 00 01 01 01 02 F8 07 00 00 28 06 16 27 06 16 5A 57 31 30 20 10 16 10 20 00 80 8C 16 
16:35:04.058->>>>-发送-68 12 00 43 00 00 00 B0 04 00 F0 01 13 01 00 01 FD 16 
16:35:06.011-<<<<-接收-68 10 00 83 00 00 00 00 00 00 00 02 00 1C A1 16 
18:58:30.517->>>>-发送-68 0F 00 43 00 00 00 B0 04 00 10 40 0D 54 16 
18:58:33.579-<<<<-接收-68 19 00 83 30 30 00 00 30 00 10 40 0D 01 FF FF FF 00 00 01 01 01 02 73 16 
18:58:33.634->>>>-发送-68 12 00 43 00 00 00 B0 04 00 F0 01 13 01 00 01 FD 16 
18:58:35.537-<<<<-接收-68 10 00 83 00 00 00 00 00 00 00 02 00 1C A1 16 
18:58:46.358->>>>-发送-68 12 00 43 00 00 00 B0 04 00 10 10 02 03 00 10 2C 16 
18:58:49.386-<<<<-接收-68 1F 00 83 00 00 00 00 00 00 10 10 02 02 00 03 00 01 06 00 00 00 00 00 02 00 01 00 11 C5 16 
18:58:51.637->>>>-发送-68 12 00 43 00 00 00 B0 04 00 10 10 02 03 00 10 2C 16 
18:58:54.344-<<<<-接收-68 1F 00 83 00 00 00 00 00 00 10 10 02 02 00 03 00 01 06 00 00 00 00 00 02 00 01 00 11 C5 16 
18:59:21.804->>>>-发送-68 12 00 43 00 00 00 B0 04 00 10 10 02 01 00 01 1B 16 
18:59:37.301->>>>-发送-68 12 00 43 00 00 00 B0 04 00 10 10 02 01 00 01 1B 16 
19:00:02.495->>>>-发送-68 12 00 43 00 00 00 B0 04 00 10 10 02 01 00 02 1C 16 
19:00:05.476-<<<<-接收-68 2A 00 83 F8 10 00 00 00 00 10 10 02 02 00 01 00 02 00 00 01 01 01 02 01 00 01 00 40 06 00 00 00 00 00 02 00 01 00 11 13 16 
19:00:33.012->>>>-发送-68 12 00 43 00 00 00 B0 04 00 10 10 02 01 00 00 1A 16 
19:05:59.966->>>>-发送-68 12 00 43 00 00 00 B0 04 00 10 10 02 01 00 00 1A 16 
19:06:24.964->>>>-发送-68 12 00 43 00 00 00 B0 04 00 10 10 02 01 00 01 1B 16 
19:06:47.523->>>>-发送-68 12 00 43 00 00 00 B0 04 00 10 10 02 01 00 02 1C 16 
19:06:50.424-<<<<-接收-68 2A 00 83 F8 10 00 00 00 00 10 10 02 02 00 01 00 02 00 00 01 01 01 02 01 00 01 00 40 06 00 00 00 00 00 02 00 01 00 11 13 16 
19:07:19.459->>>>-发送-68 12 00 43 00 00 00 B0 04 00 10 10 02 01 00 01 1B 16 
19:19:56.362->>>>-发送-68 12 00 43 00 00 00 B0 04 00 10 10 02 01 00 02 1C 16 
19:19:58.699-<<<<-接收-68 1F 00 83 00 00 00 00 00 00 10 10 02 01 00 01 00 01 00 00 01 01 01 02 01 00 01 00 40 EF 16 
19:20:16.275->>>>-发送-68 12 00 43 00 00 00 B0 04 00 10 10 02 01 00 02 1C 16 
19:20:19.021-<<<<-接收-68 1F 00 83 00 00 00 00 00 00 10 10 02 01 00 01 00 01 00 00 01 01 01 02 01 00 01 00 40 EF 16 
19:20:40.728->>>>-发送-68 12 00 43 00 00 00 B0 04 00 10 10 02 01 00 01 1B 16 
19:20:43.219-<<<<-接收-68 1F 00 83 00 00 00 00 00 00 10 10 02 01 00 01 00 01 00 00 01 01 01 02 01 00 01 00 40 EF 16 
19:34:04.662->>>>-发送-68 0F 00 43 00 00 00 B0 04 00 10 40 0D 54 16 
19:34:08.349-<<<<-接收-68 19 00 83 00 00 00 00 00 00 10 40 0D 01 38 00 C3 00 00 01 01 01 02 E1 16 
19:38:36.091->>>>-发送-68 0F 00 43 00 00 00 B0 04 00 10 40 0D 54 16 
19:38:39.306-<<<<-接收-68 19 00 83 00 00 00 00 FE 00 10 40 0D 01 38 00 C3 00 00 01 01 01 02 DF 16 
19:40:46.442->>>>-发送-68 0F 00 43 00 00 00 B0 04 00 10 40 0D 54 16 
19:40:47.086-<<<<-接收-68 0F 00 C3 00 00 00 00 00 07 14 02 00 E0 16 
19:42:28.096->>>>-发送-68 0F 00 43 00 00 00 B0 04 00 10 40 0D 54 16 
19:42:30.764-<<<<-接收-68 19 00 83 00 00 00 00 FE 00 10 40 0D 01 38 00 C3 00 00 01 01 01 02 DF 16 
19:42:48.415->>>>-发送-68 0F 00 43 00 00 00 B0 04 00 10 40 0D 54 16 
19:43:02.510->>>>-发送-68 12 00 43 00 00 00 B0 04 00 10 10 02 01 00 01 1B 16 
19:43:05.440-<<<<-接收-68 2A 00 83 F8 10 00 00 00 00 10 40 0D 02 00 01 00 02 00 00 01 01 01 02 01 00 01 00 40 06 00 00 00 00 00 02 00 01 00 11 4E 16 
19:43:10.703->>>>-发送-68 0F 00 43 00 00 00 B0 04 00 10 40 0D 54 16 
19:43:12.347-<<<<-接收-68 10 00 83 30 30 00 00 FE 00 00 02 00 1B FE 16 
19:44:18.958->>>>-发送-68 0F 00 43 00 00 00 B0 04 00 10 40 0D 54 16 
19:51:51.953->>>>-发送-68 0F 00 43 00 00 00 B0 04 00 10 40 0D 54 16 
19:51:52.174-<<<<-接收-68 19 00 83 00 00 00 00 FE 00 10 40 0D 01 38 00 C3 00 00 01 01 01 02 DF 16 
19:53:18.951->>>>-发送-68 0F 00 43 00 00 00 B0 04 00 10 40 0D 54 16 
19:53:21.580-<<<<-接收-68 19 00 83 00 00 00 00 FE 00 10 40 0D 01 38 00 C3 00 00 01 01 01 02 DF 16 
19:57:09.942->>>>-发送-68 0F 00 43 00 00 00 B0 04 00 10 40 0D 54 16 
19:57:13.463-<<<<-接收-68 19 00 83 00 00 00 00 FE 00 10 40 0D 01 38 00 C3 00 00 01 01 01 02 DF 16 
19:59:08.295->>>>-发送-68 0F 00 43 00 00 00 B0 04 00 10 40 0D 54 16 
19:59:11.836-<<<<-接收-68 19 00 83 00 00 00 00 FE 00 10 40 0D 01 38 00 C3 00 00 01 01 01 02 DF 16 
20:08:49.364->>>>-发送-68 0F 00 43 00 00 00 B0 04 00 10 40 0D 54 16 
20:08:49.645-<<<<-接收-68 19 00 83 00 00 00 00 FE 00 10 40 0D 01 00 00 00 00 00 01 01 01 02 E4 16 
20:09:09.291->>>>-发送-68 0F 00 43 00 00 00 B0 04 00 10 40 0D 54 16 
20:09:13.246-<<<<-接收-68 19 00 83 00 00 00 00 FE 00 10 40 0D 01 CA C8 64 00 00 01 01 01 02 DA 16 
20:09:47.644->>>>-发送-68 12 00 43 00 00 00 B0 04 00 10 10 02 01 00 01 1B 16 
20:09:49.878-<<<<-接收-68 2A 00 83 00 00 00 00 00 00 10 10 02 02 00 01 00 02 00 00 01 01 01 02 01 00 01 00 40 06 00 00 00 00 00 02 00 01 00 11 0B 16 
20:10:12.963->>>>-发送-68 12 00 43 00 00 00 B0 04 00 10 10 02 01 00 02 1C 16 
20:10:15.597-<<<<-接收-68 2A 00 83 00 00 00 00 00 00 10 10 02 02 00 01 00 02 00 00 01 01 01 02 01 00 01 00 40 06 00 00 00 00 00 02 00 01 00 11 0B 16 
20:10:39.281->>>>-发送-68 12 00 43 00 00 00 B0 04 00 10 10 02 01 00 01 1B 16 
20:10:42.289-<<<<-接收-68 2A 00 83 00 00 00 00 00 00 10 10 02 02 00 01 00 02 00 00 01 01 01 02 01 00 01 00 40 06 00 00 00 00 00 02 00 01 00 11 0B 16 
20:11:00.505->>>>-发送-68 12 00 43 00 00 00 B0 04 00 10 10 02 01 00 00 1A 16 
20:11:02.996-<<<<-接收-68 14 00 83 00 00 00 00 00 00 10 10 02 02 00 01 00 02 AA 16 
20:11:15.218->>>>-发送-68 12 00 43 00 00 00 B0 04 00 10 10 02 01 00 00 1A 16 
20:11:17.828-<<<<-接收-68 14 00 83 00 00 00 00 00 00 10 10 02 02 00 01 00 02 AA 16 
20:14:47.449->>>>-发送-68 12 00 43 00 00 00 B0 04 00 10 10 02 01 00 01 1B 16 
20:14:50.277-<<<<-接收-68 2A 00 83 00 00 00 00 00 00 10 10 02 02 00 01 00 02 00 00 01 01 01 02 01 00 01 00 40 06 00 00 00 00 00 02 00 01 00 11 0B 16 
20:15:29.305->>>>-发送-68 12 00 43 00 00 00 B0 04 00 10 10 02 01 00 02 1C 16 
20:15:31.788-<<<<-接收-68 2A 00 83 00 00 00 00 00 00 10 10 02 02 00 01 00 02 00 00 01 01 01 02 01 00 01 00 40 06 00 00 00 00 00 02 00 01 00 11 0B 16 
20:21:02.997->>>>-发送-68 12 00 43 00 00 00 B0 04 00 10 10 02 01 00 02 1C 16 
20:21:05.883-<<<<-接收-68 1F 00 83 00 00 00 00 00 00 10 10 02 01 00 01 00 01 00 00 01 01 01 02 01 00 01 00 40 EF 16 
20:21:47.617->>>>-发送-68 12 00 43 00 00 00 B0 04 00 10 10 02 01 00 01 1B 16 
20:21:50.701-<<<<-接收-68 2A 00 83 00 00 00 00 00 00 10 10 02 02 00 01 00 02 00 00 01 01 01 02 01 00 01 00 40 06 00 00 00 00 00 02 00 01 00 11 0B 16 
20:28:40.131->>>>-发送-68 12 00 43 00 00 00 B0 04 00 10 10 02 01 00 01 1B 16 
20:28:40.354-<<<<-接收-68 1F 00 83 30 30 00 00 38 00 10 10 02 01 00 01 00 01 00 00 01 01 01 02 01 00 01 00 40 87 16 
20:29:02.287->>>>-发送-68 12 00 43 00 00 00 B0 04 00 10 10 02 01 00 01 1B 16 
20:29:04.854-<<<<-接收-68 2A 00 83 00 00 00 00 00 00 10 10 02 02 00 01 00 02 00 00 01 01 01 02 01 00 01 00 40 06 00 00 00 00 00 02 00 01 00 11 0B 16 
20:32:01.268->>>>-发送-68 12 00 43 00 00 00 B0 04 00 10 10 02 01 00 01 1B 16 
20:32:01.491-<<<<-接收-68 1F 00 83 30 30 00 00 38 00 10 10 02 01 00 01 00 01 00 00 01 01 01 02 01 00 01 00 40 87 16 
20:32:17.655->>>>-发送-68 12 00 43 00 00 00 B0 04 00 10 10 02 01 00 01 1B 16 
20:32:19.920-<<<<-接收-68 1F 00 83 30 30 00 00 30 00 10 10 02 02 00 01 00 02 00 00 01 01 01 02 01 00 01 00 40 81 16 
20:33:43.624->>>>-发送-68 12 00 43 00 00 00 B0 04 00 10 10 02 01 00 02 1C 16 
20:33:45.908-<<<<-接收-68 2A 00 83 30 30 00 00 32 00 10 10 02 02 00 01 00 02 00 00 01 01 01 02 01 00 01 00 40 06 00 00 00 00 00 02 00 01 00 11 9D 16 
