19:26:03.324->>>>-发送-68 30 00 43 04 00 00 B0 04 00 11 11 11 11 11 11 00 50 00 00 00 00 13 01 00 02 00 00 11 FE 68 00 50 00 00 00 00 68 11 04 33 34 34 35 05 16 F6 16 
19:26:04.089-<<<<-接收-68 35 00 83 04 20 10 00 00 00 00 50 00 00 00 00 11 11 11 11 11 11 13 01 00 01 00 02 16 FE FE FE FE 68 00 50 00 00 00 00 68 91 06 33 34 34 35 9C 53 76 16 94 16 
19:26:28.155->>>>-发送-68 30 00 43 04 00 00 B0 04 00 11 11 11 11 11 11 00 50 00 00 00 00 13 01 00 00 00 00 11 FE 68 00 50 00 00 00 00 68 11 04 33 34 34 35 05 16 F4 16 
19:26:28.764-<<<<-接收-68 35 00 83 04 20 10 00 00 00 00 50 00 00 00 00 11 11 11 11 11 11 13 01 00 00 00 00 16 FE FE FE FE 68 00 50 00 00 00 00 68 91 06 33 34 34 35 9B 53 75 16 8F 16 
19:26:38.374->>>>-发送-68 30 00 43 04 00 00 B0 04 00 11 11 11 11 11 11 00 50 00 00 00 00 13 01 00 00 00 00 11 FE 68 00 50 00 00 00 00 68 11 04 33 34 34 35 05 16 F4 16 
19:26:38.937-<<<<-接收-68 35 00 83 04 20 10 00 00 00 00 50 00 00 00 00 11 11 11 11 11 11 13 01 00 00 00 00 16 FE FE FE FE 68 00 50 00 00 00 00 68 91 06 33 34 34 35 A5 53 7F 16 A3 16 
19:26:40.203->>>>-发送-68 30 00 43 04 00 00 B0 04 00 11 11 11 11 11 11 00 50 00 00 00 00 13 01 00 00 00 00 11 FE 68 00 50 00 00 00 00 68 11 04 33 34 34 35 05 16 F4 16 
19:26:40.843-<<<<-接收-68 35 00 83 04 20 10 00 00 00 00 50 00 00 00 00 11 11 11 11 11 11 13 01 00 00 00 00 16 FE FE FE FE 68 00 50 00 00 00 00 68 91 06 33 34 34 35 A5 53 7F 16 A3 16 
19:34:41.664->>>>-发送-68 30 00 43 04 00 00 B0 04 00 11 11 11 11 11 11 00 50 00 00 00 00 13 01 00 00 00 00 11 FE 68 00 50 00 00 00 00 68 11 04 33 34 34 35 05 16 F4 16 
19:34:53.790-<<<<-接收-68 10 00 83 08 F0 40 00 06 00 00 02 00 0B CE 16 
19:35:35.310->>>>-发送-68 30 00 43 04 00 00 B0 04 00 11 11 11 11 11 11 00 50 00 00 00 00 13 01 00 00 00 00 11 FE 68 00 50 00 00 00 00 68 11 04 33 34 34 35 05 16 F4 16 
19:35:47.436-<<<<-接收-68 10 00 83 00 00 40 00 00 00 00 02 00 0B D0 16 
19:36:05.204->>>>-发送-68 30 00 43 04 00 00 B0 04 00 11 11 11 11 11 11 00 50 00 00 00 00 13 01 00 00 00 00 11 FE 68 00 50 00 00 00 00 68 11 04 33 34 34 35 05 16 F4 16 
19:36:17.330-<<<<-接收-68 10 00 83 00 00 40 00 00 00 00 02 00 0B D0 16 
19:36:34.426->>>>-发送-68 30 00 43 04 00 00 B0 04 00 11 11 11 11 11 11 00 50 00 00 00 00 13 01 00 00 00 00 11 FE 68 00 50 00 00 00 00 68 11 04 33 34 34 35 05 16 F4 16 
19:36:46.552-<<<<-接收-68 10 00 83 00 00 40 00 04 00 00 02 00 0B D4 16 
