09:24:59.700->>>>-发送-68 0F 00 43 00 00 00 B0 04 00 03 01 00 FB 16 
09:24:59.815-<<<<-接收-68 18 00 83 00 00 00 00 00 00 03 01 00 5A 57 32 30 20 10 16 10 20 10 16 
09:25:21.062->>>>-发送-68 22 00 43 00 00 00 B0 04 00 11 02 00 03 06 00 00 00 00 00 11 11 11 11 11 11 33 00 00 00 00 00 AC 16 
09:25:21.217-<<<<-接收-68 15 00 83 00 00 00 00 00 00 00 01 00 00 00 00 00 02 00 86 16 
09:25:29.622->>>>-发送-68 0F 00 43 00 00 00 B0 04 00 10 01 00 08 16 
09:25:29.716-<<<<-接收-68 13 00 83 00 00 00 00 00 00 10 01 00 00 00 F8 03 8F 16 
09:25:29.760->>>>-发送-68 12 00 43 00 00 00 B0 04 00 10 02 00 01 00 10 1A 16 
09:25:29.865-<<<<-接收-68 12 00 83 08 10 00 00 00 00 10 02 00 00 00 00 AD 16 
09:58:48.518->>>>-发送-68 22 00 43 00 00 00 B0 04 00 11 02 00 03 06 00 00 00 00 00 11 11 11 11 11 11 33 00 00 00 00 00 AC 16 
09:58:48.663-<<<<-接收-68 15 00 83 00 00 00 00 00 00 00 01 00 00 00 00 00 02 00 86 16 
09:59:06.630->>>>-发送-68 25 00 43 00 00 00 B0 04 00 11 01 00 03 06 00 00 00 00 00 02 11 11 11 11 11 11 02 33 00 00 00 00 00 02 B1 16 
09:59:06.785-<<<<-接收-68 15 00 83 00 00 00 00 00 00 00 01 00 00 00 00 00 02 00 86 16 
10:06:36.526->>>>-发送-68 12 00 43 00 00 00 B0 04 00 10 10 02 01 00 10 2A 16 
10:06:36.928-<<<<-接收-68 2A 00 83 00 00 00 00 00 00 10 10 02 03 00 01 00 02 22 33 44 55 66 77 01 00 01 00 40 33 00 00 00 00 00 02 00 01 00 11 FF 16 
10:50:21.806->>>>-发送-68 0F 00 43 00 00 00 B0 04 00 03 08 00 02 16 
10:50:21.922-<<<<-接收-68 15 00 83 08 F0 00 00 FE 00 03 08 00 11 11 11 11 11 11 EA 16 
10:50:34.150->>>>-发送-68 0F 00 43 00 00 00 B0 04 00 10 01 00 08 16 
10:50:34.243-<<<<-接收-68 13 00 83 08 F0 00 00 FC 00 10 01 00 03 00 F8 03 86 16 
10:50:34.288->>>>-发送-68 12 00 43 00 00 00 B0 04 00 10 02 00 01 00 10 1A 16 
10:50:34.445-<<<<-接收-68 2A 00 83 08 F0 00 00 FE 00 10 02 00 03 00 03 33 00 00 00 00 00 00 10 11 11 11 11 11 11 00 10 06 00 00 00 00 00 00 10 60 16 
10:50:41.685->>>>-发送-68 15 00 43 00 00 00 B0 04 00 05 01 00 22 33 44 55 66 77 C8 16 
10:50:41.883-<<<<-接收-68 15 00 83 08 F0 00 00 FE 00 00 01 00 00 00 00 00 02 00 7C 16 
11:43:42.848->>>>-发送-68 12 00 43 00 00 00 B0 04 00 10 10 02 01 00 10 2A 16 
11:43:43.007-<<<<-接收-68 1F 00 83 00 00 00 00 00 00 10 10 02 04 00 01 00 01 22 33 44 55 66 77 01 00 01 00 40 B8 16 
11:44:33.679->>>>-发送-68 12 00 43 00 00 00 B0 04 00 10 10 02 02 00 09 24 16 
11:44:33.859-<<<<-接收-68 35 00 83 00 00 00 00 00 00 10 10 02 04 00 02 00 03 06 00 00 00 00 00 02 00 01 00 11 33 00 00 00 00 00 03 00 01 00 11 11 11 11 11 11 11 04 00 01 00 11 8C 16 
11:45:07.719->>>>-发送-68 12 00 43 00 00 00 B0 04 00 10 10 02 02 00 01 1C 16 
11:45:07.889-<<<<-接收-68 35 00 83 00 00 00 00 00 00 10 10 02 04 00 02 00 03 06 00 00 00 00 00 02 00 01 00 11 33 00 00 00 00 00 03 00 01 00 11 11 11 11 11 11 11 04 00 01 00 11 8C 16 
11:45:37.111->>>>-发送-68 12 00 43 00 00 00 B0 04 00 10 10 02 02 00 01 1C 16 
11:45:37.281-<<<<-接收-68 35 00 83 00 00 00 00 00 00 10 10 02 04 00 02 00 03 06 00 00 00 00 00 02 00 01 00 11 33 00 00 00 00 00 03 00 01 00 11 11 11 11 11 11 11 04 00 01 00 11 8C 16 
11:46:00.272->>>>-发送-68 12 00 43 00 00 00 B0 04 00 10 10 02 02 00 FF 1A 16 
11:46:00.530-<<<<-接收-68 35 00 83 00 00 00 00 00 00 10 10 02 04 00 02 00 03 06 00 00 00 00 00 02 00 01 00 11 33 00 00 00 00 00 03 00 01 00 11 11 11 11 11 11 11 04 00 01 00 11 8C 16 
11:46:20.000->>>>-发送-68 12 00 43 00 00 00 B0 04 00 10 10 02 01 00 99 B3 16 
11:46:20.195-<<<<-接收-68 1F 00 83 00 00 00 00 00 00 10 10 02 04 00 01 00 01 22 33 44 55 66 77 01 00 01 00 40 B8 16 
11:46:39.671->>>>-发送-68 12 00 43 00 00 00 B0 04 00 10 10 02 01 00 FF 19 16 
11:46:39.919-<<<<-接收-68 1F 00 83 00 00 00 00 00 00 10 10 02 04 00 01 00 01 22 33 44 55 66 77 01 00 01 00 40 B8 16 
11:55:03.247->>>>-发送-68 12 00 43 00 00 00 B0 04 00 10 10 02 01 00 55 6F 16 
11:55:03.421-<<<<-接收-68 1F 00 83 00 00 00 00 00 00 10 10 02 04 00 01 00 01 22 33 44 55 66 77 01 00 01 00 40 B8 16 
11:55:24.711->>>>-发送-68 12 00 43 00 00 00 B0 04 00 10 10 02 01 00 55 6F 16 
12:01:14.201->>>>-发送-68 12 00 43 00 00 00 B0 04 00 10 10 02 01 00 55 6F 16 
12:01:14.392-<<<<-接收-68 35 00 83 08 F0 00 00 FE 00 10 10 02 03 00 01 00 03 22 33 44 55 66 77 01 00 01 00 40 06 00 00 00 00 00 02 00 01 00 11 33 00 00 00 00 00 03 00 01 00 11 11 16 
12:01:34.623->>>>-发送-68 12 00 43 00 00 00 B0 04 00 10 10 02 01 00 01 1B 16 
12:01:34.773-<<<<-接收-68 1F 00 83 08 F0 00 00 FE 00 10 10 02 04 00 01 00 01 22 33 44 55 66 77 01 00 01 00 40 AE 16 
12:02:11.160->>>>-发送-68 12 00 43 00 00 00 B0 04 00 10 10 02 01 00 02 1C 16 
12:02:11.299-<<<<-接收-68 1F 00 83 08 F0 00 00 FE 00 10 10 02 04 00 01 00 01 22 33 44 55 66 77 01 00 01 00 40 AE 16 
12:02:14.720->>>>-发送-68 12 00 43 00 00 00 B0 04 00 10 10 02 01 00 02 1C 16 
12:02:14.860-<<<<-接收-68 1F 00 83 08 F0 00 00 FE 00 10 10 02 04 00 01 00 01 22 33 44 55 66 77 01 00 01 00 40 AE 16 
12:02:36.374->>>>-发送-68 12 00 43 00 00 00 B0 04 00 10 10 02 01 00 03 1D 16 
12:02:36.535-<<<<-接收-68 2A 00 83 08 F0 00 00 FE 00 10 10 02 04 00 01 00 02 22 33 44 55 66 77 01 00 01 00 40 06 00 00 00 00 00 02 00 01 00 11 C9 16 
12:03:11.289->>>>-发送-68 12 00 43 00 00 00 B0 04 00 10 10 02 01 00 04 1E 16 
12:03:11.477-<<<<-接收-68 35 00 83 08 F0 00 00 FE 00 10 10 02 04 00 01 00 03 22 33 44 55 66 77 01 00 01 00 40 06 00 00 00 00 00 02 00 01 00 11 33 00 00 00 00 00 03 00 01 00 11 12 16 
12:03:26.886->>>>-发送-68 12 00 43 00 00 00 B0 04 00 10 10 02 02 00 01 1C 16 
12:03:27.037-<<<<-接收-68 1F 00 83 08 F0 00 00 FE 00 10 10 02 04 00 02 00 01 06 00 00 00 00 00 02 00 01 00 11 BC 16 
12:03:43.062->>>>-发送-68 12 00 43 00 00 00 B0 04 00 10 10 02 02 00 02 1D 16 
12:03:43.223-<<<<-接收-68 2A 00 83 08 F0 00 00 FE 00 10 10 02 04 00 02 00 02 06 00 00 00 00 00 02 00 01 00 11 33 00 00 00 00 00 03 00 01 00 11 05 16 
12:03:55.405->>>>-发送-68 12 00 43 00 00 00 B0 04 00 10 10 02 02 00 03 1E 16 
12:03:55.586-<<<<-接收-68 35 00 83 08 F0 00 00 FE 00 10 10 02 04 00 02 00 03 06 00 00 00 00 00 02 00 01 00 11 33 00 00 00 00 00 03 00 01 00 11 11 11 11 11 11 11 04 00 01 00 11 82 16 
12:04:15.832->>>>-发送-68 12 00 43 00 00 00 B0 04 00 10 10 02 04 00 99 B6 16 
12:04:16.031-<<<<-接收-68 1F 00 83 08 F0 00 00 FE 00 10 10 02 04 00 04 00 01 11 11 11 11 11 11 04 00 01 00 11 20 16 
12:04:34.054->>>>-发送-68 12 00 43 00 00 00 B0 04 00 10 10 02 01 00 02 1C 16 
12:04:34.203-<<<<-接收-68 1F 00 83 08 F0 00 00 FE 00 10 10 02 04 00 01 00 01 22 33 44 55 66 77 01 00 01 00 40 AE 16 
12:12:59.952->>>>-发送-68 12 00 43 00 00 00 B0 04 00 10 10 02 01 00 02 1C 16 
12:13:00.114-<<<<-接收-68 1F 00 83 00 00 00 00 00 00 10 10 02 04 00 01 00 01 22 33 44 55 66 77 01 00 01 00 40 B8 16 
12:13:21.386->>>>-发送-68 12 00 43 00 00 00 B0 04 00 10 10 02 01 00 02 1C 16 
12:13:21.537-<<<<-接收-68 1F 00 83 00 00 00 00 00 00 10 10 02 04 00 01 00 01 22 33 44 55 66 77 01 00 01 00 40 B8 16 
12:15:08.454->>>>-发送-68 12 00 43 00 00 00 B0 04 00 10 10 02 01 00 03 1D 16 
12:15:08.605-<<<<-接收-68 2A 00 83 00 00 00 00 00 00 10 10 02 04 00 01 00 02 22 33 44 55 66 77 01 00 01 00 40 33 00 00 00 00 00 02 00 01 00 11 00 16 
12:15:24.904->>>>-发送-68 12 00 43 00 00 00 B0 04 00 10 10 02 01 00 03 1D 16 
12:15:25.075-<<<<-接收-68 2A 00 83 00 00 00 00 00 00 10 10 02 04 00 01 00 02 22 33 44 55 66 77 01 00 01 00 40 33 00 00 00 00 00 02 00 01 00 11 00 16 
12:15:41.964->>>>-发送-68 12 00 43 00 00 00 B0 04 00 10 10 02 02 00 01 1C 16 
12:15:42.112-<<<<-接收-68 1F 00 83 00 00 00 00 00 00 10 10 02 04 00 02 00 01 33 00 00 00 00 00 02 00 01 00 11 F3 16 
12:16:12.062->>>>-发送-68 12 00 43 00 00 00 B0 04 00 10 10 02 01 00 03 1D 16 
12:16:12.232-<<<<-接收-68 2A 00 83 00 00 00 00 00 00 10 10 02 04 00 01 00 02 22 33 44 55 66 77 01 00 01 00 40 33 00 00 00 00 00 02 00 01 00 11 00 16 
12:19:42.370->>>>-发送-68 12 00 43 00 00 00 B0 04 00 10 10 02 01 00 03 1D 16 
12:19:42.540-<<<<-接收-68 35 00 83 00 00 00 00 00 00 10 10 02 04 00 01 00 03 22 33 44 55 66 77 01 00 01 00 40 06 00 00 00 00 00 02 00 01 00 11 33 00 00 00 00 00 03 00 01 00 11 1C 16 
12:19:50.584->>>>-发送-68 12 00 43 00 00 00 B0 04 00 10 10 02 01 00 03 1D 16 
12:19:50.776-<<<<-接收-68 35 00 83 00 00 00 00 00 00 10 10 02 04 00 01 00 03 22 33 44 55 66 77 01 00 01 00 40 06 00 00 00 00 00 02 00 01 00 11 33 00 00 00 00 00 03 00 01 00 11 1C 16 
12:20:12.439->>>>-发送-68 12 00 43 00 00 00 B0 04 00 10 10 02 01 00 02 1C 16 
12:20:12.610-<<<<-接收-68 2A 00 83 00 00 00 00 00 00 10 10 02 04 00 01 00 02 22 33 44 55 66 77 01 00 01 00 40 06 00 00 00 00 00 02 00 01 00 11 D3 16 
12:20:35.423->>>>-发送-68 12 00 43 00 00 00 B0 04 00 10 10 02 01 00 FF 19 16 
12:20:35.734-<<<<-接收-68 40 00 83 00 00 00 00 00 00 10 10 02 04 00 01 00 04 22 33 44 55 66 77 01 00 01 00 40 06 00 00 00 00 00 02 00 01 00 11 33 00 00 00 00 00 03 00 01 00 11 11 11 11 11 11 11 04 00 01 00 11 99 16 
15:08:16.526->>>>-发送-68 12 00 43 00 00 00 B0 04 00 10 10 02 01 00 FF 19 16 
15:08:30.487->>>>-发送-68 12 00 43 00 00 00 B0 04 00 10 10 02 01 00 FF 19 16 
15:08:32.924-<<<<-接收-68 40 00 83 00 00 00 00 00 00 10 10 02 04 00 01 00 04 22 33 44 55 66 77 01 00 01 00 40 11 11 11 11 11 11 02 00 01 00 11 33 00 00 00 00 00 03 00 01 00 11 06 00 00 00 00 00 04 00 01 00 11 99 16 
15:09:02.656->>>>-发送-68 12 00 43 00 00 00 B0 04 00 10 10 02 01 00 02 1C 16 
15:09:02.806-<<<<-接收-68 2A 00 83 00 00 00 00 EA 00 10 10 02 04 00 01 00 02 22 33 44 55 66 77 01 00 01 00 40 11 11 11 11 11 11 02 00 01 00 11 1D 16 
15:16:03.395->>>>-发送-68 12 00 43 00 00 00 B0 04 00 10 10 02 01 00 02 1C 16 
15:16:03.556-<<<<-接收-68 2A 00 83 08 F0 00 00 FE 00 10 10 02 04 00 01 00 02 22 33 44 55 66 77 01 00 01 00 40 33 00 00 00 00 00 02 00 01 00 11 F6 16 
15:16:37.907->>>>-发送-68 12 00 43 00 00 00 B0 04 00 10 10 02 01 00 10 2A 16 
15:16:38.097-<<<<-接收-68 40 00 83 08 F0 00 00 FE 00 10 10 02 04 00 01 00 04 22 33 44 55 66 77 01 00 01 00 40 33 00 00 00 00 00 02 00 01 00 11 11 11 11 11 11 11 03 00 01 00 11 06 00 00 00 00 00 04 00 01 00 11 8F 16 
15:54:36.603->>>>-发送-68 0F 00 43 00 00 00 B0 04 00 03 08 00 02 16 
15:54:36.712-<<<<-接收-68 15 00 83 08 10 00 00 00 00 03 08 00 22 33 44 55 66 77 71 16 
15:54:36.775->>>>-发送-68 12 00 43 00 00 00 B0 04 00 10 10 02 01 00 10 2A 16 
15:54:36.947-<<<<-接收-68 35 00 83 08 F0 00 00 FE 00 10 10 02 03 00 01 00 03 22 33 44 55 66 77 01 00 01 00 40 33 00 00 00 00 00 02 00 01 00 11 06 00 00 00 00 00 04 00 01 00 11 12 16 
15:54:58.793->>>>-发送-68 22 00 43 00 00 00 B0 04 00 11 02 00 03 06 00 00 00 00 00 11 11 11 11 11 11 33 00 00 00 00 00 AC 16 
15:54:58.933-<<<<-接收-68 15 00 83 08 F0 00 00 00 00 00 01 00 00 00 00 00 02 00 7E 16 
15:55:03.293->>>>-发送-68 0F 00 43 00 00 00 B0 04 00 10 01 00 08 16 
15:55:03.403-<<<<-接收-68 13 00 83 00 00 00 00 FC 00 10 01 00 00 00 F8 03 8B 16 
15:55:03.465->>>>-发送-68 12 00 43 00 00 00 B0 04 00 10 02 00 01 00 10 1A 16 
15:55:03.590-<<<<-接收-68 12 00 83 00 00 00 00 00 00 10 02 00 00 00 00 95 16 
15:57:31.946->>>>-发送-68 17 00 43 00 00 00 B0 04 00 11 01 00 01 33 00 00 00 00 00 02 3F 16 
15:57:32.086-<<<<-接收-68 15 00 83 08 F0 00 00 FE 00 00 01 00 00 00 00 00 02 00 7C 16 
15:58:51.642->>>>-发送-68 22 00 43 00 00 00 B0 04 00 11 02 00 03 06 00 00 00 00 00 11 11 11 11 11 11 33 00 00 00 00 00 AC 16 
15:58:51.782-<<<<-接收-68 15 00 83 00 00 00 00 00 00 00 01 00 00 00 00 00 02 00 86 16 
15:58:56.189->>>>-发送-68 0F 00 43 00 00 00 B0 04 00 10 01 00 08 16 
15:58:56.298-<<<<-接收-68 13 00 83 00 00 00 00 00 00 10 01 00 00 00 F8 03 8F 16 
15:58:56.361->>>>-发送-68 12 00 43 00 00 00 B0 04 00 10 02 00 01 00 10 1A 16 
15:58:56.470-<<<<-接收-68 12 00 83 00 00 00 00 FE 00 10 02 00 00 00 00 93 16 
16:01:11.261->>>>-发送-68 0F 00 43 00 00 00 B0 04 00 10 01 00 08 16 
16:01:11.386-<<<<-接收-68 13 00 83 08 F0 00 00 FE 00 10 01 00 00 00 F8 03 85 16 
16:01:11.449->>>>-发送-68 12 00 43 00 00 00 B0 04 00 10 02 00 01 00 10 1A 16 
16:01:11.558-<<<<-接收-68 12 00 83 08 F0 00 00 FE 00 10 02 00 00 00 00 8B 16 
16:01:11.621->>>>-发送-68 17 00 43 00 00 00 B0 04 00 11 01 00 01 33 00 00 00 00 00 02 3F 16 
16:01:11.762-<<<<-接收-68 15 00 83 00 00 00 00 00 00 00 01 00 00 00 00 00 02 00 86 16 
16:09:57.494->>>>-发送-68 0F 00 43 00 00 00 B0 04 00 10 01 00 08 16 
16:09:57.604-<<<<-接收-68 13 00 83 00 00 00 00 FE 00 10 01 00 01 00 F8 03 8E 16 
16:09:57.666->>>>-发送-68 12 00 43 00 00 00 B0 04 00 10 02 00 01 00 10 1A 16 
16:09:57.791-<<<<-接收-68 1A 00 83 00 00 00 00 FE 00 10 02 00 01 00 01 33 00 00 00 00 00 00 10 D8 16 
16:09:57.854->>>>-发送-68 22 00 43 00 00 00 B0 04 00 11 02 00 03 06 00 00 00 00 00 11 11 11 11 11 11 33 00 00 00 00 00 AC 16 
16:09:58.010-<<<<-接收-68 15 00 83 00 00 00 00 FC 00 00 01 00 00 00 00 00 02 00 82 16 
16:10:01.964->>>>-发送-68 0F 00 43 00 00 00 B0 04 00 10 01 00 08 16 
16:10:02.073-<<<<-接收-68 13 00 83 00 00 00 00 FE 00 10 01 00 00 00 F8 03 8D 16 
16:10:02.135->>>>-发送-68 12 00 43 00 00 00 B0 04 00 10 02 00 01 00 10 1A 16 
16:10:02.245-<<<<-接收-68 12 00 83 00 00 00 00 FE 00 10 02 00 00 00 00 93 16 
16:17:44.893->>>>-发送-68 0F 00 43 00 00 00 B0 04 00 10 01 00 08 16 
16:17:45.002-<<<<-接收-68 13 00 83 00 00 00 00 FE 00 10 01 00 00 00 F8 03 8D 16 
16:17:45.064->>>>-发送-68 12 00 43 00 00 00 B0 04 00 10 02 00 01 00 10 1A 16 
16:17:45.174-<<<<-接收-68 12 00 83 08 F0 00 00 FE 00 10 02 00 00 00 00 8B 16 
16:18:07.442->>>>-发送-68 17 00 43 00 00 00 B0 04 00 11 01 00 01 06 00 00 00 00 00 02 12 16 
16:18:07.582-<<<<-接收-68 15 00 83 00 60 00 00 FE 00 00 01 00 00 00 00 00 02 00 E4 16 
16:23:40.202->>>>-发送-68 22 00 43 00 00 00 B0 04 00 11 02 00 03 06 00 00 00 00 00 11 11 11 11 11 11 33 00 00 00 00 00 AC 16 
16:23:40.358-<<<<-接收-68 15 00 83 00 60 00 00 FE 00 00 01 00 00 00 00 00 02 00 E4 16 
16:24:00.642->>>>-发送-68 17 00 43 00 00 00 B0 04 00 11 01 00 01 06 00 00 00 00 00 02 12 16 
16:24:00.798-<<<<-接收-68 15 00 83 00 60 00 00 FE 00 00 01 00 00 00 00 00 02 00 E4 16 
16:30:58.907->>>>-发送-68 0F 00 43 00 00 00 B0 04 00 10 01 00 08 16 
16:30:59.016-<<<<-接收-68 13 00 83 00 00 00 00 FE 00 10 01 00 01 00 F8 03 8E 16 
16:30:59.079->>>>-发送-68 12 00 43 00 00 00 B0 04 00 10 02 00 01 00 10 1A 16 
16:30:59.204-<<<<-接收-68 1A 00 83 00 00 00 00 FE 00 10 02 00 01 00 01 06 00 00 00 00 00 00 10 AB 16 
16:31:05.595->>>>-发送-68 22 00 43 00 00 00 B0 04 00 11 02 00 03 06 00 00 00 00 00 11 11 11 11 11 11 33 00 00 00 00 00 AC 16 
16:31:05.736-<<<<-接收-68 15 00 83 00 60 00 00 FE 00 00 01 00 00 00 00 00 02 00 E4 16 
16:33:41.468->>>>-发送-68 17 00 43 00 00 00 B0 04 00 11 01 00 01 06 00 00 00 00 00 02 12 16 
16:33:41.624-<<<<-接收-68 15 00 83 00 60 00 00 FE 00 00 01 00 00 00 00 00 02 00 E4 16 
16:41:56.299->>>>-发送-68 22 00 43 00 00 00 B0 04 00 11 02 00 03 06 00 00 00 00 00 11 11 11 11 11 11 33 00 00 00 00 00 AC 16 
16:41:56.440-<<<<-接收-68 15 00 83 00 60 00 00 FE 00 00 01 00 00 00 00 00 02 00 E4 16 
16:42:00.909->>>>-发送-68 0F 00 43 00 00 00 B0 04 00 10 01 00 08 16 
16:42:01.018-<<<<-接收-68 13 00 83 00 00 00 00 FE 00 10 01 00 00 00 F8 03 8D 16 
16:42:01.081->>>>-发送-68 12 00 43 00 00 00 B0 04 00 10 02 00 01 00 10 1A 16 
16:42:01.190-<<<<-接收-68 12 00 83 00 00 00 00 FE 00 10 02 00 00 00 00 93 16 
16:43:01.123->>>>-发送-68 17 00 43 00 00 00 B0 04 00 11 01 00 01 33 00 00 00 00 00 02 3F 16 
16:43:01.264-<<<<-接收-68 15 00 83 00 60 00 00 FE 00 00 01 00 00 00 00 00 02 00 E4 16 
19:27:30.912->>>>-发送-68 0F 00 43 00 00 00 B0 04 00 10 01 00 08 16 
19:27:31.037-<<<<-接收-68 13 00 83 08 F0 00 00 FE 00 10 01 00 01 00 F8 03 86 16 
19:27:31.099->>>>-发送-68 12 00 43 00 00 00 B0 04 00 10 02 00 01 00 10 1A 16 
19:27:31.224-<<<<-接收-68 1A 00 83 08 F0 00 00 FE 00 10 02 00 01 00 01 33 00 00 00 00 00 00 10 D0 16 
19:39:25.405->>>>-发送-68 1E 00 43 00 00 00 B0 04 00 11 01 00 02 33 00 00 00 00 00 02 06 01 00 00 00 00 02 49 16 
19:39:25.546-<<<<-接收-68 15 00 83 08 F0 00 00 FE 00 00 01 00 00 00 00 00 02 00 7C 16 
19:48:53.925->>>>-发送-68 1E 00 43 00 00 00 B0 04 00 11 01 00 02 33 00 00 00 00 00 02 06 01 00 00 00 00 02 49 16 
19:48:54.066-<<<<-接收-68 15 00 83 00 00 00 00 00 00 00 01 00 00 00 00 00 02 00 86 16 
