17:06:42.452->>>>-发送-68 12 00 43 00 00 00 B0 04 00 10 10 02 01 00 09 23 16 
17:07:03.657->>>>-发送-68 12 00 43 00 00 00 B0 04 00 10 10 02 01 00 09 23 16 
17:07:03.876-<<<<-接收-68 40 00 83 08 F0 00 00 FE 00 10 10 02 04 00 01 00 04 77 66 55 44 33 22 01 00 01 00 40 09 00 00 00 00 10 02 00 01 00 11 00 50 00 00 00 00 03 00 01 00 11 06 00 00 00 00 00 04 00 01 00 11 5F 16 
17:07:16.096->>>>-发送-68 12 00 43 00 00 00 B0 04 00 10 10 02 01 00 09 23 16 
17:07:16.315-<<<<-接收-68 40 00 83 08 F0 00 00 FE 00 10 10 02 04 00 01 00 04 77 66 55 44 33 22 01 00 01 00 40 09 00 00 00 00 10 02 00 01 00 11 00 50 00 00 00 00 03 00 01 00 11 06 00 00 00 00 00 04 00 01 00 11 5F 16 
17:07:32.160->>>>-发送-68 12 00 43 00 00 00 B0 04 00 10 10 02 02 00 09 24 16 
17:07:32.348-<<<<-接收-68 35 00 83 08 F0 00 00 FE 00 10 10 02 04 00 02 00 03 09 00 00 00 00 10 02 00 01 00 11 00 50 00 00 00 00 03 00 01 00 11 06 00 00 00 00 00 04 00 01 00 11 52 16 
17:07:51.225->>>>-发送-68 12 00 43 00 00 00 B0 04 00 10 10 02 03 00 09 25 16 
17:07:52.772-<<<<-接收-68 2A 00 83 08 F0 00 00 FE 00 10 10 02 04 00 03 00 02 00 50 00 00 00 00 03 00 01 00 11 06 00 00 00 00 00 04 00 01 00 11 25 16 
17:09:25.844->>>>-发送-68 12 00 43 00 00 00 B0 04 00 10 10 02 03 00 09 25 16 
17:09:27.375-<<<<-接收-68 2A 00 83 08 F0 00 00 FE 00 10 10 02 04 00 03 00 02 00 50 00 00 00 00 03 00 01 00 11 06 00 00 00 00 00 04 00 01 00 11 25 16 
19:54:27.392->>>>-发送-68 12 00 43 00 00 00 B0 04 00 10 10 02 03 00 09 25 16 
19:54:27.923-<<<<-接收-68 2A 00 83 08 F0 00 00 FE 00 10 10 02 04 00 03 00 02 00 50 00 00 00 00 03 00 01 00 11 06 00 00 00 00 00 04 00 01 00 11 25 16 
19:54:31.486->>>>-发送-68 12 00 43 00 00 00 B0 04 00 10 10 02 03 00 09 25 16 
19:54:32.017-<<<<-接收-68 2A 00 83 08 F0 00 00 FE 00 10 10 02 04 00 03 00 02 00 50 00 00 00 00 03 00 01 00 11 06 00 00 00 00 00 04 00 01 00 11 25 16 
19:54:34.236->>>>-发送-68 12 00 43 00 00 00 B0 04 00 10 10 02 03 00 09 25 16 
19:54:34.768-<<<<-接收-68 2A 00 83 08 F0 00 00 FE 00 10 10 02 04 00 03 00 02 00 50 00 00 00 00 03 00 01 00 11 06 00 00 00 00 00 04 00 01 00 11 25 16 
19:54:36.268->>>>-发送-68 12 00 43 00 00 00 B0 04 00 10 10 02 03 00 09 25 16 
19:54:36.815-<<<<-接收-68 2A 00 83 00 00 00 00 FE 00 10 10 02 04 00 03 00 02 00 50 00 00 00 00 03 00 01 00 11 06 00 00 00 00 00 04 00 01 00 11 2D 16 
19:54:40.940->>>>-发送-68 12 00 43 00 00 00 B0 04 00 10 10 02 03 00 09 25 16 
19:54:41.472-<<<<-接收-68 2A 00 83 00 00 00 00 FE 00 10 10 02 04 00 03 00 02 00 50 00 00 00 00 03 00 01 00 11 06 00 00 00 00 00 04 00 01 00 11 2D 16 
19:54:52.145->>>>-发送-68 12 00 43 00 00 00 B0 04 00 10 10 02 03 00 09 25 16 
19:55:02.255-<<<<-接收-68 14 00 83 00 00 00 00 00 00 10 10 02 00 00 00 00 00 A5 16 
19:55:04.693->>>>-发送-68 12 00 43 00 00 00 B0 04 00 10 10 02 03 00 09 25 16 
19:55:14.788-<<<<-接收-68 14 00 83 00 00 00 00 00 00 10 10 02 00 00 00 00 00 A5 16 
19:55:54.073->>>>-发送-68 12 00 43 00 00 00 B0 04 00 10 10 02 03 00 09 25 16 
19:56:04.152-<<<<-接收-68 14 00 83 00 00 00 00 00 00 10 10 02 00 00 00 00 00 A5 16 
19:56:13.419->>>>-发送-68 12 00 43 00 00 00 B0 04 00 10 10 02 03 00 09 25 16 
19:56:23.498-<<<<-接收-68 14 00 83 00 00 00 00 00 00 10 10 02 00 00 00 00 00 A5 16 
19:56:26.405->>>>-发送-68 12 00 43 00 00 00 B0 04 00 10 10 02 03 00 09 25 16 
19:56:26.936-<<<<-接收-68 2A 00 83 00 00 00 00 00 00 10 10 02 04 00 03 00 02 00 50 00 00 00 00 03 00 01 00 11 06 00 00 00 00 00 04 00 01 00 11 2F 16 
19:56:57.721->>>>-发送-68 12 00 43 00 00 00 B0 04 00 10 10 02 03 00 09 25 16 
19:56:58.267-<<<<-接收-68 2A 00 83 00 00 00 00 00 00 10 10 02 04 00 03 00 02 00 50 00 00 00 00 03 00 01 00 11 06 00 00 00 00 00 04 00 01 00 11 2F 16 
19:59:23.426->>>>-发送-68 12 00 43 00 00 00 B0 04 00 10 10 02 03 00 09 25 16 
19:59:23.973-<<<<-接收-68 2A 00 83 00 00 00 00 00 00 10 10 02 04 00 03 00 02 00 50 00 00 00 00 03 00 01 00 11 06 00 00 00 00 00 04 00 01 00 11 2F 16 
19:59:25.614->>>>-发送-68 12 00 43 00 00 00 B0 04 00 10 10 02 03 00 09 25 16 
19:59:26.145-<<<<-接收-68 2A 00 83 00 00 00 00 00 00 10 10 02 04 00 03 00 02 00 50 00 00 00 00 03 00 01 00 11 06 00 00 00 00 00 04 00 01 00 11 2F 16 
19:59:27.208->>>>-发送-68 12 00 43 00 00 00 B0 04 00 10 10 02 03 00 09 25 16 
19:59:27.739-<<<<-接收-68 2A 00 83 00 00 00 00 00 00 10 10 02 04 00 03 00 02 00 50 00 00 00 00 03 00 01 00 11 06 00 00 00 00 00 04 00 01 00 11 2F 16 
19:59:28.442->>>>-发送-68 12 00 43 00 00 00 B0 04 00 10 10 02 03 00 09 25 16 
19:59:28.974-<<<<-接收-68 2A 00 83 00 00 00 00 00 00 10 10 02 04 00 03 00 02 00 50 00 00 00 00 03 00 01 00 11 06 00 00 00 00 00 04 00 01 00 11 2F 16 
19:59:29.630->>>>-发送-68 12 00 43 00 00 00 B0 04 00 10 10 02 03 00 09 25 16 
19:59:30.161-<<<<-接收-68 2A 00 83 00 00 00 00 00 00 10 10 02 04 00 03 00 02 00 50 00 00 00 00 03 00 01 00 11 06 00 00 00 00 00 04 00 01 00 11 2F 16 
19:59:30.943->>>>-发送-68 12 00 43 00 00 00 B0 04 00 10 10 02 03 00 09 25 16 
19:59:31.474-<<<<-接收-68 2A 00 83 00 00 00 00 00 00 10 10 02 04 00 03 00 02 00 50 00 00 00 00 03 00 01 00 11 06 00 00 00 00 00 04 00 01 00 11 2F 16 
19:59:32.240->>>>-发送-68 12 00 43 00 00 00 B0 04 00 10 10 02 03 00 09 25 16 
19:59:32.771-<<<<-接收-68 2A 00 83 00 00 00 00 00 00 10 10 02 04 00 03 00 02 00 50 00 00 00 00 03 00 01 00 11 06 00 00 00 00 00 04 00 01 00 11 2F 16 
19:59:33.380->>>>-发送-68 12 00 43 00 00 00 B0 04 00 10 10 02 03 00 09 25 16 
19:59:33.927-<<<<-接收-68 2A 00 83 00 00 00 00 00 00 10 10 02 04 00 03 00 02 00 50 00 00 00 00 03 00 01 00 11 06 00 00 00 00 00 04 00 01 00 11 2F 16 
19:59:34.724->>>>-发送-68 12 00 43 00 00 00 B0 04 00 10 10 02 03 00 09 25 16 
19:59:35.256-<<<<-接收-68 2A 00 83 00 00 00 00 00 00 10 10 02 04 00 03 00 02 00 50 00 00 00 00 03 00 01 00 11 06 00 00 00 00 00 04 00 01 00 11 2F 16 
19:59:36.537->>>>-发送-68 12 00 43 00 00 00 B0 04 00 10 10 02 03 00 09 25 16 
19:59:37.068-<<<<-接收-68 2A 00 83 00 00 00 00 00 00 10 10 02 04 00 03 00 02 00 50 00 00 00 00 03 00 01 00 11 06 00 00 00 00 00 04 00 01 00 11 2F 16 
