08:53:39.589->>>>-发送-68 0F 00 43 00 00 00 B0 04 00 03 08 00 02 16 
08:53:39.683-<<<<-接收-68 15 00 83 F8 F0 00 00 FE 00 03 08 00 12 34 56 78 00 02 8A 16 
09:01:43.985->>>>-发送-68 0F 00 43 00 00 00 B0 04 00 10 01 00 08 16 
09:01:44.079-<<<<-接收-68 13 00 83 00 00 00 00 00 00 10 01 00 01 00 F8 07 94 16 
09:01:44.141->>>>-发送-68 12 00 43 00 00 00 B0 04 00 10 02 00 01 00 0A 14 16 
09:01:44.235-<<<<-接收-68 1A 00 83 F8 10 00 00 06 00 10 02 00 01 00 01 07 00 00 00 00 00 00 10 BC 16 
09:02:09.800->>>>-发送-68 16 00 43 00 00 00 B0 04 00 11 02 00 01 07 00 00 00 00 00 12 16 
09:02:09.909-<<<<-接收-68 15 00 83 F8 F0 00 00 FE 00 00 01 00 00 00 00 00 00 00 6A 16 
09:39:07.147->>>>-发送-68 22 00 43 00 00 00 B0 04 00 F0 04 03 03 00 01 00 00 00 00 06 00 00 00 00 00 11 11 11 11 11 11 5E 16 
09:39:07.272-<<<<-接收-68 15 00 83 F8 F0 00 00 FE 00 00 01 00 00 00 00 00 00 00 6A 16 
09:42:27.840->>>>-发送-68 11 00 43 00 00 00 B0 04 00 F0 10 03 01 10 0B 16 
09:42:27.950-<<<<-接收-68 10 00 83 78 00 00 00 FE 00 00 02 00 13 0E 16 
09:42:33.935->>>>-发送-68 11 00 43 00 00 00 B0 04 00 F0 10 03 01 10 0B 16 
09:42:34.044-<<<<-接收-68 10 00 83 F8 F0 00 00 FE 00 00 02 00 13 7E 16 
09:43:07.016->>>>-发送-68 22 00 43 00 00 00 B0 04 00 F0 04 03 03 00 01 00 00 00 00 06 00 00 00 00 00 11 11 11 11 11 11 5E 16 
09:43:07.141-<<<<-接收-68 15 00 83 F8 F0 00 00 FE 00 00 01 00 00 00 00 00 00 00 6A 16 
09:52:23.713->>>>-发送-68 0F 00 43 00 00 00 B0 04 00 03 08 00 02 16 
09:52:23.823-<<<<-接收-68 15 00 83 F8 F0 00 00 FE 00 03 08 00 12 34 56 78 00 02 8A 16 
09:53:48.926->>>>-发送-68 0F 00 43 00 00 00 B0 04 00 03 08 00 02 16 
09:53:49.035-<<<<-接收-68 15 00 83 F8 F0 00 00 FE 00 03 08 00 12 34 56 78 00 02 8A 16 
09:53:49.098->>>>-发送-68 22 00 43 00 00 00 B0 04 00 F0 04 03 03 00 01 00 00 00 00 06 00 00 00 00 00 11 11 11 11 11 11 5E 16 
09:53:49.223-<<<<-接收-68 15 00 83 F8 F0 00 00 FE 00 00 01 00 00 00 00 00 00 00 6A 16 
09:55:25.702->>>>-发送-68 0F 00 43 00 00 00 B0 04 00 03 08 00 02 16 
09:55:25.795-<<<<-接收-68 15 00 83 F8 F0 00 00 FE 00 03 08 00 12 34 56 78 00 02 8A 16 
09:55:25.858->>>>-发送-68 11 00 43 00 00 00 B0 04 00 F0 10 03 01 10 0B 16 
09:55:25.952-<<<<-接收-68 10 00 83 78 00 00 00 FE 00 00 02 00 13 0E 16 
09:55:44.313->>>>-发送-68 0F 00 43 00 00 00 B0 04 00 03 08 00 02 16 
09:55:44.407-<<<<-接收-68 15 00 83 F8 F0 00 00 FE 00 03 08 00 12 34 56 78 00 02 8A 16 
09:55:44.469->>>>-发送-68 22 00 43 00 00 00 B0 04 00 F0 04 03 03 00 01 00 00 00 00 06 00 00 00 00 00 11 11 11 11 11 11 5E 16 
09:55:44.594-<<<<-接收-68 15 00 83 F8 F0 00 00 FE 00 00 01 00 00 00 00 00 00 00 6A 16 
09:56:08.081->>>>-发送-68 0F 00 43 00 00 00 B0 04 00 03 08 00 02 16 
09:56:08.175-<<<<-接收-68 15 00 83 00 00 00 00 00 00 03 08 00 12 34 56 78 00 02 A4 16 
09:56:08.237->>>>-发送-68 0F 00 43 00 00 00 B0 04 00 10 01 00 08 16 
09:56:08.347-<<<<-接收-68 13 00 83 08 00 00 00 FE 00 10 01 00 00 00 F8 07 99 16 
09:56:08.409->>>>-发送-68 12 00 43 00 00 00 B0 04 00 10 02 00 01 00 0A 14 16 
09:56:08.519-<<<<-接收-68 10 00 83 F8 F0 00 00 FE 00 00 02 00 1C 87 16 
09:57:53.007->>>>-发送-68 25 00 43 00 00 00 B0 04 00 11 01 00 03 00 01 00 00 00 00 02 06 00 00 00 00 00 02 11 11 11 11 11 11 02 7F 16 
09:57:53.132-<<<<-接收-68 15 00 83 F8 10 00 00 FE 00 00 01 00 00 00 00 00 00 00 8A 16 
09:58:48.130->>>>-发送-68 25 00 43 00 00 00 B0 04 00 11 01 00 03 00 01 00 00 00 00 02 06 00 00 00 00 00 02 11 11 11 11 11 11 02 7F 16 
09:58:48.270-<<<<-接收-68 10 00 83 F8 F0 00 00 FE 00 00 02 00 22 8D 16 
09:58:48.333->>>>-发送-68 22 00 43 00 00 00 B0 04 00 F0 04 03 03 00 01 00 00 00 00 06 00 00 00 00 00 11 11 11 11 11 11 5E 16 
09:58:48.458-<<<<-接收-68 15 00 83 78 00 00 00 FE 00 00 01 00 00 00 00 00 00 00 FA 16 
09:59:40.917->>>>-发送-68 11 00 43 00 00 00 B0 04 00 F0 10 03 01 10 0B 16 
09:59:41.057-<<<<-接收-68 23 00 83 F8 10 00 00 04 00 F0 10 03 03 03 06 00 00 00 00 00 00 01 00 00 00 00 11 11 11 11 11 11 05 16 
10:02:14.433->>>>-发送-68 12 00 43 00 00 00 B0 04 00 10 02 00 01 00 0A 14 16 
10:02:14.558-<<<<-接收-68 2A 00 83 00 00 00 00 00 00 10 02 00 03 00 03 00 01 00 00 00 00 00 10 06 00 00 00 00 00 00 10 11 11 11 11 11 11 00 10 38 16 
10:04:54.450->>>>-发送-68 12 00 43 00 00 00 B0 04 00 10 02 00 01 00 0A 14 16 
10:04:54.591-<<<<-接收-68 2A 00 83 00 00 00 00 04 00 10 02 00 03 00 03 00 01 00 00 00 00 00 10 06 00 00 00 00 00 00 10 11 11 11 11 11 11 00 10 3C 16 
10:04:54.653->>>>-发送-68 11 00 43 00 00 00 B0 04 00 F0 10 03 01 10 0B 16 
10:04:54.762-<<<<-接收-68 23 00 83 F8 10 00 00 04 00 F0 10 03 03 03 06 00 00 00 00 00 00 01 00 00 00 00 11 11 11 11 11 11 05 16 
10:19:46.673->>>>-发送-68 12 00 43 00 00 00 B0 04 00 10 02 00 01 00 0A 14 16 
10:19:46.798-<<<<-接收-68 2A 00 83 F8 F0 00 00 FE 00 10 02 00 03 00 03 00 01 00 00 00 00 00 10 06 00 00 00 00 00 00 10 11 11 11 11 11 11 00 10 1E 16 
10:19:46.861->>>>-发送-68 11 00 43 00 00 00 B0 04 00 F0 10 03 01 10 0B 16 
10:19:46.970-<<<<-接收-68 10 00 83 F8 F0 00 00 FE 00 00 02 00 13 7E 16 
10:20:16.380->>>>-发送-68 11 00 43 00 00 00 B0 04 00 F0 10 03 01 10 0B 16 
10:20:16.520-<<<<-接收-68 23 00 83 F8 10 00 00 04 00 F0 10 03 03 03 06 00 00 00 00 00 00 01 00 00 00 00 11 11 11 11 11 11 05 16 
10:32:20.918->>>>-发送-68 0F 00 43 00 00 00 B0 04 00 01 02 00 FA 16 
10:32:22.152-<<<<-接收-68 15 00 83 F8 F0 00 00 FE 00 00 01 00 00 00 00 00 00 00 6A 16 
10:32:32.263->>>>-发送-68 2C 00 43 00 00 00 B0 04 00 11 01 00 04 00 01 00 00 00 00 02 06 00 00 00 00 00 02 11 11 11 11 11 11 02 08 08 08 08 08 08 02 B2 16 
10:32:32.403-<<<<-接收-68 15 00 83 F8 F0 00 00 FE 00 00 01 00 00 00 00 00 00 00 6A 16 
10:33:01.016->>>>-发送-68 11 00 43 00 00 00 B0 04 00 F0 10 03 01 10 0B 16 
10:33:01.156-<<<<-接收-68 29 00 83 F8 10 00 00 04 00 F0 10 03 04 04 06 00 00 00 00 00 00 01 00 00 00 00 08 08 08 08 08 08 11 11 11 11 11 11 37 16 
10:42:43.059->>>>-发送-68 0F 00 43 00 00 00 B0 04 00 03 08 00 02 16 
10:42:43.153-<<<<-接收-68 15 00 83 F8 F0 00 00 FE 00 03 08 00 BB BB BB BB BB BB D6 16 
10:42:49.247->>>>-发送-68 15 00 43 00 00 00 B0 04 00 05 01 00 12 34 56 65 43 21 62 16 
10:42:49.419-<<<<-接收-68 15 00 83 F8 F0 00 00 FE 00 00 01 00 00 00 00 00 00 00 6A 16 
10:56:36.054->>>>-发送-68 11 00 43 00 00 00 B0 04 00 F0 10 03 01 10 0B 16 
10:56:36.194-<<<<-接收-68 23 00 83 F8 10 00 00 04 00 F0 10 03 03 03 06 00 00 00 00 00 00 01 00 00 00 00 08 08 08 08 08 08 CF 16 
10:57:28.606->>>>-发送-68 11 00 43 00 00 00 B0 04 00 F0 10 03 01 10 0B 16 
10:57:28.747-<<<<-接收-68 23 00 83 F8 10 00 00 04 00 F0 10 03 03 03 06 00 00 00 00 00 00 01 00 00 00 00 08 08 08 08 08 08 CF 16 
11:11:47.678->>>>-发送-68 0F 00 43 00 00 00 B0 04 00 03 08 00 02 16 
11:11:47.772-<<<<-接收-68 15 00 83 F8 F0 00 00 FE 00 03 08 00 12 34 56 65 43 21 D9 16 
11:11:55.539->>>>-发送-68 0F 00 43 00 00 00 B0 04 00 10 01 00 08 16 
11:11:55.648-<<<<-接收-68 13 00 83 F8 F0 00 00 FE 00 10 01 00 04 00 F8 07 7D 16 
11:12:00.602->>>>-发送-68 12 00 43 00 00 00 B0 04 00 10 02 00 01 00 0A 14 16 
11:12:00.742-<<<<-接收-68 32 00 83 F8 F0 00 00 FE 00 10 02 00 04 00 04 00 01 00 00 00 00 00 10 06 00 00 00 00 00 00 10 11 11 11 11 11 11 00 10 08 08 08 08 08 08 00 10 60 16 
11:12:08.727->>>>-发送-68 0F 00 43 00 00 00 B0 04 00 01 02 00 FA 16 
11:12:09.978-<<<<-接收-68 15 00 83 F8 F0 00 00 FE 00 00 01 00 00 00 00 00 00 00 6A 16 
11:12:24.932->>>>-发送-68 12 00 43 00 00 00 B0 04 00 10 02 00 01 00 0A 14 16 
11:12:25.042-<<<<-接收-68 1A 00 83 F8 F0 00 00 FE 00 10 02 00 01 00 01 08 08 08 08 08 08 00 10 BD 16 
11:12:32.011->>>>-发送-68 11 00 43 00 00 00 B0 04 00 F0 10 03 01 10 0B 16 
11:12:32.136-<<<<-接收-68 17 00 83 F8 10 00 00 04 00 F0 10 03 01 01 08 08 08 08 08 08 C4 16 
11:12:46.856->>>>-发送-68 11 00 43 00 00 00 B0 04 00 F0 10 03 01 10 0B 16 
11:12:46.981-<<<<-接收-68 17 00 83 F8 10 00 00 04 00 F0 10 03 01 01 08 08 08 08 08 08 C4 16 
11:12:59.311->>>>-发送-68 12 00 43 00 00 00 B0 04 00 10 02 00 01 00 0A 14 16 
11:12:59.420-<<<<-接收-68 1A 00 83 00 00 00 00 00 00 10 02 00 01 00 01 08 08 08 08 08 08 00 10 D7 16 
11:21:58.267->>>>-发送-68 12 00 43 00 00 00 B0 04 00 10 02 00 01 00 0A 14 16 
11:21:58.361-<<<<-接收-68 1A 00 83 F8 F0 00 00 FE 00 10 02 00 01 00 01 08 08 08 08 08 08 00 10 BD 16 
11:21:58.423->>>>-发送-68 11 00 43 00 00 00 B0 04 00 F0 10 03 01 10 0B 16 
11:21:58.564-<<<<-接收-68 17 00 83 F8 10 00 00 04 00 F0 10 03 01 01 08 08 08 08 08 08 C4 16 
11:25:03.146->>>>-发送-68 15 00 43 00 00 00 B0 04 00 05 01 00 12 34 56 65 43 21 62 16 
11:25:03.318-<<<<-接收-68 15 00 83 58 70 00 00 60 00 00 01 00 00 00 00 00 00 00 AC 16 
11:25:03.380->>>>-发送-68 11 00 43 00 00 00 B0 04 00 F0 10 03 01 10 0B 16 
11:25:03.521-<<<<-接收-68 17 00 83 F8 10 00 00 04 00 F0 10 03 01 01 08 08 08 08 08 08 C4 16 
11:25:11.913->>>>-发送-68 0F 00 43 00 00 00 B0 04 00 03 08 00 02 16 
11:25:12.022-<<<<-接收-68 15 00 83 00 00 00 00 04 00 03 08 00 12 34 56 65 43 21 F7 16 
11:25:47.065->>>>-发送-68 12 00 43 00 00 00 B0 04 00 10 02 00 01 00 0A 14 16 
11:25:47.174-<<<<-接收-68 1A 00 83 00 00 00 00 04 00 10 02 00 01 00 01 08 08 08 08 08 08 00 10 DB 16 
11:25:47.237->>>>-发送-68 11 00 43 00 00 00 B0 04 00 F0 10 03 01 10 0B 16 
11:25:47.362-<<<<-接收-68 17 00 83 F8 10 00 00 04 00 F0 10 03 01 01 08 08 08 08 08 08 C4 16 
11:26:05.879->>>>-发送-68 12 00 43 00 00 00 B0 04 00 10 02 00 01 00 0A 14 16 
11:26:05.973-<<<<-接收-68 1A 00 83 00 00 00 00 00 00 10 02 00 01 00 01 08 08 08 08 08 08 00 10 D7 16 
11:26:06.036->>>>-发送-68 11 00 43 00 00 00 B0 04 00 F0 10 03 01 10 0B 16 
11:26:06.176-<<<<-接收-68 17 00 83 F8 10 00 00 04 00 F0 10 03 01 01 08 08 08 08 08 08 C4 16 
11:27:35.780->>>>-发送-68 25 00 43 00 00 00 B0 04 00 11 01 00 03 00 01 00 00 00 00 02 06 00 00 00 00 00 02 11 11 11 11 11 11 02 7F 16 
11:27:35.920-<<<<-接收-68 15 00 83 58 70 00 00 60 00 00 01 00 00 00 00 00 00 00 AC 16 
11:27:59.251->>>>-发送-68 25 00 43 00 00 00 B0 04 00 11 01 00 03 00 01 00 00 00 00 02 06 00 00 00 00 00 02 11 11 11 11 11 11 02 7F 16 
11:27:59.376-<<<<-接收-68 10 00 83 60 40 00 00 30 00 00 02 00 22 77 16 
11:27:59.438->>>>-发送-68 11 00 43 00 00 00 B0 04 00 F0 10 03 01 10 0B 16 
11:27:59.579-<<<<-接收-68 29 00 83 F8 10 00 00 04 00 F0 10 03 04 04 06 00 00 00 00 00 00 01 00 00 00 00 08 08 08 08 08 08 11 11 11 11 11 11 37 16 
11:42:36.882->>>>-发送-68 24 00 43 00 00 00 B0 04 00 13 01 00 02 00 00 11 FE 68 00 01 00 00 00 00 68 11 04 33 32 34 35 B4 16 9A 16 
11:42:46.867-<<<<-接收-68 13 00 83 00 00 00 00 00 00 13 01 00 00 00 02 00 99 16 
11:54:10.030->>>>-发送-68 12 00 43 00 00 00 B0 04 00 10 02 00 01 00 0A 14 16 
11:54:10.171-<<<<-接收-68 32 00 83 F8 F0 00 00 62 00 10 02 00 04 00 04 08 08 08 08 08 08 00 10 00 01 00 00 00 00 00 10 06 00 00 00 00 00 00 10 11 11 11 11 11 11 00 10 C4 16 
11:54:10.234->>>>-发送-68 11 00 43 00 00 00 B0 04 00 F0 10 03 01 10 0B 16 
11:54:10.343-<<<<-接收-68 10 00 83 F8 F0 00 00 FE 00 00 02 00 13 7E 16 
11:54:19.422->>>>-发送-68 12 00 43 00 00 00 B0 04 00 10 02 00 01 00 0A 14 16 
11:54:19.563-<<<<-接收-68 32 00 83 F8 F0 00 00 FE 00 10 02 00 04 00 04 08 08 08 08 08 08 00 10 00 01 00 00 00 00 00 10 06 00 00 00 00 00 00 10 11 11 11 11 11 11 00 10 60 16 
11:54:19.625->>>>-发送-68 11 00 43 00 00 00 B0 04 00 F0 10 03 01 10 0B 16 
11:54:19.750-<<<<-接收-68 10 00 83 F8 F0 00 00 FE 00 00 02 00 13 7E 16 
11:54:47.135->>>>-发送-68 11 00 43 00 00 00 B0 04 00 F0 10 03 01 10 0B 16 
11:54:47.244-<<<<-接收-68 10 00 83 F8 F0 00 00 FE 00 00 02 00 13 7E 16 
12:29:05.028->>>>-发送-68 12 00 43 00 00 00 B0 04 00 10 02 00 01 00 0A 14 16 
12:29:05.153-<<<<-接收-68 32 00 83 F8 F0 00 00 FE 00 10 02 00 04 00 04 08 08 08 08 08 08 00 10 00 01 00 00 00 00 00 10 06 00 00 00 00 00 00 10 11 11 11 11 11 11 00 10 60 16 
12:29:05.215->>>>-发送-68 11 00 43 00 00 00 B0 04 00 F0 10 03 01 10 0B 16 
12:29:05.356-<<<<-接收-68 29 00 83 00 00 00 00 00 00 F0 10 03 04 04 06 00 00 00 00 00 00 01 00 00 00 00 08 08 08 08 08 08 11 11 11 11 11 11 2B 16 
12:56:39.768->>>>-发送-68 0F 00 43 00 00 00 B0 04 00 10 01 00 08 16 
12:56:39.862-<<<<-接收-68 13 00 83 F8 F0 00 00 FE 00 10 01 00 04 00 F8 07 7D 16 
12:56:39.925->>>>-发送-68 12 00 43 00 00 00 B0 04 00 10 02 00 01 00 0A 14 16 
12:56:40.050-<<<<-接收-68 32 00 83 F8 F0 00 00 FE 00 10 02 00 04 00 04 08 08 08 08 08 08 00 10 00 01 00 00 00 00 00 10 06 00 00 00 00 00 00 10 11 11 11 11 11 11 00 10 60 16 
12:56:46.472->>>>-发送-68 0F 00 43 00 00 00 B0 04 00 10 01 00 08 16 
12:56:46.582-<<<<-接收-68 13 00 83 F8 F0 00 00 FE 00 10 01 00 04 00 F8 07 7D 16 
12:56:46.644->>>>-发送-68 12 00 43 00 00 00 B0 04 00 10 02 00 01 00 0A 14 16 
12:56:46.785-<<<<-接收-68 32 00 83 F8 10 00 00 FE 00 10 02 00 04 00 04 08 08 08 08 08 08 00 10 00 01 00 00 00 00 00 10 06 00 00 00 00 00 00 10 11 11 11 11 11 11 00 10 80 16 
12:56:58.192->>>>-发送-68 12 00 43 00 00 00 B0 04 00 10 02 00 01 00 0A 14 16 
12:56:58.333-<<<<-接收-68 32 00 83 F8 10 00 00 00 00 10 02 00 04 00 04 08 08 08 08 08 08 00 10 00 01 00 00 00 00 00 10 06 00 00 00 00 00 00 10 11 11 11 11 11 11 00 10 82 16 
12:56:58.395->>>>-发送-68 11 00 43 00 00 00 B0 04 00 F0 10 03 01 10 0B 16 
12:56:58.536-<<<<-接收-68 29 00 83 00 00 00 00 00 00 F0 10 03 04 04 06 00 00 00 00 00 00 01 00 00 00 00 08 08 08 08 08 08 11 11 11 11 11 11 2B 16 
13:07:20.352->>>>-发送-68 12 00 43 00 00 00 B0 04 00 10 02 00 01 00 0A 14 16 
13:07:20.493-<<<<-接收-68 32 00 83 F8 10 00 00 04 00 10 02 00 04 00 04 08 08 08 08 08 08 00 10 00 01 00 00 00 00 00 10 06 00 00 00 00 00 00 10 11 11 11 11 11 11 00 10 86 16 
13:07:20.555->>>>-发送-68 11 00 43 00 00 00 B0 04 00 F0 10 03 01 10 0B 16 
13:07:20.696-<<<<-接收-68 29 00 83 00 00 00 00 00 00 F0 10 03 04 04 06 00 00 00 00 00 00 01 00 00 00 00 08 08 08 08 08 08 11 11 11 11 11 11 2B 16 
14:30:24.163->>>>-发送-68 15 00 43 00 00 00 B0 04 00 05 01 00 12 34 56 78 90 02 A3 16 
14:30:24.304-<<<<-接收-68 15 00 83 F8 F0 00 00 FE 00 00 01 00 00 00 00 00 00 00 6A 16 
14:30:30.961->>>>-发送-68 0F 00 43 00 00 00 B0 04 00 03 08 00 02 16 
14:30:31.054-<<<<-接收-68 15 00 83 C8 C0 00 00 CC 00 03 08 00 12 34 56 78 90 02 88 16 
15:47:31.776->>>>-发送-68 15 00 43 00 00 00 B0 04 00 05 01 00 12 34 56 78 90 02 A3 16 
15:47:31.917-<<<<-接收-68 15 00 83 F8 F0 00 00 FE 00 00 01 00 00 00 00 00 00 00 6A 16 
15:47:31.979->>>>-发送-68 25 00 43 00 00 00 B0 04 00 11 01 00 03 00 01 00 00 00 00 02 06 00 00 00 00 00 02 11 11 11 11 11 11 02 7F 16 
15:47:32.104-<<<<-接收-68 15 00 83 F8 F0 00 00 FE 00 00 01 00 00 00 00 00 00 00 6A 16 
15:48:04.248->>>>-发送-68 0F 00 43 00 00 00 B0 04 00 03 08 00 02 16 
15:48:04.342-<<<<-接收-68 15 00 83 C8 C0 00 00 CC 00 03 08 00 12 34 56 78 90 02 88 16 
17:12:27.659->>>>-发送-68 0F 00 43 00 00 00 B0 04 00 10 01 00 08 16 
17:12:27.753-<<<<-接收-68 13 00 83 F8 F0 00 00 FE 00 10 01 00 05 00 F8 07 7E 16 
17:12:27.816->>>>-发送-68 12 00 43 00 00 00 B0 04 00 10 02 00 01 00 0A 14 16 
17:12:27.972-<<<<-接收-68 3A 00 83 F8 F0 00 00 FE 00 10 02 00 05 00 05 07 00 00 00 00 00 00 10 00 01 00 00 00 00 00 10 06 00 00 00 00 00 00 10 11 11 11 11 11 11 00 10 08 08 08 08 08 08 00 10 79 16 
17:12:46.849->>>>-发送-68 16 00 43 00 00 00 B0 04 00 11 02 00 01 07 00 00 00 00 00 12 16 
17:12:46.958-<<<<-接收-68 15 00 83 F8 F0 00 00 FE 00 00 01 00 00 00 00 00 00 00 6A 16 
17:31:31.490->>>>-发送-68 0F 00 43 00 00 00 B0 04 00 10 40 0D 54 16 
17:31:31.616-<<<<-接收-68 19 00 83 00 00 00 00 00 00 10 40 0D 01 A9 56 1A 12 34 56 78 90 02 A0 16 
17:31:54.915->>>>-发送-68 12 00 43 00 00 00 B0 04 00 10 02 00 01 00 0A 14 16 
17:31:55.056-<<<<-接收-68 32 00 83 00 00 00 00 00 00 10 02 00 04 00 04 00 01 00 00 00 00 00 10 06 00 00 00 00 00 00 10 11 11 11 11 11 11 00 10 08 08 08 08 08 08 00 10 7A 16 
17:37:29.044->>>>-发送-68 0F 00 43 00 00 00 B0 04 00 03 08 00 02 16 
17:37:29.138-<<<<-接收-68 15 00 83 F8 F0 00 00 FE 00 03 08 00 12 34 56 78 90 02 1A 16 
17:38:09.955->>>>-发送-68 15 00 43 00 00 00 B0 04 00 05 01 00 14 72 58 36 91 23 C5 16 
17:38:10.111-<<<<-接收-68 15 00 83 F8 F0 00 00 FE 00 00 01 00 00 00 00 00 00 00 6A 16 
19:05:06.089->>>>-发送-68 17 00 43 00 00 00 B0 04 00 11 01 00 01 07 00 00 00 00 00 02 13 16 
19:05:06.198-<<<<-接收-68 15 00 83 F8 F0 00 00 FE 00 00 01 00 00 00 00 00 00 00 6A 16 
19:14:07.468->>>>-发送-68 0F 00 43 00 00 00 B0 04 00 03 08 00 02 16 
19:14:07.562-<<<<-接收-68 15 00 83 F8 F0 00 00 FE 00 03 08 00 14 72 58 36 91 23 3C 16 
19:34:44.959->>>>-发送-68 1B 00 43 04 00 00 B0 04 00 11 11 11 11 11 11 06 00 00 00 00 00 03 01 00 6B 16 
19:34:46.084-<<<<-接收-68 1C 00 83 0C 10 00 00 00 00 CC CC CC CC CC CC 14 72 58 36 91 23 00 02 00 01 32 16 
19:35:04.961->>>>-发送-68 1B 00 43 04 00 00 B0 04 00 11 11 11 11 11 11 06 00 00 00 00 00 03 01 00 6B 16 
19:35:06.071-<<<<-接收-68 1C 00 83 0C 10 00 00 00 00 CC CC CC CC CC CC 14 72 58 36 91 23 00 02 00 01 32 16 
