08:50:54.008->>>>-发送-68 1C 00 43 00 00 00 B0 04 00 F0 04 03 02 00 01 00 00 00 00 06 00 00 00 00 00 F7 16 
08:50:55.493-<<<<-接收-68 15 00 83 F8 F0 00 00 FE 00 00 01 00 00 00 00 00 00 00 6A 16 
08:56:20.476->>>>-发送-68 0F 00 43 00 00 00 B0 04 00 03 08 00 02 16 
08:56:49.229->>>>-发送-68 0F 00 43 00 00 00 B0 04 00 03 08 00 02 16 
09:04:52.625->>>>-发送-68 0F 00 43 00 00 00 B0 04 00 03 08 00 02 16 
09:05:13.502->>>>-发送-68 0F 00 43 00 00 00 B0 04 00 03 08 00 02 16 
09:10:24.113->>>>-发送-68 0F 00 43 00 00 00 B0 04 00 03 08 00 02 16 
09:12:13.297->>>>-发送-68 0F 00 43 00 00 00 B0 04 00 03 08 00 02 16 
09:12:39.799->>>>-发送-68 0F 00 43 00 00 00 B0 04 00 03 08 00 02 16 
09:14:22.998->>>>-发送-68 0F 00 43 00 00 00 B0 04 00 03 08 00 02 16 
09:22:57.997->>>>-发送-68 0F 00 43 00 00 00 B0 04 00 03 08 00 02 16 
09:22:59.810-<<<<-接收-68 15 00 83 00 00 00 00 FE 00 03 08 00 00 00 01 01 01 02 91 16 
09:23:05.654->>>>-发送-68 0F 00 43 00 00 00 B0 04 00 03 08 00 02 16 
09:23:07.701-<<<<-接收-68 15 00 83 F8 10 00 00 FE 00 03 08 00 00 00 01 01 01 02 99 16 
09:25:14.863->>>>-发送-68 30 00 43 04 00 00 B0 04 00 11 11 11 11 11 11 06 00 00 00 00 00 13 01 00 02 00 00 11 FE 68 06 00 00 00 00 00 68 11 04 33 32 34 35 B9 16 14 16 
09:25:58.321->>>>-发送-68 2E 00 43 04 00 00 B0 04 00 11 11 11 11 11 11 06 00 00 00 00 00 02 01 00 02 11 FE 68 06 00 00 00 00 00 68 11 04 33 32 34 35 B9 16 03 16 
10:23:52.227->>>>-发送-68 2E 00 43 04 00 00 B0 04 00 11 11 11 11 11 11 06 00 00 00 00 00 02 01 00 02 11 FE 68 06 00 00 00 00 00 68 11 04 33 32 34 35 B9 16 03 16 
10:24:07.932->>>>-发送-68 28 00 43 04 00 00 B0 04 00 11 11 11 11 11 11 06 00 00 00 00 00 F0 04 03 02 00 01 00 00 00 00 06 00 00 00 00 00 67 16 
10:28:25.788->>>>-发送-68 2E 00 43 04 00 00 B0 04 00 11 11 11 11 11 11 06 00 00 00 00 00 02 01 00 02 11 FE 68 06 00 00 00 00 00 68 11 04 33 32 34 35 B9 16 03 16 
10:28:41.492->>>>-发送-68 28 00 43 04 00 00 B0 04 00 11 11 11 11 11 11 06 00 00 00 00 00 F0 04 03 02 00 01 00 00 00 00 06 00 00 00 00 00 67 16 
10:29:51.532->>>>-发送-68 1B 00 43 04 00 00 B0 04 00 11 11 11 11 11 11 06 00 00 00 00 00 03 08 00 72 16 
10:30:12.940->>>>-发送-68 1B 00 43 04 00 00 B0 04 00 11 11 11 11 11 11 06 00 00 00 00 00 03 08 00 72 16 
10:30:41.131->>>>-发送-68 1B 00 43 04 00 00 B0 04 00 11 11 11 11 11 11 06 00 00 00 00 00 03 08 00 72 16 
10:30:42.553-<<<<-接收-68 21 00 83 0C F0 00 00 FE 00 06 00 00 00 00 00 11 11 11 11 11 11 03 08 00 12 34 56 78 90 02 9A 16 
10:30:50.491->>>>-发送-68 28 00 43 04 00 00 B0 04 00 11 11 11 11 11 11 06 00 00 00 00 00 F0 04 03 02 00 01 00 00 00 00 06 00 00 00 00 00 67 16 
10:30:52.163-<<<<-接收-68 21 00 83 0C F0 00 00 FE 00 CC CC CC CC CC CC 12 34 56 78 90 02 00 01 00 00 00 00 00 00 00 EC 16 
11:02:17.469->>>>-发送-68 28 00 43 04 00 00 B0 04 00 11 11 11 11 11 11 06 00 00 00 00 00 F0 04 03 02 00 01 00 00 00 00 06 00 00 00 00 00 67 16 
11:02:19.220-<<<<-接收-68 21 00 83 0C F0 00 00 FE 00 CC CC CC CC CC CC 12 34 56 78 90 02 00 01 00 00 00 00 00 00 00 EC 16 
11:21:47.642->>>>-发送-68 30 00 43 04 00 00 B0 04 00 11 11 11 11 11 11 06 00 00 00 00 00 13 01 00 02 00 00 11 FE 68 06 00 00 00 00 00 68 11 04 33 32 34 35 B9 16 14 16 
11:30:45.675->>>>-发送-68 28 00 43 04 00 00 B0 04 00 11 11 11 11 11 11 06 00 00 00 00 00 F0 04 03 02 00 01 00 00 00 00 06 00 00 00 00 00 67 16 
11:30:47.347-<<<<-接收-68 21 00 83 0C F0 00 00 FE 00 CC CC CC CC CC CC 12 34 56 78 90 02 00 01 00 00 00 00 00 00 00 EC 16 
11:40:51.067->>>>-发送-68 28 00 43 04 00 00 B0 04 00 11 11 11 11 11 11 06 00 00 00 00 00 F0 04 03 02 00 01 00 00 00 00 06 00 00 00 00 00 67 16 
11:40:52.739-<<<<-接收-68 21 00 83 0C F0 00 00 FE 00 CC CC CC CC CC CC 12 34 56 78 90 02 00 01 00 00 00 00 00 00 00 EC 16 
11:41:41.869->>>>-发送-68 30 00 43 04 00 00 B0 04 00 11 11 11 11 11 11 06 00 00 00 00 00 13 01 00 02 00 00 11 FE 68 06 00 00 00 00 00 68 11 04 33 32 34 35 B9 16 14 16 
11:41:57.574->>>>-发送-68 28 00 43 04 00 00 B0 04 00 11 11 11 11 11 11 06 00 00 00 00 00 F0 04 03 02 00 01 00 00 00 00 06 00 00 00 00 00 67 16 
11:41:59.277-<<<<-接收-68 21 00 83 0C F0 00 00 FE 00 CC CC CC CC CC CC 12 34 56 78 90 02 00 01 00 00 00 00 00 00 00 EC 16 
11:42:18.091->>>>-发送-68 30 00 43 04 00 00 B0 04 00 11 11 11 11 11 11 06 00 00 00 00 00 13 01 00 02 00 00 11 FE 68 06 00 00 00 00 00 68 11 04 33 32 34 35 B9 16 14 16 
11:42:33.796->>>>-发送-68 28 00 43 04 00 00 B0 04 00 11 11 11 11 11 11 06 00 00 00 00 00 F0 04 03 02 00 01 00 00 00 00 06 00 00 00 00 00 67 16 
11:42:35.609-<<<<-接收-68 21 00 83 0C 10 00 00 FE 00 CC CC CC CC CC CC 12 34 56 78 90 02 00 01 00 00 00 00 00 00 00 0C 16 
11:42:50.861->>>>-发送-68 30 00 43 04 00 00 B0 04 00 11 11 11 11 11 11 06 00 00 00 00 00 13 01 00 02 00 00 11 FE 68 06 00 00 00 00 00 68 11 04 33 32 34 35 B9 16 14 16 
11:43:06.565->>>>-发送-68 28 00 43 04 00 00 B0 04 00 11 11 11 11 11 11 06 00 00 00 00 00 F0 04 03 02 00 01 00 00 00 00 06 00 00 00 00 00 67 16 
11:43:08.034-<<<<-接收-68 21 00 83 0C 10 00 00 FE 00 CC CC CC CC CC CC 12 34 56 78 90 02 00 01 00 00 00 00 00 00 00 0C 16 
11:50:24.411->>>>-发送-68 30 00 43 04 00 00 B0 04 00 11 11 11 11 11 11 06 00 00 00 00 00 13 01 00 02 00 00 11 FE 68 06 00 00 00 00 00 68 11 04 33 32 34 35 B9 16 14 16 
11:50:40.116->>>>-发送-68 28 00 43 04 00 00 B0 04 00 11 11 11 11 11 11 06 00 00 00 00 00 F0 04 03 02 00 01 00 00 00 00 06 00 00 00 00 00 67 16 
11:50:40.882-<<<<-接收-68 38 00 C3 00 00 00 00 00 01 03 02 01 B2 2F 01 01 00 00 14 0A 00 00 08 00 08 1E 12 34 56 78 90 02 F8 07 03 00 28 06 16 27 06 16 5A 57 31 30 20 10 16 10 20 00 80 30 16 
11:50:53.836->>>>-发送-68 28 00 43 04 00 00 B0 04 00 11 11 11 11 11 11 06 00 00 00 00 00 F0 04 03 02 00 01 00 00 00 00 06 00 00 00 00 00 67 16 
11:50:55.039-<<<<-接收-68 21 00 83 0C F0 00 00 FE 00 CC CC CC CC CC CC 12 34 56 78 90 02 00 01 00 00 00 00 00 00 00 EC 16 
11:51:13.338->>>>-发送-68 30 00 43 04 00 00 B0 04 00 11 11 11 11 11 11 06 00 00 00 00 00 13 01 00 02 00 00 11 FE 68 06 00 00 00 00 00 68 11 04 33 32 34 35 B9 16 14 16 
11:51:57.171->>>>-发送-68 30 00 43 04 00 00 B0 04 00 11 11 11 11 11 11 06 00 00 00 00 00 13 01 00 02 00 00 11 FE 68 06 00 00 00 00 00 68 11 04 33 32 34 35 B9 16 14 16 
13:09:15.473->>>>-发送-68 30 00 43 04 00 00 B0 04 00 11 11 11 11 11 11 06 00 00 00 00 00 13 01 00 02 00 00 11 FE 68 06 00 00 00 00 00 68 11 04 33 32 34 35 B9 16 14 16 
13:09:31.178->>>>-发送-68 28 00 43 04 00 00 B0 04 00 11 11 11 11 11 11 06 00 00 00 00 00 F0 04 03 02 00 01 00 00 00 00 06 00 00 00 00 00 67 16 
13:09:33.193-<<<<-接收-68 21 00 83 0C F0 00 00 FE 00 CC CC CC CC CC CC 12 34 56 78 90 02 00 01 00 00 00 00 00 00 00 EC 16 
14:19:45.981->>>>-发送-68 30 00 43 04 00 00 B0 04 00 11 11 11 11 11 11 06 00 00 00 00 00 13 01 00 02 00 00 11 FE 68 06 00 00 00 00 00 68 11 04 33 32 34 35 B9 16 14 16 
14:20:01.686->>>>-发送-68 28 00 43 04 00 00 B0 04 00 11 11 11 11 11 11 06 00 00 00 00 00 F0 04 03 02 00 01 00 00 00 00 06 00 00 00 00 00 67 16 
14:20:03.124-<<<<-接收-68 21 00 83 0C F0 00 00 FE 00 CC CC CC CC CC CC 12 34 56 78 90 02 00 01 00 00 00 00 00 00 00 EC 16 
14:31:20.444->>>>-发送-68 28 00 43 04 00 00 B0 04 00 11 11 11 11 11 11 06 00 00 00 00 00 F0 04 03 02 00 01 00 00 00 00 06 00 00 00 00 00 67 16 
14:31:21.663-<<<<-接收-68 21 00 83 0C F0 00 00 FE 00 CC CC CC CC CC CC 12 34 56 78 90 02 00 01 00 00 00 00 00 00 00 EC 16 
14:36:54.642->>>>-发送-68 28 00 43 04 00 00 B0 04 00 11 11 11 11 11 11 06 00 00 00 00 00 F0 04 03 02 00 01 00 00 00 00 06 00 00 00 00 00 67 16 
14:36:55.814-<<<<-接收-68 21 00 83 0C F0 00 00 FE 00 CC CC CC CC CC CC 12 34 56 78 90 02 00 01 00 00 00 00 00 00 00 EC 16 
14:50:52.944->>>>-发送-68 28 00 43 04 00 00 B0 04 00 11 11 11 11 11 11 06 00 00 00 00 00 F0 04 03 02 00 01 00 00 00 00 06 00 00 00 00 00 67 16 
14:50:54.679-<<<<-接收-68 21 00 83 0C F0 00 00 FE 00 CC CC CC CC CC CC 12 34 56 78 90 02 00 01 00 00 00 00 00 00 00 EC 16 
17:07:36.495->>>>-发送-68 1D 00 43 04 00 00 B0 04 00 11 11 11 11 11 11 06 00 00 00 00 00 F1 02 00 00 14 6E 16 
17:09:03.801->>>>-发送-68 1D 00 43 04 00 00 B0 04 00 11 11 11 11 11 11 06 00 00 00 00 00 F1 02 00 00 14 6E 16 
17:10:56.176->>>>-发送-68 1D 00 43 04 00 00 B0 04 00 11 11 11 11 11 11 06 00 00 00 00 00 F1 02 00 00 21 7B 16 
17:16:42.420->>>>-发送-68 1D 00 43 04 00 00 B0 04 00 11 11 11 11 11 11 06 00 00 00 00 00 F1 02 00 00 21 7B 16 
17:21:08.308->>>>-发送-68 1D 00 43 04 00 00 B0 04 00 11 11 11 11 11 11 06 00 00 00 00 00 F0 80 18 00 14 03 16 
17:40:42.427->>>>-发送-68 1D 00 43 04 00 00 B0 04 00 11 11 11 11 11 11 06 00 00 00 00 00 F0 80 18 00 14 03 16 
17:40:43.833-<<<<-接收-68 1C 00 83 0C F0 00 00 FE 00 CC CC CC CC CC CC 12 34 56 78 90 02 00 02 00 04 F1 16 
17:41:10.070->>>>-发送-68 1D 00 43 04 00 00 B0 04 00 11 11 11 11 11 11 06 00 00 00 00 00 F0 80 18 00 14 03 16 
17:41:11.727-<<<<-接收-68 1C 00 83 0C F0 00 00 FE 00 CC CC CC CC CC CC 12 34 56 78 90 02 00 02 00 04 F1 16 
17:43:24.382->>>>-发送-68 1D 00 43 04 00 00 B0 04 00 11 11 11 11 11 11 06 00 00 00 00 00 F0 80 18 00 14 03 16 
17:43:26.038-<<<<-接收-68 1C 00 83 0C F0 00 00 FE 00 CC CC CC CC CC CC 12 34 56 78 90 02 00 02 00 CC B9 16 
17:44:26.532->>>>-发送-68 1C 00 43 04 00 00 B0 04 00 11 11 11 11 11 11 06 00 00 00 00 00 F0 80 18 14 03 16 
17:44:27.673-<<<<-接收-68 21 00 83 0C F0 00 00 FE 00 CC CC CC CC CC CC 12 34 56 78 90 02 00 01 00 00 00 00 00 00 00 EC 16 
17:45:18.157->>>>-发送-68 1C 00 43 04 00 00 B0 04 00 11 11 11 11 11 11 06 00 00 00 00 00 F0 80 18 12 01 16 
17:45:19.673-<<<<-接收-68 1C 00 83 0C 10 00 00 00 00 CC CC CC CC CC CC 12 34 56 78 90 02 00 02 00 FF 0E 16 
17:47:15.146->>>>-发送-68 20 00 43 04 00 00 B0 04 00 11 11 11 11 11 11 06 00 00 00 00 00 F0 80 18 12 01 00 10 00 12 16 
17:47:16.911-<<<<-接收-68 21 00 83 0C 70 00 00 6E 00 CC CC CC CC CC CC 12 34 56 78 90 02 00 01 00 00 00 00 00 00 00 DC 16 
17:48:42.171->>>>-发送-68 20 00 43 04 00 00 B0 04 00 11 11 11 11 11 11 06 00 00 00 00 00 F0 80 18 12 02 00 10 00 13 16 
17:48:44.077-<<<<-接收-68 21 00 83 0C 70 00 00 6E 00 CC CC CC CC CC CC 12 34 56 78 90 02 00 01 00 00 00 00 00 00 00 DC 16 
17:50:10.951->>>>-发送-68 20 00 43 04 00 00 B0 04 00 11 11 11 11 11 11 06 00 00 00 00 00 F0 80 18 12 01 00 01 00 03 16 
17:50:12.217-<<<<-接收-68 21 00 83 0C 70 00 00 6E 00 CC CC CC CC CC CC 12 34 56 78 90 02 00 01 00 00 00 00 00 00 00 DC 16 
17:51:05.817->>>>-发送-68 20 00 43 04 00 00 B0 04 00 11 11 11 11 11 11 06 00 00 00 00 00 F0 80 18 12 00 04 00 04 09 16 
17:51:07.348-<<<<-接收-68 21 00 83 0C 70 00 00 6E 00 CC CC CC CC CC CC 12 34 56 78 90 02 00 01 00 00 00 00 00 00 00 DC 16 
17:51:14.036->>>>-发送-68 20 00 43 04 00 00 B0 04 00 11 11 11 11 11 11 06 00 00 00 00 00 F0 80 18 12 00 04 00 04 09 16 
17:51:15.333-<<<<-接收-68 21 00 83 0C 70 00 00 6E 00 CC CC CC CC CC CC 12 34 56 78 90 02 00 01 00 00 00 00 00 00 00 DC 16 
17:56:20.457->>>>-发送-68 1C 00 43 04 00 00 B0 04 00 11 11 11 11 11 11 06 00 00 00 00 00 F0 80 18 21 10 16 
17:56:22.457-<<<<-接收-68 21 00 83 0C 10 00 00 FE 00 CC CC CC CC CC CC 12 34 56 78 90 02 00 01 00 00 00 00 00 00 00 0C 16 
