17:06:48.868->>>>-发送-68 0F 00 43 00 00 00 B0 04 00 10 40 0D 54 16 
17:06:48.978-<<<<-接收-68 19 00 83 00 00 00 00 04 00 10 40 0D 00 00 00 00 22 33 44 55 66 77 AF 16 
17:06:57.151->>>>-发送-68 0F 00 43 00 00 00 B0 04 00 10 40 0D 54 16 
17:06:57.291-<<<<-接收-68 19 00 83 00 30 00 00 34 00 10 40 0D 00 00 00 00 22 33 44 55 66 77 0F 16 
17:07:00.370->>>>-发送-68 0F 00 43 00 00 00 B0 04 00 10 40 0D 54 16 
17:07:00.479-<<<<-接收-68 19 00 83 08 10 00 00 00 00 10 40 0D 00 00 00 00 22 33 44 55 66 77 C3 16 
17:07:38.202->>>>-发送-68 0F 00 43 00 00 00 B0 04 00 10 40 0D 54 16 
17:07:38.311-<<<<-接收-68 19 00 83 08 10 00 00 04 00 10 40 0D 00 00 00 00 22 33 44 55 66 77 C7 16 
17:07:41.124->>>>-发送-68 0F 00 43 00 00 00 B0 04 00 10 40 0D 54 16 
17:07:41.233-<<<<-接收-68 19 00 83 00 00 00 00 00 00 10 40 0D 00 00 00 00 22 33 44 55 66 77 AB 16 
17:07:43.593->>>>-发送-68 0F 00 43 00 00 00 B0 04 00 10 40 0D 54 16 
17:07:43.702-<<<<-接收-68 19 00 83 08 10 00 00 FE 00 10 40 0D 00 00 00 00 22 33 44 55 66 77 C1 16 
17:07:46.547->>>>-发送-68 0F 00 43 00 00 00 B0 04 00 10 40 0D 54 16 
17:07:46.656-<<<<-接收-68 19 00 83 08 10 00 00 FE 00 10 40 0D 00 00 00 00 22 33 44 55 66 77 C1 16 
17:07:48.844->>>>-发送-68 0F 00 43 00 00 00 B0 04 00 10 40 0D 54 16 
17:07:48.969-<<<<-接收-68 19 00 83 08 10 00 00 00 00 10 40 0D 00 00 00 00 22 33 44 55 66 77 C3 16 
17:07:50.594->>>>-发送-68 0F 00 43 00 00 00 B0 04 00 10 40 0D 54 16 
17:07:50.703-<<<<-接收-68 19 00 83 08 10 00 00 FE 00 10 40 0D 00 00 00 00 22 33 44 55 66 77 C1 16 
17:07:53.016->>>>-发送-68 0F 00 43 00 00 00 B0 04 00 10 40 0D 54 16 
17:07:53.125-<<<<-接收-68 19 00 83 00 00 00 00 FE 00 10 40 0D 00 00 00 00 22 33 44 55 66 77 A9 16 
17:08:00.204->>>>-发送-68 0F 00 43 00 00 00 B0 04 00 10 40 0D 54 16 
17:08:00.314-<<<<-接收-68 1C 00 83 00 00 00 00 FE 00 10 40 0D 01 00 00 00 22 33 44 55 66 77 E6 6E 00 FE 16 
