09:30:04.311->>>>-发送-68 0F 00 43 00 00 00 B0 04 00 03 08 00 02 16 
09:30:04.421-<<<<-接收-68 15 00 83 F8 F0 00 00 FE 00 03 08 00 BB BB BB BB BB BB D6 16 
09:30:11.953->>>>-发送-68 15 00 43 00 00 00 B0 04 00 05 01 00 22 33 44 55 66 77 C8 16 
09:30:12.140-<<<<-接收-68 15 00 83 F8 F0 00 00 FE 00 00 01 00 00 00 00 00 02 00 6C 16 
09:30:19.032->>>>-发送-68 0F 00 43 00 00 00 B0 04 00 10 01 00 08 16 
09:30:19.141-<<<<-接收-68 13 00 83 F8 F0 00 00 FE 00 10 01 00 03 00 F8 03 78 16 
09:30:19.204->>>>-发送-68 12 00 43 00 00 00 B0 04 00 10 02 00 02 00 10 1B 16 
09:30:19.360-<<<<-接收-68 2A 00 83 F8 F0 00 00 FE 00 10 02 00 03 00 03 33 00 00 00 00 00 00 10 11 11 11 11 11 11 00 10 06 00 00 00 00 00 00 10 50 16 
11:29:20.950->>>>-发送-68 0F 00 43 00 00 00 B0 04 00 03 01 00 FB 16 
11:29:21.060-<<<<-接收-68 18 00 83 F8 F0 00 00 FE 00 03 01 00 5A 57 32 30 20 10 16 10 20 F6 16 
11:29:24.888->>>>-发送-68 0F 00 43 00 00 00 B0 04 00 03 02 00 FC 16 
11:29:24.998-<<<<-接收-68 10 00 83 F8 F0 00 00 FE 00 03 02 00 00 6E 16 
11:43:43.697->>>>-发送-68 0F 00 43 00 00 00 B0 04 00 03 02 00 FC 16 
11:43:43.806-<<<<-接收-68 10 00 83 F8 F0 00 00 FE 00 03 02 00 00 6E 16 
11:43:43.869->>>>-发送-68 0F 00 43 00 00 00 B0 04 00 04 02 00 FD 16 
11:43:43.994-<<<<-接收-68 10 00 83 F8 F0 00 00 FE 00 00 02 00 0A 75 16 
15:38:07.307->>>>-发送-68 0F 00 43 00 00 00 B0 04 00 05 04 00 00 16 
15:38:07.432-<<<<-接收-68 15 00 83 F8 F0 00 00 FE 00 00 01 00 00 00 00 00 02 00 6C 16 
15:38:34.888->>>>-发送-68 0F 00 43 00 00 00 B0 04 00 03 20 00 1A 16 
15:45:05.710->>>>-发送-68 0F 00 43 00 00 00 B0 04 00 03 01 00 FB 16 
15:45:05.850-<<<<-接收-68 18 00 83 F8 F0 00 00 FE 00 03 01 00 5A 57 32 30 20 10 16 10 20 F6 16 
15:45:09.476->>>>-发送-68 0F 00 43 00 00 00 B0 04 00 03 02 00 FC 16 
15:45:09.585-<<<<-接收-68 10 00 83 F8 F0 00 00 FE 00 03 02 00 00 6E 16 
15:45:14.367->>>>-发送-68 0F 00 43 00 00 00 B0 04 00 03 10 00 0A 16 
15:45:14.476-<<<<-接收-68 13 00 83 F8 F0 00 00 FE 00 03 10 00 31 01 00 00 AE 16 
15:45:18.977->>>>-发送-68 0F 00 43 00 00 00 B0 04 00 03 20 00 1A 16 
15:46:12.795->>>>-发送-68 0F 00 43 00 00 00 B0 04 00 03 40 00 3A 16 
15:46:12.904-<<<<-接收-68 10 00 83 00 00 00 00 FE 00 03 40 00 28 EC 16 
15:46:18.326->>>>-发送-68 0F 00 43 00 00 00 B0 04 00 03 80 00 7A 16 
15:46:18.436-<<<<-接收-68 10 00 83 F8 10 00 00 06 00 00 02 00 0A 9D 16 
15:46:23.780->>>>-发送-68 0F 00 43 00 00 00 B0 04 00 03 02 01 FD 16 
15:46:23.921-<<<<-接收-68 38 00 83 F8 F0 00 00 FE 00 03 02 01 B2 2F 01 01 00 00 28 32 00 DC 07 DC 07 1E 22 33 44 55 66 77 F8 03 03 00 28 06 16 27 06 16 5A 57 32 30 20 10 16 10 20 00 80 E9 16 
15:46:28.031->>>>-发送-68 0F 00 43 00 00 00 B0 04 00 03 01 01 FC 16 
15:46:28.140-<<<<-接收-68 11 00 83 F8 F0 00 00 FE 00 03 01 01 04 00 72 16 
15:46:34.344->>>>-发送-68 0F 00 43 00 00 00 B0 04 00 03 80 01 7B 16 
15:46:34.500-<<<<-接收-68 10 00 83 60 60 00 00 62 00 03 80 01 01 2A 16 
15:46:42.267->>>>-发送-68 0F 00 43 00 00 00 B0 04 00 10 10 00 17 16 
15:46:42.376-<<<<-接收-68 10 00 83 F8 F0 00 00 FE 00 00 02 00 15 80 16 
15:46:45.954->>>>-发送-68 0F 00 43 00 00 00 B0 04 00 10 08 00 0F 16 
15:46:46.064-<<<<-接收-68 1F 00 83 00 00 00 00 FE 00 10 08 00 00 03 00 00 00 00 00 03 00 00 00 00 00 08 08 08 B7 16 
15:46:50.314->>>>-发送-68 0F 00 43 00 00 00 B0 04 00 10 04 00 0B 16 
15:46:50.439-<<<<-接收-68 10 00 83 F8 10 00 00 04 00 10 04 00 00 A3 16 
15:46:55.112->>>>-发送-68 12 00 43 00 00 00 B0 04 00 10 10 02 01 00 10 2A 16 
15:46:55.565-<<<<-接收-68 2A 00 83 F8 F0 00 00 FE 00 10 10 02 02 00 01 00 02 22 33 44 55 66 77 01 00 01 00 40 33 00 00 00 00 00 02 00 01 00 11 E4 16 
15:47:03.597->>>>-发送-68 0F 00 43 00 00 00 B0 04 00 10 40 0D 54 16 
15:47:03.722-<<<<-接收-68 19 00 83 00 00 00 00 FE 00 10 40 0D 00 62 C3 9C 22 33 44 55 66 77 6A 16 
15:47:09.035->>>>-发送-68 0F 00 43 00 00 00 B0 04 00 10 40 0D 54 16 
15:47:09.160-<<<<-接收-68 19 00 83 00 00 00 00 00 00 10 40 0D 00 62 C3 9C 22 33 44 55 66 77 6C 16 
