10:56:51.401->>>>-发送-68 23 00 43 00 00 00 B0 04 00 02 01 00 02 12 68 AA AA AA AA AA AA 68 11 06 01 03 A0 04 FF FF 89 16 36 16 
10:56:51.495-<<<<-接收-68 10 00 83 00 00 00 00 00 00 00 02 00 07 8C 16 
10:57:00.996->>>>-发送-68 23 00 43 00 00 00 B0 04 00 02 01 00 02 12 68 AA AA AA AA AA AA 68 11 06 01 03 A0 04 FF FF 89 16 36 16 
10:57:01.089-<<<<-接收-68 10 00 83 00 00 00 00 00 00 00 02 00 07 8C 16 
10:58:06.206->>>>-发送-68 23 00 43 00 00 00 B0 04 00 02 01 00 02 12 68 AA AA AA AA AA AA 68 11 06 01 03 A0 04 FF FF 89 16 36 16 
10:58:06.315-<<<<-接收-68 10 00 83 00 00 00 00 00 00 00 02 00 07 8C 16 
10:58:21.770->>>>-发送-68 2F 00 43 04 00 00 B0 04 00 11 11 11 11 11 11 06 00 00 00 00 00 02 01 00 02 12 68 AA AA AA AA AA AA 68 11 06 01 03 A0 04 FF FF 89 16 A6 16 
10:58:22.207-<<<<-接收-68 3A 00 83 0C 10 00 00 04 00 06 00 00 00 00 00 11 11 11 11 11 11 02 01 00 02 1D FE FE FE FE 68 06 00 00 00 00 00 68 91 0D 01 03 A0 04 21 21 21 21 21 21 33 FF FF 13 16 65 16 
11:02:02.481->>>>-发送-68 2F 00 43 04 00 00 B0 04 00 11 11 11 11 11 11 06 00 00 00 00 00 02 01 00 02 12 68 AA AA AA AA AA AA 68 11 06 01 03 A0 04 FF FF 89 16 A6 16 
11:02:02.840-<<<<-接收-68 3A 00 83 0C 10 00 00 04 00 06 00 00 00 00 00 11 11 11 11 11 11 02 01 00 02 1D FE FE FE FE 68 06 00 00 00 00 00 68 91 0D 01 03 A0 04 21 21 21 21 21 21 33 FF FF 13 16 65 16 
11:26:05.152->>>>-发送-68 2F 00 43 04 00 00 B0 04 00 11 11 11 11 11 11 06 00 00 00 00 00 02 01 00 02 12 68 AA AA AA AA AA AA 68 11 06 01 03 A0 04 FF FF 89 16 A6 16 
11:26:05.824-<<<<-接收-68 3A 00 83 0C 10 00 00 04 00 06 00 00 00 00 00 11 11 11 11 11 11 02 01 00 02 1D FE FE FE FE 68 06 00 00 00 00 00 68 91 0D 01 03 A0 04 21 21 21 21 21 21 33 FF FF 13 16 65 16 
11:26:18.607->>>>-发送-68 2F 00 43 04 00 00 B0 04 00 11 11 11 11 11 11 06 00 00 00 00 00 02 01 00 02 12 68 AA AA AA AA AA AA 68 11 06 01 03 A0 04 FF FF 89 16 A6 16 
11:26:20.685-<<<<-接收-68 2E 00 83 0C 10 00 00 04 00 06 00 00 00 00 00 11 11 11 11 11 11 02 01 00 02 11 FE FE FE FE 68 06 00 00 00 00 00 68 D1 01 35 DD 16 ED 16 
11:26:49.282->>>>-发送-68 2F 00 43 04 00 00 B0 04 00 11 11 11 11 11 11 06 00 00 00 00 00 02 01 00 02 12 68 AA AA AA AA AA AA 68 11 06 01 03 A0 04 FF FF 89 16 A6 16 
11:26:59.424-<<<<-接收-68 10 00 83 00 00 00 00 04 00 00 02 00 0B 94 16 
11:27:41.131->>>>-发送-68 2F 00 43 04 00 00 B0 04 00 11 11 11 11 11 11 06 00 00 00 00 00 02 01 00 02 12 68 AA AA AA AA AA AA 68 11 06 01 03 A0 04 FF FF 89 16 A6 16 
11:27:42.678-<<<<-接收-68 3A 00 83 0C 10 00 00 04 00 06 00 00 00 00 00 11 11 11 11 11 11 02 01 00 02 1D FE FE FE FE 68 06 00 00 00 00 00 68 91 0D 01 03 A0 04 21 21 21 21 21 21 33 FF FF 13 16 65 16 
11:27:53.086->>>>-发送-68 2F 00 43 04 00 00 B0 04 00 11 11 11 11 11 11 06 00 00 00 00 00 02 01 00 02 12 68 AA AA AA AA AA AA 68 11 06 01 03 A0 04 FF FF 89 16 A6 16 
11:27:57.289-<<<<-接收-68 2E 00 83 0C 10 00 00 04 00 06 00 00 00 00 00 11 11 11 11 11 11 02 01 00 02 11 FE FE FE FE 68 06 00 00 00 00 00 68 D1 01 35 DD 16 ED 16 
11:39:02.659->>>>-发送-68 2F 00 43 04 00 00 B0 04 00 11 11 11 11 11 11 06 00 00 00 00 00 02 01 00 02 12 68 AA AA AA AA AA AA 68 11 06 01 03 A0 04 FF FF 89 16 A6 16 
11:39:04.815-<<<<-接收-68 3A 00 83 0C 10 00 00 04 00 06 00 00 00 00 00 11 11 11 11 11 11 02 01 00 02 1D FE FE FE FE 68 06 00 00 00 00 00 68 91 0D 01 03 A0 04 21 21 21 21 21 21 33 FF FF 13 16 65 16 
11:39:21.739->>>>-发送-68 2F 00 43 04 00 00 B0 04 00 11 11 11 11 11 11 06 00 00 00 00 00 02 01 00 02 12 68 AA AA AA AA AA AA 68 11 06 01 03 A0 04 FF FF 89 16 A6 16 
11:39:24.349-<<<<-接收-68 2E 00 83 0C 10 00 00 04 00 06 00 00 00 00 00 11 11 11 11 11 11 02 01 00 02 11 FE FE FE FE 68 06 00 00 00 00 00 68 D1 01 35 DD 16 ED 16 
11:48:54.727->>>>-发送-68 2F 00 43 04 00 00 B0 04 00 11 11 11 11 11 11 06 00 00 00 00 00 02 01 00 02 12 68 AA AA AA AA AA AA 68 11 06 01 03 A0 04 FF FF 89 16 A6 16 
11:48:55.087-<<<<-接收-68 3A 00 83 0C 10 00 00 04 00 06 00 00 00 00 00 11 11 11 11 11 11 02 01 00 02 1D FE FE FE FE 68 06 00 00 00 00 00 68 91 0D 01 03 A0 04 21 21 21 21 21 21 33 FF FF 13 16 65 16 
11:49:05.088->>>>-发送-68 23 00 43 00 00 00 B0 04 00 02 01 00 02 12 68 AA AA AA AA AA AA 68 11 06 01 03 A0 04 FF FF 89 16 36 16 
11:49:05.197-<<<<-接收-68 10 00 83 08 10 00 00 00 00 00 02 00 07 A4 16 
