08:39:13.428->>>>-发送-68 0F 00 43 00 00 00 B0 04 00 10 01 00 08 16 
08:39:13.538-<<<<-接收-68 13 00 83 08 F0 00 00 FE 00 10 01 00 03 00 F8 03 88 16 
09:49:30.542->>>>-发送-68 0F 00 43 00 00 00 B0 04 00 03 08 00 02 16 
09:49:30.620-<<<<-接收-68 15 00 83 00 00 00 00 00 00 03 08 00 01 00 00 01 00 00 90 16 
09:49:43.230->>>>-发送-68 0F 00 43 00 00 00 B0 04 00 10 01 00 08 16 
09:49:43.293-<<<<-接收-68 13 00 83 00 00 00 00 00 00 10 01 00 02 00 F8 07 95 16 
09:49:43.355->>>>-发送-68 12 00 43 00 00 00 B0 04 00 10 02 00 02 00 10 1B 16 
09:49:43.449-<<<<-接收-68 1A 00 83 00 00 00 00 00 00 10 02 00 02 00 01 33 00 00 00 00 00 00 11 DC 16 
09:50:22.422->>>>-发送-68 0F 00 43 00 00 00 B0 04 00 10 01 00 08 16 
09:50:22.485-<<<<-接收-68 13 00 83 00 00 00 00 00 00 10 01 00 02 00 F8 07 95 16 
09:50:22.547->>>>-发送-68 12 00 43 00 00 00 B0 04 00 10 02 00 02 00 10 1B 16 
09:50:22.625-<<<<-接收-68 1A 00 83 00 00 00 00 00 00 10 02 00 02 00 01 33 00 00 00 00 00 00 11 DC 16 
09:50:37.533->>>>-发送-68 17 00 43 00 00 00 B0 04 00 11 01 00 01 01 00 00 00 00 00 02 0D 16 
09:50:37.627-<<<<-接收-68 15 00 83 00 00 00 00 00 00 00 01 00 00 00 00 00 00 00 84 16 
09:50:42.580->>>>-发送-68 0F 00 43 00 00 00 B0 04 00 10 01 00 08 16 
09:50:42.643-<<<<-接收-68 13 00 83 00 00 00 00 00 00 10 01 00 03 00 F8 07 96 16 
09:50:42.705->>>>-发送-68 12 00 43 00 00 00 B0 04 00 10 02 00 02 00 10 1B 16 
09:50:42.784-<<<<-接收-68 22 00 83 00 00 00 00 00 00 10 02 00 03 00 02 33 00 00 00 00 00 00 11 01 00 00 00 00 00 00 11 F0 16 
09:59:47.240->>>>-发送-68 0F 00 43 00 00 00 B0 04 00 03 01 00 FB 16 
10:00:02.945->>>>-发送-68 0F 00 43 00 00 00 B0 04 00 10 01 00 08 16 
10:00:06.875-<<<<-接收-68 38 00 C3 00 00 00 00 00 01 03 02 01 B2 37 01 01 00 00 3C 0A 00 00 04 00 04 3C 01 00 00 01 00 00 F8 07 02 00 18 09 13 18 09 13 48 53 30 31 03 06 16 01 13 00 80 59 16 
10:00:06.938->>>>-发送-68 12 00 43 00 00 00 B0 04 00 10 02 00 02 00 10 1B 16 
10:00:07.015-<<<<-接收-68 1A 00 83 00 00 00 00 00 00 10 02 00 02 00 01 33 00 00 00 00 00 00 11 DC 16 
10:01:00.894->>>>-发送-68 0F 00 43 00 00 00 B0 04 00 03 01 00 FB 16 
10:01:00.956-<<<<-接收-68 18 00 83 00 00 00 00 00 00 03 01 00 48 53 30 31 03 06 16 01 13 B6 16 
10:01:01.019->>>>-发送-68 0F 00 43 00 00 00 B0 04 00 10 01 00 08 16 
10:01:01.081-<<<<-接收-68 13 00 83 00 00 00 00 00 00 10 01 00 02 00 F8 07 95 16 
10:01:01.144->>>>-发送-68 12 00 43 00 00 00 B0 04 00 10 02 00 02 00 10 1B 16 
10:01:01.206-<<<<-接收-68 1A 00 83 00 00 00 00 00 00 10 02 00 02 00 01 33 00 00 00 00 00 00 11 DC 16 
10:01:18.005->>>>-发送-68 0F 00 43 00 00 00 B0 04 00 03 01 00 FB 16 
10:01:18.067-<<<<-接收-68 18 00 83 00 00 00 00 00 00 03 01 00 48 53 30 31 03 06 16 01 13 B6 16 
10:01:18.130->>>>-发送-68 0F 00 43 00 00 00 B0 04 00 10 01 00 08 16 
10:01:18.192-<<<<-接收-68 13 00 83 00 00 00 00 00 00 10 01 00 02 00 F8 07 95 16 
10:01:22.724->>>>-发送-68 0F 00 43 00 00 00 B0 04 00 03 01 00 FB 16 
10:01:22.802-<<<<-接收-68 18 00 83 00 00 00 00 00 00 03 01 00 48 53 30 31 03 06 16 01 13 B6 16 
10:01:30.631->>>>-发送-68 0F 00 43 00 00 00 B0 04 00 03 01 00 FB 16 
10:01:30.694-<<<<-接收-68 18 00 83 00 00 00 00 00 00 03 01 00 48 53 30 31 03 06 16 01 13 B6 16 
10:01:30.756->>>>-发送-68 12 00 43 00 00 00 B0 04 00 10 02 00 02 00 10 1B 16 
10:01:30.850-<<<<-接收-68 1A 00 83 00 00 00 00 00 00 10 02 00 02 00 01 33 00 00 00 00 00 00 11 DC 16 
10:01:41.695->>>>-发送-68 0F 00 43 00 00 00 B0 04 00 03 01 00 FB 16 
10:01:41.757-<<<<-接收-68 18 00 83 00 00 00 00 00 00 03 01 00 48 53 30 31 03 06 16 01 13 B6 16 
10:01:41.820->>>>-发送-68 17 00 43 00 00 00 B0 04 00 11 01 00 01 01 00 00 00 00 00 02 0D 16 
10:01:41.898-<<<<-接收-68 15 00 83 00 00 00 00 00 00 00 01 00 00 00 00 00 00 00 84 16 
10:01:50.821->>>>-发送-68 0F 00 43 00 00 00 B0 04 00 10 01 00 08 16 
10:01:50.899-<<<<-接收-68 13 00 83 00 00 00 00 00 00 10 01 00 03 00 F8 07 96 16 
10:01:54.478->>>>-发送-68 12 00 43 00 00 00 B0 04 00 10 02 00 02 00 10 1B 16 
10:01:54.571-<<<<-接收-68 22 00 83 00 00 00 00 00 00 10 02 00 03 00 02 33 00 00 00 00 00 00 11 01 00 00 00 00 00 00 11 F0 16 
10:02:39.826->>>>-发送-68 16 00 43 00 00 00 B0 04 00 11 01 00 01 06 00 00 00 00 02 12 16 
10:02:39.904-<<<<-接收-68 10 00 83 00 00 00 00 00 00 00 02 00 02 87 16 
10:02:56.781->>>>-发送-68 17 00 43 00 00 00 B0 04 00 11 01 00 01 06 00 00 00 00 00 02 12 16 
10:02:56.859-<<<<-接收-68 10 00 83 00 00 00 00 00 00 00 02 00 06 8B 16 
10:03:03.172->>>>-发送-68 12 00 43 00 00 00 B0 04 00 10 02 00 02 00 10 1B 16 
10:03:03.266-<<<<-接收-68 22 00 83 00 00 00 00 00 00 10 02 00 03 00 02 33 00 00 00 00 00 00 11 01 00 00 00 00 00 00 11 F0 16 
10:05:19.531->>>>-发送-68 0F 00 43 00 00 00 B0 04 00 03 01 00 FB 16 
10:05:19.593-<<<<-接收-68 18 00 83 00 00 00 00 00 00 03 01 00 48 53 30 31 03 06 16 01 13 B6 16 
10:05:34.204->>>>-发送-68 1B 00 43 04 00 00 B0 04 00 11 11 11 11 11 11 33 00 00 00 00 00 03 01 00 98 16 
10:05:34.282-<<<<-接收-68 18 00 83 00 00 00 00 00 00 03 01 00 48 53 30 31 03 06 16 01 13 B6 16 
10:05:35.470->>>>-发送-68 1B 00 43 04 00 00 B0 04 00 11 11 11 11 11 11 33 00 00 00 00 00 03 01 00 98 16 
10:05:35.564-<<<<-接收-68 18 00 83 00 00 00 00 00 00 03 01 00 48 53 30 31 03 06 16 01 13 B6 16 
10:05:44.455->>>>-发送-68 1B 00 43 04 00 00 B0 04 00 11 11 11 11 11 11 33 00 00 00 00 00 03 01 00 98 16 
10:05:44.533-<<<<-接收-68 18 00 83 00 00 00 00 00 00 03 01 00 48 53 30 31 03 06 16 01 13 B6 16 
10:05:47.846->>>>-发送-68 1B 00 43 04 00 00 B0 04 00 11 11 11 11 11 11 33 00 00 00 00 00 03 01 00 98 16 
10:05:47.924-<<<<-接收-68 18 00 83 00 00 00 00 00 00 03 01 00 48 53 30 31 03 06 16 01 13 B6 16 
10:05:49.081->>>>-发送-68 1B 00 43 04 00 00 B0 04 00 11 11 11 11 11 11 33 00 00 00 00 00 03 01 00 98 16 
10:05:49.174-<<<<-接收-68 18 00 83 00 00 00 00 00 00 03 01 00 48 53 30 31 03 06 16 01 13 B6 16 
10:05:50.159->>>>-发送-68 1B 00 43 04 00 00 B0 04 00 11 11 11 11 11 11 33 00 00 00 00 00 03 01 00 98 16 
10:05:50.237-<<<<-接收-68 18 00 83 00 00 00 00 00 00 03 01 00 48 53 30 31 03 06 16 01 13 B6 16 
10:05:50.675->>>>-发送-68 1B 00 43 04 00 00 B0 04 00 11 11 11 11 11 11 33 00 00 00 00 00 03 01 00 98 16 
10:05:50.753-<<<<-接收-68 18 00 83 00 00 00 00 00 00 03 01 00 48 53 30 31 03 06 16 01 13 B6 16 
10:06:03.176->>>>-发送-68 1B 00 43 04 00 00 B0 04 00 11 11 11 11 11 11 33 00 00 00 00 00 10 01 00 A5 16 
10:06:03.254-<<<<-接收-68 13 00 83 00 00 00 00 00 00 10 01 00 03 00 F8 07 96 16 
10:06:03.317->>>>-发送-68 1E 00 43 04 00 00 B0 04 00 11 11 11 11 11 11 33 00 00 00 00 00 10 02 00 02 00 10 B8 16 
10:06:03.426-<<<<-接收-68 22 00 83 00 00 00 00 00 00 10 02 00 03 00 02 33 00 00 00 00 00 00 11 01 00 00 00 00 00 00 11 F0 16 
10:06:09.161->>>>-发送-68 1B 00 43 04 00 00 B0 04 00 11 11 11 11 11 11 33 00 00 00 00 00 10 01 00 A5 16 
10:06:09.239-<<<<-接收-68 13 00 83 00 00 00 00 00 00 10 01 00 03 00 F8 07 96 16 
10:06:09.302->>>>-发送-68 1E 00 43 04 00 00 B0 04 00 11 11 11 11 11 11 33 00 00 00 00 00 10 02 00 02 00 10 B8 16 
10:06:09.411-<<<<-接收-68 22 00 83 00 00 00 00 00 00 10 02 00 03 00 02 33 00 00 00 00 00 00 11 01 00 00 00 00 00 00 11 F0 16 
10:07:46.006->>>>-发送-68 1B 00 43 04 00 00 B0 04 00 11 11 11 11 11 11 33 00 00 00 00 00 10 01 00 A5 16 
10:07:46.084-<<<<-接收-68 13 00 83 00 00 00 00 00 00 10 01 00 03 00 F8 07 96 16 
10:07:46.146->>>>-发送-68 1E 00 43 04 00 00 B0 04 00 11 11 11 11 11 11 33 00 00 00 00 00 10 02 00 02 00 10 B8 16 
10:07:46.256-<<<<-接收-68 22 00 83 00 00 00 00 00 00 10 02 00 03 00 02 33 00 00 00 00 00 00 11 01 00 00 00 00 00 00 11 F0 16 
10:08:30.432->>>>-发送-68 1B 00 43 04 00 00 B0 04 00 11 11 11 11 11 11 33 00 00 00 00 00 10 01 00 A5 16 
10:08:30.510-<<<<-接收-68 13 00 83 00 00 00 00 00 00 10 01 00 03 00 F8 07 96 16 
10:08:30.573->>>>-发送-68 1E 00 43 04 00 00 B0 04 00 11 11 11 11 11 11 33 00 00 00 00 00 10 02 00 02 00 10 B8 16 
10:08:30.682-<<<<-接收-68 22 00 83 00 00 00 00 00 00 10 02 00 03 00 02 33 00 00 00 00 00 00 11 01 00 00 00 00 00 00 11 F0 16 
10:08:35.308->>>>-发送-68 1B 00 43 04 00 00 B0 04 00 11 11 11 11 11 11 33 00 00 00 00 00 10 01 00 A5 16 
10:08:35.386-<<<<-接收-68 13 00 83 00 00 00 00 00 00 10 01 00 03 00 F8 07 96 16 
10:08:35.449->>>>-发送-68 1E 00 43 04 00 00 B0 04 00 11 11 11 11 11 11 33 00 00 00 00 00 10 02 00 02 00 10 B8 16 
10:08:35.558-<<<<-接收-68 22 00 83 00 00 00 00 00 00 10 02 00 03 00 02 33 00 00 00 00 00 00 11 01 00 00 00 00 00 00 11 F0 16 
10:09:05.217->>>>-发送-68 1B 00 43 04 00 00 B0 04 00 11 11 11 11 11 11 33 00 00 00 00 00 10 01 00 A5 16 
10:09:05.295-<<<<-接收-68 13 00 83 00 00 00 00 00 00 10 01 00 03 00 F8 07 96 16 
10:09:05.358->>>>-发送-68 1E 00 43 04 00 00 B0 04 00 11 11 11 11 11 11 33 00 00 00 00 00 10 02 00 01 00 10 B7 16 
10:09:05.467-<<<<-接收-68 2A 00 83 00 00 00 00 00 00 10 02 00 03 00 03 06 00 00 00 00 00 00 11 33 00 00 00 00 00 00 11 01 00 00 00 00 00 00 11 08 16 
10:10:08.490->>>>-发送-68 1E 00 43 04 00 00 B0 04 00 11 11 11 11 11 11 33 00 00 00 00 00 10 10 02 01 00 10 C7 16 
10:10:08.599-<<<<-接收-68 2A 00 83 00 00 00 00 00 00 10 10 02 02 00 01 00 02 01 01 A8 C0 00 00 01 00 00 00 40 33 00 00 00 00 00 02 00 01 00 11 9C 16 
10:10:18.694->>>>-发送-68 1B 00 43 04 00 00 B0 04 00 11 11 11 11 11 11 33 00 00 00 00 00 03 08 00 9F 16 
10:10:18.772-<<<<-接收-68 15 00 83 00 00 00 00 00 00 03 08 00 01 00 00 01 00 00 90 16 
10:10:18.835->>>>-发送-68 1E 00 43 04 00 00 B0 04 00 11 11 11 11 11 11 33 00 00 00 00 00 10 10 02 01 00 10 C7 16 
10:10:18.944-<<<<-接收-68 2A 00 83 00 00 00 00 00 00 10 10 02 02 00 01 00 02 01 01 A8 C0 00 00 01 00 00 00 40 33 00 00 00 00 00 02 00 01 00 11 9C 16 
10:10:37.102->>>>-发送-68 1B 00 43 04 00 00 B0 04 00 11 11 11 11 11 11 33 00 00 00 00 00 10 40 0D F1 16 
10:10:37.180-<<<<-接收-68 10 00 83 00 00 00 00 00 00 00 02 00 04 89 16 
10:10:43.525->>>>-发送-68 1E 00 43 04 00 00 B0 04 00 11 11 11 11 11 11 33 00 00 00 00 00 10 10 02 01 00 10 C7 16 
10:10:43.634-<<<<-接收-68 2A 00 83 00 00 00 00 00 00 10 10 02 02 00 01 00 02 01 01 A8 C0 00 00 01 00 00 00 40 33 00 00 00 00 00 02 00 01 00 11 9C 16 
10:11:09.215->>>>-发送-68 1E 00 43 04 00 00 B0 04 00 11 11 11 11 11 11 33 00 00 00 00 00 10 10 02 01 00 10 C7 16 
10:11:09.340-<<<<-接收-68 2A 00 83 00 00 00 00 00 00 10 10 02 02 00 01 00 02 01 01 A8 C0 00 00 01 00 00 00 40 33 00 00 00 00 00 02 00 01 00 11 9C 16 
10:11:20.794->>>>-发送-68 1B 00 43 04 00 00 B0 04 00 11 11 11 11 11 11 33 00 00 00 00 00 03 08 00 9F 16 
10:11:20.872-<<<<-接收-68 15 00 83 00 00 00 00 00 00 03 08 00 01 00 00 01 00 00 90 16 
10:11:20.935->>>>-发送-68 1E 00 43 04 00 00 B0 04 00 11 11 11 11 11 11 33 00 00 00 00 00 10 10 02 01 00 10 C7 16 
10:11:21.029-<<<<-接收-68 2A 00 83 00 00 00 00 00 00 10 10 02 02 00 01 00 02 01 01 A8 C0 00 00 01 00 00 00 40 33 00 00 00 00 00 02 00 01 00 11 9C 16 
10:12:10.425->>>>-发送-68 1E 00 43 04 00 00 B0 04 00 11 11 11 11 11 11 33 00 00 00 00 00 10 10 02 01 00 10 C7 16 
10:12:10.534-<<<<-接收-68 2A 00 83 00 00 00 00 00 00 10 10 02 02 00 01 00 02 01 01 A8 C0 00 00 01 00 00 00 40 33 00 00 00 00 00 02 00 01 00 11 9C 16 
10:33:42.224->>>>-发送-68 1B 00 43 04 00 00 B0 04 00 11 11 11 11 11 11 33 00 00 00 00 00 10 01 00 A5 16 
10:33:42.364-<<<<-接收-68 1F 00 83 0C F0 00 00 FE 00 33 00 00 00 00 00 11 11 11 11 11 11 10 01 00 03 00 F8 03 25 16 
10:33:42.427->>>>-发送-68 1E 00 43 04 00 00 B0 04 00 11 11 11 11 11 11 33 00 00 00 00 00 10 02 00 01 00 10 B7 16 
10:33:42.614-<<<<-接收-68 36 00 83 0C F0 00 00 FE 00 33 00 00 00 00 00 11 11 11 11 11 11 10 02 00 03 00 03 06 00 00 00 00 00 00 10 11 11 11 11 11 11 00 10 33 00 00 00 00 00 00 10 FD 16 
10:34:38.183->>>>-发送-68 1B 00 43 04 00 00 B0 04 00 11 11 11 11 11 11 33 00 00 00 00 00 10 40 0D F1 16 
10:34:38.339-<<<<-接收-68 25 00 83 0C F0 00 00 FE 00 33 00 00 00 00 00 11 11 11 11 11 11 10 40 0D 00 00 00 00 22 33 44 55 66 77 3E 16 
16:24:43.635->>>>-发送-68 15 00 43 00 00 00 B0 04 00 05 01 00 22 33 44 55 66 77 C8 16 
16:24:43.838-<<<<-接收-68 15 00 83 00 00 00 00 00 00 00 01 00 00 00 00 00 02 00 86 16 
16:24:53.340->>>>-发送-68 0F 00 43 00 00 00 B0 04 00 10 01 00 08 16 
16:24:53.449-<<<<-接收-68 13 00 83 00 00 00 00 00 00 10 01 00 00 00 F8 03 8F 16 
16:24:53.511->>>>-发送-68 12 00 43 00 00 00 B0 04 00 10 02 00 01 00 10 1A 16 
16:24:53.621-<<<<-接收-68 12 00 83 00 00 00 00 00 00 10 02 00 00 00 00 95 16 
16:25:01.981->>>>-发送-68 17 00 43 00 00 00 B0 04 00 11 01 00 01 06 00 00 00 00 00 02 12 16 
16:25:02.106-<<<<-接收-68 15 00 83 00 00 00 00 00 00 00 01 00 00 00 00 00 02 00 86 16 
16:25:12.217->>>>-发送-68 0F 00 43 00 00 00 B0 04 00 10 01 00 08 16 
16:25:12.326-<<<<-接收-68 13 00 83 00 00 00 00 00 00 10 01 00 01 00 F8 03 90 16 
16:25:12.388->>>>-发送-68 12 00 43 00 00 00 B0 04 00 10 02 00 01 00 10 1A 16 
16:25:12.545-<<<<-接收-68 1A 00 83 00 00 00 00 00 00 10 02 00 01 00 01 06 00 00 00 00 00 00 10 AD 16 
16:25:34.109->>>>-发送-68 1E 00 43 00 00 00 B0 04 00 11 01 00 02 06 00 00 00 00 00 02 11 11 11 11 11 11 02 7B 16 
16:25:34.266-<<<<-接收-68 15 00 83 00 00 00 00 00 00 00 01 00 00 00 00 00 02 00 86 16 
16:27:57.852->>>>-发送-68 25 00 43 00 00 00 B0 04 00 11 01 00 03 06 00 00 00 00 00 02 11 11 11 11 11 11 02 33 00 00 00 00 00 02 B1 16 
16:27:58.008-<<<<-接收-68 15 00 83 00 00 00 00 00 00 00 01 00 00 00 00 00 02 00 86 16 
16:28:39.466->>>>-发送-68 0F 00 43 00 00 00 B0 04 00 10 01 00 08 16 
16:28:39.575-<<<<-接收-68 13 00 83 00 00 00 00 FE 00 10 01 00 03 00 F8 03 90 16 
16:28:39.638->>>>-发送-68 12 00 43 00 00 00 B0 04 00 10 02 00 01 00 10 1A 16 
16:28:39.810-<<<<-接收-68 2A 00 83 00 00 00 00 FE 00 10 02 00 03 00 03 06 00 00 00 00 00 00 10 11 11 11 11 11 11 00 10 33 00 00 00 00 00 00 10 68 16 
16:59:56.614->>>>-发送-68 0F 00 43 00 00 00 B0 04 00 10 01 00 08 16 
16:59:56.871-<<<<-接收-68 38 00 C3 00 00 00 00 00 01 03 02 01 B2 2F 01 01 00 00 28 32 00 DC 07 DC 07 1E 11 11 11 11 11 11 F8 03 00 00 28 06 16 27 06 16 5A 57 32 30 20 10 16 10 20 00 80 DC 16 
16:59:56.918->>>>-发送-68 12 00 43 00 00 00 B0 04 00 10 02 00 01 00 10 1A 16 
16:59:57.023-<<<<-接收-68 12 00 83 08 F0 00 00 FE 00 10 02 00 00 00 00 8B 16 
16:59:59.840->>>>-发送-68 0F 00 43 00 00 00 B0 04 00 10 01 00 08 16 
16:59:59.955-<<<<-接收-68 13 00 83 08 F0 00 00 FE 00 10 01 00 00 00 F8 03 85 16 
17:00:00.000->>>>-发送-68 12 00 43 00 00 00 B0 04 00 10 02 00 01 00 10 1A 16 
17:00:00.103-<<<<-接收-68 12 00 83 08 F0 00 00 FE 00 10 02 00 00 00 00 8B 16 
17:00:04.729->>>>-发送-68 25 00 43 00 00 00 B0 04 00 11 01 00 03 06 00 00 00 00 00 02 11 11 11 11 11 11 02 33 00 00 00 00 00 02 B1 16 
17:00:04.896-<<<<-接收-68 15 00 83 08 F0 00 00 FE 00 00 01 00 00 00 00 00 02 00 7C 16 
17:09:17.025->>>>-发送-68 0F 00 43 00 00 00 B0 04 00 10 01 00 08 16 
17:09:17.119-<<<<-接收-68 13 00 83 08 F0 00 00 FE 00 10 01 00 00 00 F8 03 85 16 
17:09:17.165->>>>-发送-68 12 00 43 00 00 00 B0 04 00 10 02 00 01 00 10 1A 16 
17:09:17.260-<<<<-接收-68 12 00 83 08 F0 00 00 FE 00 10 02 00 00 00 00 8B 16 
17:09:21.511->>>>-发送-68 25 00 43 00 00 00 B0 04 00 11 01 00 03 06 00 00 00 00 00 02 11 11 11 11 11 11 02 33 00 00 00 00 00 02 B1 16 
17:09:21.657-<<<<-接收-68 15 00 83 08 F0 00 00 FE 00 00 01 00 00 00 00 00 02 00 7C 16 
17:09:25.999->>>>-发送-68 0F 00 43 00 00 00 B0 04 00 10 01 00 08 16 
17:09:26.093-<<<<-接收-68 13 00 83 08 F0 00 00 FE 00 10 01 00 03 00 F8 03 88 16 
17:09:26.138->>>>-发送-68 12 00 43 00 00 00 B0 04 00 10 02 00 01 00 10 1A 16 
17:09:26.293-<<<<-接收-68 2A 00 83 08 F0 00 00 FE 00 10 02 00 03 00 03 06 00 00 00 00 00 00 10 11 11 11 11 11 11 00 10 33 00 00 00 00 00 00 10 60 16 
17:09:56.185->>>>-发送-68 15 00 43 00 00 00 B0 04 00 05 01 00 22 33 44 55 66 77 C8 16 
17:09:56.381-<<<<-接收-68 15 00 83 08 F0 00 00 FE 00 00 01 00 00 00 00 00 02 00 7C 16 
17:10:05.384->>>>-发送-68 0F 00 43 00 00 00 B0 04 00 03 08 00 02 16 
17:10:05.499-<<<<-接收-68 15 00 83 00 00 00 00 00 00 03 08 00 22 33 44 55 66 77 59 16 
19:07:40.420->>>>-发送-68 0F 00 43 00 00 00 B0 04 00 03 08 00 02 16 
19:07:40.518-<<<<-接收-68 15 00 83 00 00 00 00 00 00 03 08 00 22 33 44 55 66 77 59 16 
19:07:50.217->>>>-发送-68 12 00 43 00 00 00 B0 04 00 10 10 02 01 00 10 2A 16 
19:07:54.793-<<<<-接收-08 90 01 20 65 01 00 00 6D 01 00 00 7D 01 00 00 8D 01 00 00 9D 01 00 00 AD 01 00 00 00 00 00 00 00 00 00 00 00 00 00 00 00 00 00 00 4D 05 00 00 BF 01 00 00 00 00 00 00 C1 01 00 00 00 00 00 00 00 00 00 00 00 00 00 00 00 00 00 00 00 00 00 00 00 00 00 00 00 00 00 00 00 00 00 00 00 00 00 00 00 00 00 00 00 00 00 00 00 00 00 00 00 00 00 00 00 00 00 00 00 00 00 00 00 00 00 00 00 00 00 00 00 00 00 00 00 00 00 00 00 00 00 00 00 00 00 00 00 00 00 00 00 00 00 00 00 00 00 00 00 00 00 00 00 00 00 00 00 00 00 00 00 00 00 00 00 00 00 00 00 00 00 00 00 00 00 00 00 00 00 00 00 00 00 00 00 00 00 00 11 00 00 00 00 F0 02 F8 00 F0 3A F8 0A A0 90 E8 00 0C 82 44 83 44 AA F1 01 07 DA 45 01 D1 00 F0 2F F8 AF F2 09 0E BA E8 0F 00 13 F0 01 0F 18 BF FB 1A 43 F0 01 03 18 47 C8 05 00 00 E8 05 00 00 10 3A 24 BF 78 C8 78 C1 FA D8 52 07 24 BF 30 C8 30 C1 44 BF 04 68 0C 60 70 47 00 00 00 23 00 24 00 25 00 26 10 3A 28 BF 78 C1 FB D8 52 07 28 BF 30 C1 48 BF 0B 60 70 47 1F B5 1F BD 10 B5 10 BD DF F8 0C D0 FF F7 F8 FF 00 F0 42 FA 00 F0 7F F8 08 90 01 20 03 B4 FF F7 F1 FF 03 BC 00 F0 7E F8 1B 48 80 47 1B 48 00 47 EF F3 08 80 00 B5 00 F0 7C FA 5D F8 04 EB 70 47 EF F3 08 80 00 B5 00 F0 25 FA 5D F8 04 EB 70 47 EF F3 08 80 00 B5 00 F0 6B FA 5D F8 04 EB 70 47 EF F3 08 80 00 B5 00 F0 FB F9 5D F8 04 EB 70 47 EF F3 08 80 00 B5 00 F0 85 FA 5D F8 04 EB 70 47 FE E7 FE E7 FE E7 FE E7 FE E7 00 00 04 48 05 49 03 4A 05 4B 70 47 00 00 51 05 00 00 C9 00 00 00 08 80 01 20 08 90 01 20 08 80 01 20 10 B5 20 3A C0 F0 0B 80 B1 E8 18 50 20 3A A0 E8 18 50 B1 E8 18 50 A0 E8 18 50 BF F4 F5 AF 5F EA 02 7C 24 BF B1 E8 18 50 A0 E8 18 50 44 BF 18 C9 18 C0 BD E8 10 40 5F EA 82 7C 24 BF 51 F8 04 3B 40 F8 04 3B 08 BF 70 47 D2 07 28 BF 31 F8 02 3B 48 BF 11 F8 01 2B 28 BF 20 F8 02 3B 48 BF 00 F8 01 2B 70 47 70 47 70 47 70 47 04 46 AF F3 00 80 20 46 FF F7 7D FF 00 00 01 49 18 20 AB BE FE E7 26 00 02 00 70 47 00 00 EF F3 09 80 70 47 80 F3 09 88 70 47 EF F3 08 80 70 47 80 F3 08 88 70 47 EF F3 14 80 70 47 80 F3 14 88 70 47 EF F3 10 80 70 47 80 F3 10 88 70 47 72 B6 70 47 62 B6 70 47 F8 B5 08 2A 04 DB F0 C8 F0 C1 08 3A F9 D1 06 E0 00 1F 09 1F 43 68 4B 60 52 1E 00 2A FA D1 F8 BD F8 B5 08 2A 07 DB 04 68 05 68 06 68 07 68 F0 C1 08 3A F6 D1 05 E0 09 1F 03 68 4B 60 52 1E 00 2A FA D1 F8 BD F8 B5 08 2A 07 DB F0 C8 0C 60 0D 60 0E 60 0F 60 08 3A F6 D1 05 E0 00 1F 43 68 0B 60 52 1E 00 2A FA D1 F8 BD F8 B5 08 2A 03 DB F0 C1 08 3A FA D1 04 E0 09 1F 4B 60 52 1E 00 2A FB D1 F8 BD F8 B5 08 2A 03 DB F0 C8 08 3A FA D1 04 E0 00 1F 43 68 52 1E 00 2A FB D1 F8 BD 05 48 4F F0 FF 31 00 68 C0 F8 80 11 C0 F8 00 12 C0 F8 80 12 72 B6 70 47 00 80 01 20 F0 B5 4F F0 80 75 2C 46 78 46 B0 F5 00 1F 01 D2 01 27 00 E0 00 27 01 20 00 F0 6E F8 01 20 00 F0 60 F8 00 26 2E 62 A0 69 C0 07 FC D1 00 21 06 20 00 F0 6C F8 A0 69 C0 07 FC D1 E8 60 03 46 02 46 01 46 00 F0 73 F9 0F B1 14 48 00 E0 00 20 28 62 01 21 08 46 00 F0 5A F8 A0 69 C0 07 FC D1 57 B9 00 21 05 20 00 F0 52 F8 A0 69 C0 07 FC D1 60 69 10 F0 03 0F F4 D1 00 21 05 20 00 F0 47 F8 A0 69 C0 07 FC D1 63 69 2E 62 00 21 04 20 00 F0 3E F8 0B B1 01 20 F0 BD 00 20 F0 BD 00 00 C0 C6 2D 80 00 B5 C8 B1 4F F0 80 73 02 29 0D D0 01 29 17 D1 00 21 05 20 00 F0 2A F8 58 69 40 F0 64 00 02 21 5D F8 04 EB 00 F0 2A B8 00 21 05 20 00 F0 1E F8 58 69 40 F0 34 00 F2 E7 5D F8 04 EB FF F7 90 BF 00 BD 4F F0 80 72 51 68 00 F0 01 00 21 F4 80 71 41 EA 00 20 
19:07:58.248->>>>-发送-68 12 00 43 00 00 00 B0 04 00 10 10 02 01 00 10 2A 16 
19:10:00.547->>>>-发送-68 0F 00 43 00 00 00 B0 04 00 10 01 00 08 16 
19:10:00.643-<<<<-接收-68 13 00 83 08 10 00 00 00 00 10 01 00 03 00 F8 03 AA 16 
19:10:00.688->>>>-发送-68 12 00 43 00 00 00 B0 04 00 10 02 00 01 00 10 1A 16 
19:10:00.829-<<<<-接收-68 2A 00 83 00 00 00 00 06 00 10 02 00 03 00 03 06 00 00 00 00 00 00 10 11 11 11 11 11 11 00 10 33 00 00 00 00 00 00 10 70 16 
19:15:41.425->>>>-发送-68 0F 00 43 00 00 00 B0 04 00 10 01 00 08 16 
19:15:41.523-<<<<-接收-68 13 00 83 08 F0 00 00 FE 00 10 01 00 03 00 F8 03 88 16 
19:15:41.569->>>>-发送-68 12 00 43 00 00 00 B0 04 00 10 02 00 01 00 10 1A 16 
19:15:41.710-<<<<-接收-68 2A 00 83 08 F0 00 00 FE 00 10 02 00 03 00 03 06 00 00 00 00 00 00 10 11 11 11 11 11 11 00 10 33 00 00 00 00 00 00 10 60 16 
19:15:47.537->>>>-发送-68 12 00 43 00 00 00 B0 04 00 10 10 02 01 00 10 2A 16 
19:15:47.949-<<<<-接收-68 2A 00 83 08 F0 00 00 FE 00 10 10 02 02 00 01 00 02 22 33 44 55 66 77 01 00 01 00 40 11 11 11 11 11 11 02 00 01 00 11 27 16 
19:16:58.472->>>>-发送-68 12 00 43 00 00 00 B0 04 00 10 10 02 01 00 10 2A 16 
19:16:58.901-<<<<-接收-68 35 00 83 08 F0 00 00 FE 00 10 10 02 03 00 01 00 03 22 33 44 55 66 77 01 00 01 00 40 11 11 11 11 11 11 02 00 01 00 11 33 00 00 00 00 00 03 00 01 00 11 71 16 
