08:41:17.054->>>>-发送-68 0F 00 43 00 00 00 B0 04 00 10 01 00 08 16 
08:41:17.148-<<<<-接收-68 13 00 83 60 00 00 00 74 00 10 01 00 11 00 F8 03 74 16 
08:41:17.241->>>>-发送-68 12 00 43 00 00 00 B0 04 00 10 02 00 01 00 0A 14 16 
08:41:17.444-<<<<-接收-68 62 00 83 F8 10 00 00 04 00 10 02 00 11 00 0A 03 08 08 08 08 08 00 10 04 08 08 08 08 08 00 10 05 08 08 08 08 08 00 10 06 08 08 08 08 08 00 10 07 08 08 08 08 08 00 10 06 00 00 00 00 00 00 10 00 01 00 00 00 00 00 10 11 11 11 11 11 11 00 10 11 10 00 00 00 00 00 10 12 10 00 00 00 00 00 10 ED 16 
08:45:56.084->>>>-发送-68 0F 00 43 00 00 00 B0 04 00 01 02 00 FA 16 
08:45:57.178-<<<<-接收-68 15 00 83 F8 F0 00 00 FE 00 00 01 00 00 00 00 00 00 00 6A 16 
08:45:57.240->>>>-发送-68 0F 00 43 00 00 00 B0 04 00 10 01 00 08 16 
08:46:04.897-<<<<-接收-68 38 00 C3 00 00 00 00 00 01 03 02 01 B2 2F 01 01 00 00 28 32 00 DC 07 DC 07 1E BB BB BB BB BB BB F8 03 00 00 28 06 16 27 06 16 5A 57 31 30 20 10 16 10 20 00 80 D7 16 
08:46:04.960->>>>-发送-68 12 00 43 00 00 00 B0 04 00 10 02 00 01 00 0A 14 16 
08:46:05.053-<<<<-接收-68 12 00 83 F8 F0 00 00 FE 00 10 02 00 00 00 00 7B 16 
08:53:59.659->>>>-发送-68 0F 00 43 00 00 00 B0 04 00 01 02 00 FA 16 
08:54:00.753-<<<<-接收-68 15 00 83 F8 10 00 00 00 00 00 01 00 00 00 00 00 00 00 8C 16 
08:54:00.815->>>>-发送-68 0F 00 43 00 00 00 B0 04 00 10 01 00 08 16 
08:54:08.488-<<<<-接收-68 38 00 C3 00 00 00 00 00 01 03 02 01 B2 2F 01 01 00 00 28 32 00 DC 07 DC 07 1E BB BB BB BB BB BB F8 03 00 00 28 06 16 27 06 16 5A 57 31 30 20 10 16 10 20 00 80 D7 16 
08:54:08.550->>>>-发送-68 12 00 43 00 00 00 B0 04 00 10 02 00 01 00 0A 14 16 
08:54:08.644-<<<<-接收-68 12 00 83 F8 F0 00 00 FE 00 10 02 00 00 00 00 7B 16 
08:54:30.287->>>>-发送-68 0F 00 43 00 00 00 B0 04 00 01 02 00 FA 16 
08:54:31.381-<<<<-接收-68 15 00 83 F8 F0 00 00 FE 00 00 01 00 00 00 00 00 00 00 6A 16 
08:54:31.444->>>>-发送-68 0F 00 43 00 00 00 B0 04 00 10 01 00 08 16 
08:54:39.116-<<<<-接收-68 38 00 C3 00 00 00 00 00 01 03 02 01 B2 2F 01 01 00 00 28 32 00 DC 07 DC 07 1E BB BB BB BB BB BB F8 03 00 00 28 06 16 27 06 16 5A 57 31 30 20 10 16 10 20 00 80 D7 16 
09:53:58.728->>>>-发送-68 0F 00 43 00 00 00 B0 04 00 03 08 00 02 16 
09:54:03.526-<<<<-接收-68 15 00 83 F8 10 00 00 06 00 03 08 00 BB BB BB BB BB BB FE 16 
09:56:25.432->>>>-发送-68 0F 00 43 00 00 00 B0 04 00 03 08 00 02 16 
09:56:25.510-<<<<-接收-68 15 00 83 00 00 00 00 00 00 03 08 00 0A 0B 0C 0D 0E 0F D9 16 
09:56:37.558->>>>-发送-68 0F 00 43 00 00 00 B0 04 00 03 08 00 02 16 
09:56:37.652-<<<<-接收-68 15 00 83 00 00 00 00 00 00 03 08 00 0A 0B 0C 0D 0E 0F D9 16 
09:56:43.809->>>>-发送-68 0F 00 43 00 00 00 B0 04 00 10 01 00 08 16 
09:56:43.902-<<<<-接收-68 13 00 C3 00 00 00 00 00 00 00 01 00 01 00 F8 03 C0 16 
09:56:43.965->>>>-发送-68 12 00 43 00 00 00 B0 04 00 10 02 00 01 00 0A 14 16 
10:01:05.828->>>>-发送-68 30 00 43 04 00 00 B0 04 00 11 11 11 11 11 11 00 01 00 00 00 00 13 01 00 02 00 00 11 FE 68 00 01 00 00 00 00 68 11 04 33 32 34 35 B4 16 05 16 
10:01:06.328-<<<<-接收-68 29 00 C3 00 00 00 00 00 00 13 01 00 00 00 02 16 68 00 01 00 00 00 00 68 91 0A 33 32 34 35 93 53 32 32 32 32 E8 16 D5 16 
10:55:15.644->>>>-发送-68 1B 00 43 04 00 00 B0 04 00 11 11 11 11 11 11 00 01 00 00 00 00 10 01 00 73 16 
10:55:31.349->>>>-发送-68 1E 00 43 04 00 00 B0 04 00 11 11 11 11 11 11 00 01 00 00 00 00 10 02 00 01 00 0A 7F 16 
10:55:47.054->>>>-发送-68 30 00 43 04 00 00 B0 04 00 11 11 11 11 11 11 00 01 00 00 00 00 13 01 00 02 00 00 11 FE 68 00 01 00 00 00 00 68 11 04 33 32 34 35 B4 16 05 16 
10:56:06.259->>>>-发送-68 1B 00 43 04 00 00 B0 04 00 11 11 11 11 11 11 00 01 00 00 00 00 10 01 00 73 16 
10:56:35.856->>>>-发送-68 1B 00 43 04 00 00 B0 04 00 11 11 11 11 11 11 00 01 00 00 00 00 10 01 00 73 16 
10:56:51.561->>>>-发送-68 1E 00 43 04 00 00 B0 04 00 11 11 11 11 11 11 00 01 00 00 00 00 10 02 00 01 00 0A 7F 16 
10:57:10.407->>>>-发送-68 1B 00 43 04 00 00 B0 04 00 11 11 11 11 11 11 00 01 00 00 00 00 10 01 00 73 16 
10:57:49.449->>>>-发送-68 0F 00 43 00 00 00 B0 04 00 10 01 00 08 16 
10:58:20.758->>>>-发送-68 0F 00 43 00 00 00 B0 04 00 10 01 00 08 16 
10:58:38.932->>>>-发送-68 0F 00 43 00 00 00 B0 04 00 10 01 00 08 16 
10:59:07.410->>>>-发送-68 0F 00 43 00 00 00 B0 04 00 10 01 00 08 16 
10:59:46.086->>>>-发送-68 0F 00 43 00 00 00 B0 04 00 10 01 00 08 16 
11:00:36.951->>>>-发送-68 0F 00 43 00 00 00 B0 04 00 10 01 00 08 16 
11:00:37.045-<<<<-接收-68 13 00 83 F8 F0 00 00 FE 00 10 01 00 94 03 F8 03 0C 16 
11:00:42.826->>>>-发送-68 12 00 43 00 00 00 B0 04 00 10 02 00 01 00 0A 14 16 
11:00:43.030-<<<<-接收-68 62 00 83 F8 F0 00 00 FE 00 10 02 00 94 03 0A 01 01 00 00 00 00 00 10 02 01 00 00 00 00 00 10 03 01 00 00 00 00 00 10 04 01 00 00 00 00 00 10 05 01 00 00 00 00 00 10 06 01 00 00 00 00 00 10 07 01 00 00 00 00 00 10 08 01 00 00 00 00 00 10 09 01 00 00 00 00 00 10 10 01 00 00 00 00 00 10 03 16 
11:00:48.702->>>>-发送-68 0F 00 43 00 00 00 B0 04 00 01 02 00 FA 16 
11:00:49.796-<<<<-接收-68 15 00 83 F8 F0 00 00 FE 00 00 01 00 00 00 00 00 00 00 6A 16 
11:00:49.859->>>>-发送-68 12 00 43 00 00 00 B0 04 00 10 02 00 01 00 0A 14 16 
11:00:57.531-<<<<-接收-68 38 00 C3 00 00 00 00 00 01 03 02 01 B2 2F 01 01 00 00 28 32 00 DC 07 DC 07 1E BB BB BB BB BB BB F8 03 00 00 28 06 16 27 06 16 5A 57 31 30 20 10 16 10 20 00 80 D7 16 
11:01:18.877->>>>-发送-68 25 00 43 00 00 00 B0 04 00 11 01 00 03 06 00 00 00 00 00 02 00 01 00 00 00 00 02 11 11 11 11 11 11 02 7F 16 
11:01:19.018-<<<<-接收-68 15 00 83 F8 F0 00 00 FE 00 00 01 00 00 00 00 00 00 00 6A 16 
11:27:06.980->>>>-发送-68 0F 00 43 00 00 00 B0 04 00 10 01 00 08 16 
11:27:23.888->>>>-发送-68 0F 00 43 00 00 00 B0 04 00 10 01 00 08 16 
11:28:01.236->>>>-发送-68 0F 00 43 00 00 00 B0 04 00 10 01 00 08 16 
14:10:18.491->>>>-发送-68 12 00 43 00 00 00 B0 04 00 10 02 00 01 00 0A 14 16 
14:10:18.694-<<<<-接收-68 62 00 83 60 00 00 00 62 00 10 02 00 2F 01 0A 06 00 00 00 00 00 00 10 00 01 00 00 00 00 00 10 11 11 11 11 11 11 00 10 00 10 00 00 00 00 00 10 01 10 00 00 00 00 00 10 02 10 00 00 00 00 00 10 03 10 00 00 00 00 00 10 04 10 00 00 00 00 00 10 05 10 00 00 00 00 00 10 06 10 00 00 00 00 00 10 23 16 
14:10:23.476->>>>-发送-68 0F 00 43 00 00 00 B0 04 00 10 01 00 08 16 
14:10:23.569-<<<<-接收-68 13 00 83 F8 10 00 00 FE 00 10 01 00 2F 01 F8 03 C5 16 
14:15:09.266->>>>-发送-68 30 00 43 04 00 00 B0 04 00 00 10 11 11 11 11 11 11 11 11 11 11 13 01 00 02 00 00 11 FE 68 11 11 11 11 11 11 68 11 04 33 32 34 35 19 16 22 16 
14:15:09.391-<<<<-接收-68 1C 00 83 04 00 00 00 FE 00 CC CC CC CC CC CC BB BB BB BB BB BB 00 02 00 0C BD 16 
14:15:20.877->>>>-发送-68 30 00 43 04 00 00 B0 04 00 00 10 11 11 11 11 11 11 11 11 11 11 13 01 00 02 00 00 11 FE 68 11 11 11 11 11 11 68 11 04 33 32 34 35 19 16 22 16 
14:15:21.002-<<<<-接收-68 1C 00 83 04 00 00 00 FE 00 CC CC CC CC CC CC BB BB BB BB BB BB 00 02 00 0C BD 16 
14:15:29.940->>>>-发送-68 1E 00 43 04 00 00 B0 04 00 00 10 11 11 11 11 11 11 11 11 11 11 10 02 00 01 00 0A D2 16 
14:15:30.159-<<<<-接收-68 6E 00 83 0C 10 00 00 04 00 11 11 11 11 11 11 00 10 11 11 11 11 10 02 00 2F 01 0A 06 00 00 00 00 00 00 10 00 01 00 00 00 00 00 10 11 11 11 11 11 11 00 10 00 10 00 00 00 00 00 10 01 10 00 00 00 00 00 10 02 10 00 00 00 00 00 10 03 10 00 00 00 00 00 10 04 10 00 00 00 00 00 10 05 10 00 00 00 00 00 10 06 10 00 00 00 00 00 10 3B 16 
14:15:30.222->>>>-发送-68 30 00 43 04 00 00 B0 04 00 00 10 11 11 11 11 11 11 11 11 11 11 13 01 00 02 00 00 11 FE 68 11 11 11 11 11 11 68 11 04 33 32 34 35 19 16 22 16 
14:15:30.362-<<<<-接收-68 1C 00 83 04 00 00 00 FE 00 CC CC CC CC CC CC BB BB BB BB BB BB 00 02 00 0C BD 16 
14:15:45.911->>>>-发送-68 1E 00 43 04 00 00 B0 04 00 00 10 11 11 11 11 11 11 11 11 11 11 10 02 00 01 00 0A D2 16 
14:15:46.114-<<<<-接收-68 6E 00 83 0C B0 00 00 FE 00 11 11 11 11 11 11 00 10 11 11 11 11 10 02 00 2F 01 0A 06 00 00 00 00 00 00 10 00 01 00 00 00 00 00 10 11 11 11 11 11 11 00 10 00 10 00 00 00 00 00 10 01 10 00 00 00 00 00 10 02 10 00 00 00 00 00 10 03 10 00 00 00 00 00 10 04 10 00 00 00 00 00 10 05 10 00 00 00 00 00 10 06 10 00 00 00 00 00 10 D5 16 
14:15:46.192->>>>-发送-68 30 00 43 04 00 00 B0 04 00 00 10 11 11 11 11 11 11 11 11 11 11 13 01 00 02 00 00 11 FE 68 11 11 11 11 11 11 68 11 04 33 32 34 35 19 16 22 16 
14:15:46.348-<<<<-接收-68 1C 00 83 0C 10 00 00 FE 00 CC CC CC CC CC CC BB BB BB BB BB BB 00 02 00 0C D5 16 
14:15:52.208->>>>-发送-68 30 00 43 04 00 00 B0 04 00 00 10 11 11 11 11 11 11 11 11 11 11 13 01 00 02 00 00 11 FE 68 11 11 11 11 11 11 68 11 04 33 32 34 35 19 16 22 16 
14:15:52.349-<<<<-接收-68 1C 00 83 0C C0 00 00 CC 00 CC CC CC CC CC CC BB BB BB BB BB BB 00 02 00 0C 53 16 
14:16:48.808->>>>-发送-68 30 00 43 04 00 00 B0 04 00 00 10 11 11 11 11 11 11 11 11 11 11 13 01 00 02 00 00 11 FE 68 11 11 11 11 11 11 68 11 04 33 32 34 35 19 16 22 16 
14:16:49.574-<<<<-接收-68 39 00 83 04 00 00 00 04 00 11 11 11 11 11 11 00 10 11 11 11 11 13 01 00 00 00 02 1A FE FE FE FE 68 11 11 11 11 11 11 68 91 0A 33 32 34 35 59 53 33 33 33 33 17 16 B1 16 
14:34:59.720->>>>-发送-68 1B 00 43 04 00 00 B0 04 00 00 10 11 11 11 11 11 11 11 11 11 11 01 02 00 B8 16 
14:35:00.861-<<<<-接收-68 21 00 83 04 00 00 00 72 00 CC CC CC CC CC CC BB BB BB BB BB BB 00 01 00 00 00 00 00 00 00 24 16 
14:35:09.409->>>>-发送-68 1E 00 43 04 00 00 B0 04 00 00 10 11 11 11 11 11 11 11 11 11 11 10 02 00 01 00 0A D2 16 
14:35:09.518-<<<<-接收-68 1E 00 83 0C F0 00 00 FE 00 11 11 11 11 11 11 00 10 11 11 11 11 10 02 00 00 00 00 49 16 
14:35:24.098->>>>-发送-68 31 00 43 04 00 00 B0 04 00 00 10 11 11 11 11 11 11 11 11 11 11 11 01 00 03 06 00 00 00 00 00 02 00 01 00 00 00 00 02 11 11 11 11 11 11 02 3D 16 
14:35:24.254-<<<<-接收-68 21 00 83 0C F0 00 00 FE 00 CC CC CC CC CC CC BB BB BB BB BB BB 00 01 00 00 00 00 00 00 00 A8 16 
14:35:32.536->>>>-发送-68 1B 00 43 04 00 00 B0 04 00 00 10 11 11 11 11 11 11 11 11 11 11 10 01 00 C6 16 
14:35:32.646-<<<<-接收-68 1F 00 83 0C F0 00 00 FE 00 11 11 11 11 11 11 00 10 11 11 11 11 10 01 00 03 00 F8 03 46 16 
14:35:32.708->>>>-发送-68 1E 00 43 04 00 00 B0 04 00 00 10 11 11 11 11 11 11 11 11 11 11 10 02 00 01 00 0A D2 16 
14:35:32.880-<<<<-接收-68 36 00 83 0C F0 00 00 FE 00 11 11 11 11 11 11 00 10 11 11 11 11 10 02 00 03 00 03 06 00 00 00 00 00 00 10 00 01 00 00 00 00 00 10 11 11 11 11 11 11 00 10 EC 16 
14:35:39.318->>>>-发送-68 0F 00 43 00 00 00 00 00 00 F0 04 00 37 16 
14:35:39.412-<<<<-接收-68 1C 00 83 10 10 00 00 FE 00 F0 04 00 00 00 01 00 06 00 00 00 00 00 00 03 00 9F 16 
14:35:52.413->>>>-发送-68 0F 00 43 00 00 00 00 00 01 12 01 00 57 16 
14:35:52.507-<<<<-接收-68 15 00 83 F8 F0 00 00 FE 01 00 01 00 00 00 00 00 00 00 6B 16 
14:35:55.523->>>>-发送-68 0F 00 43 00 00 00 00 00 02 F0 04 00 39 16 
14:35:55.617-<<<<-接收-68 1C 00 83 F8 F0 00 00 FE 02 F0 04 00 01 02 01 00 06 00 00 00 00 00 00 03 00 6C 16 
14:36:03.383->>>>-发送-68 0F 00 43 00 00 00 00 00 03 F0 04 00 3A 16 
14:36:03.508-<<<<-接收-68 1C 00 83 F8 F0 00 00 FE 03 F0 04 00 01 02 01 00 06 00 00 00 00 00 00 03 00 6D 16 
14:36:03.571->>>>-发送-68 0F 00 43 00 00 00 00 00 04 03 08 00 52 16 
14:36:03.680-<<<<-接收-68 15 00 83 F8 F0 00 00 FE 04 03 08 00 BB BB BB BB BB BB DA 16 
14:36:03.680->>>>-发送-68 0F 00 43 00 00 00 00 00 05 10 01 00 59 16 
14:36:03.790-<<<<-接收-68 13 00 83 00 00 00 00 00 05 10 01 00 03 00 F8 03 97 16 
14:36:03.790->>>>-发送-68 12 00 43 00 00 00 00 00 06 10 02 00 01 00 03 5F 16 
14:36:03.930-<<<<-接收-68 2A 00 83 00 00 00 00 00 06 10 02 00 03 00 03 06 00 00 00 00 00 00 10 00 01 00 00 00 00 00 10 11 11 11 11 11 11 00 10 3E 16 
14:36:12.291-<<<<-接收-68 18 00 C3 00 00 00 00 00 04 14 01 00 01 06 00 00 00 00 00 02 00 E5 16 
14:36:12.291->>>>-发送-68 33 00 43 04 00 00 00 00 04 BB BB BB BB BB BB 06 00 00 00 00 00 14 01 00 02 00 14 FE FE FE FE 68 06 00 00 00 00 00 68 11 04 33 34 34 35 BB 16 00 62 16 
14:36:13.025-<<<<-接收-68 2B 00 C3 00 00 00 00 00 04 06 02 00 01 00 02 00 00 16 FE FE FE FE 68 06 00 00 00 00 00 68 91 06 33 34 34 35 76 53 06 16 02 16 
14:36:13.025->>>>-发送-68 1F 00 43 04 00 00 00 00 04 BB BB BB BB BB BB 06 00 00 00 00 00 14 01 00 01 00 00 00 C9 16 
14:36:22.901-<<<<-接收-68 2B 00 C3 00 00 00 00 00 04 06 02 00 01 00 02 00 00 16 FE FE FE FE 68 06 00 00 00 00 00 68 91 06 33 34 34 35 76 53 06 16 02 16 
14:36:32.746-<<<<-接收-68 2B 00 C3 00 00 00 00 00 04 06 02 00 01 00 02 00 00 16 FE FE FE FE 68 06 00 00 00 00 00 68 91 06 33 34 34 35 76 53 06 16 02 16 
14:36:42.591-<<<<-接收-68 18 00 C3 00 00 00 00 00 06 14 01 00 01 11 11 11 11 11 11 04 00 49 16 
14:36:42.591->>>>-发送-68 33 00 43 04 00 00 00 00 06 BB BB BB BB BB BB 11 11 11 11 11 11 14 01 00 02 00 14 FE FE FE FE 68 11 11 11 11 11 11 68 11 04 33 34 34 35 1B 16 00 84 16 
14:36:43.450-<<<<-接收-68 2B 00 C3 00 00 00 00 00 06 06 02 00 03 00 02 00 00 16 FE FE FE FE 68 11 11 11 11 11 11 68 91 06 33 34 34 35 76 53 66 16 C6 16 
14:36:43.450->>>>-发送-68 1F 00 43 04 00 00 00 00 06 BB BB BB BB BB BB 11 11 11 11 11 11 14 01 00 01 00 00 00 2B 16 
14:36:53.311-<<<<-接收-68 2B 00 C3 00 00 00 00 00 06 06 02 00 03 00 02 00 00 16 FE FE FE FE 68 11 11 11 11 11 11 68 91 06 33 34 34 35 76 53 66 16 C6 16 
14:37:03.155-<<<<-接收-68 2B 00 C3 00 00 00 00 00 06 06 02 00 03 00 02 00 00 16 FE FE FE FE 68 11 11 11 11 11 11 68 91 06 33 34 34 35 76 53 66 16 C6 16 
14:37:13.000-<<<<-接收-68 18 00 C3 00 00 00 00 00 08 14 01 00 01 06 00 00 00 00 00 02 00 E9 16 
