10:19:08.423->>>>-发送-68 0F 00 43 00 00 00 B0 04 00 10 01 00 08 16 
10:19:24.128->>>>-发送-68 12 00 43 00 00 00 B0 04 00 10 02 00 01 00 04 0E 16 
10:19:43.966->>>>-发送-68 0F 00 43 00 00 00 B0 04 00 10 01 00 08 16 
10:20:20.470->>>>-发送-68 0F 00 43 00 00 00 B0 04 00 10 01 00 08 16 
10:20:20.580-<<<<-接收-68 13 00 83 00 00 00 00 00 00 10 01 00 03 00 F8 03 92 16 
10:20:24.096->>>>-发送-68 0F 00 43 00 00 00 B0 04 00 10 01 00 08 16 
10:20:24.205-<<<<-接收-68 13 00 83 F8 10 00 00 00 00 10 01 00 03 00 F8 03 9A 16 
10:20:24.267->>>>-发送-68 12 00 43 00 00 00 B0 04 00 10 02 00 01 00 04 0E 16 
10:20:24.424-<<<<-接收-68 2A 00 83 00 00 00 00 FE 00 10 02 00 03 00 03 06 00 00 00 00 00 00 10 11 11 11 11 11 11 00 10 33 00 00 00 00 00 00 10 68 16 
10:28:24.353->>>>-发送-68 22 00 43 00 00 00 B0 04 00 11 02 00 03 06 00 00 00 00 00 11 11 11 11 11 11 33 00 00 00 00 00 AC 16 
10:28:24.510-<<<<-接收-68 15 00 83 00 00 00 00 FC 00 00 01 00 00 00 00 00 02 00 82 16 
10:29:28.866->>>>-发送-68 25 00 43 00 00 00 B0 04 00 11 01 00 03 06 00 00 00 00 00 02 11 11 11 11 11 11 02 33 00 00 00 00 00 02 B1 16 
10:29:29.038-<<<<-接收-68 15 00 83 00 00 00 00 FE 00 00 01 00 00 00 00 00 02 00 84 16 
10:38:14.623->>>>-发送-68 0F 00 43 00 00 00 B0 04 00 10 40 0D 54 16 
10:38:14.748-<<<<-接收-68 19 00 83 00 00 00 00 FC 00 10 40 0D 00 00 00 00 22 33 44 55 66 77 A7 16 
10:38:17.764->>>>-发送-68 0F 00 43 00 00 00 B0 04 00 10 40 0D 54 16 
10:38:17.873-<<<<-接收-68 19 00 83 00 00 00 00 FC 00 10 40 0D 00 00 00 00 22 33 44 55 66 77 A7 16 
10:40:09.885->>>>-发送-68 0F 00 43 00 00 00 B0 04 00 10 40 0D 54 16 
10:40:09.994-<<<<-接收-68 19 00 83 00 00 00 00 FC 00 10 40 0D 00 00 00 00 22 33 44 55 66 77 A7 16 
10:40:10.057->>>>-发送-68 0F 00 43 00 00 00 B0 04 00 14 04 00 0F 16 
10:43:30.554->>>>-发送-68 0F 00 43 00 00 00 B0 04 00 10 40 0D 54 16 
10:43:30.664-<<<<-接收-68 19 00 83 00 00 00 00 00 00 10 40 0D 00 00 00 00 22 33 44 55 66 77 AB 16 
10:43:30.726->>>>-发送-68 0F 00 43 00 00 00 B0 04 00 14 04 00 0F 16 
10:44:05.683->>>>-发送-68 0F 00 43 00 00 00 B0 04 00 10 40 0D 54 16 
10:44:05.792-<<<<-接收-68 19 00 83 00 00 00 00 00 00 10 40 0D 00 00 00 00 22 33 44 55 66 77 AB 16 
10:45:48.493->>>>-发送-68 0F 00 43 00 00 00 B0 04 00 10 40 0D 54 16 
10:45:48.603-<<<<-接收-68 19 00 83 00 80 00 00 FE 00 10 40 0D 00 00 00 00 22 33 44 55 66 77 29 16 
10:45:52.478->>>>-发送-68 12 00 43 00 00 00 B0 04 00 10 10 02 01 00 0F 29 16 
10:45:52.900-<<<<-接收-68 2A 00 83 F8 F0 00 00 FE 00 10 10 02 02 00 01 00 02 22 33 44 55 66 77 01 00 01 00 40 33 00 00 00 00 00 02 00 01 00 11 E4 16 
10:48:42.777->>>>-发送-68 0F 00 43 00 00 00 B0 04 00 10 01 00 08 16 
10:48:42.887-<<<<-接收-68 13 00 83 00 00 00 00 FE 00 10 01 00 06 00 F8 03 93 16 
10:48:42.949->>>>-发送-68 12 00 43 00 00 00 B0 04 00 10 02 00 01 00 04 0E 16 
10:48:43.121-<<<<-接收-68 32 00 83 00 00 00 00 00 00 10 02 00 06 00 04 01 00 00 00 50 00 00 08 02 00 00 00 50 00 00 10 03 00 00 00 50 00 00 18 06 00 00 00 00 00 00 10 DB 16 
10:49:27.610->>>>-发送-68 12 00 43 00 00 00 B0 04 00 10 02 00 01 00 18 22 16 
10:49:27.813-<<<<-接收-68 42 00 83 00 00 00 00 00 00 10 02 00 06 00 06 01 00 00 00 50 00 00 08 02 00 00 00 50 00 00 10 03 00 00 00 50 00 00 18 06 00 00 00 00 00 00 10 11 11 11 11 11 11 00 10 33 00 00 00 00 00 00 10 96 16 
10:55:27.918->>>>-发送-68 0F 00 43 00 00 00 B0 04 00 10 40 0D 54 16 
10:55:28.043-<<<<-接收-68 1C 00 83 F8 F0 00 00 FE 00 10 40 0D 02 D4 12 FD 22 33 44 55 66 77 60 1F 00 F5 16 
10:55:31.965->>>>-发送-68 0F 00 43 00 00 00 B0 04 00 10 40 0D 54 16 
10:55:32.090-<<<<-接收-68 1C 00 83 F8 F0 00 00 FE 00 10 40 0D 02 D4 12 FD 22 33 44 55 66 77 60 1F 00 F5 16 
10:57:40.432->>>>-发送-68 0F 00 43 00 00 00 B0 04 00 10 40 0D 54 16 
10:57:40.557-<<<<-接收-68 1C 00 83 F8 F0 00 00 FE 00 10 40 0D 02 D4 12 FD 22 33 44 55 66 77 60 1F 00 F5 16 
10:57:43.682->>>>-发送-68 0F 00 43 00 00 00 B0 04 00 10 40 0D 54 16 
10:57:43.791-<<<<-接收-68 1C 00 83 F8 F0 00 00 FE 00 10 40 0D 02 D4 12 FD 22 33 44 55 66 77 60 1F 00 F5 16 
11:03:25.294->>>>-发送-68 0F 00 43 00 00 00 B0 04 00 10 01 00 08 16 
11:03:25.404-<<<<-接收-68 13 00 83 F8 10 00 00 06 00 10 01 00 B5 03 F8 03 55 16 
11:03:42.859->>>>-发送-68 0F 00 43 00 00 00 B0 04 00 10 01 00 08 16 
11:03:43.031-<<<<-接收-68 13 00 83 00 00 00 00 06 00 10 01 00 F5 03 F8 03 8D 16 
11:04:01.205->>>>-发送-68 0F 00 43 00 00 00 B0 04 00 10 01 00 08 16 
11:04:01.314-<<<<-接收-68 13 00 83 00 00 00 00 06 00 10 01 00 F8 03 F8 03 90 16 
11:04:03.767->>>>-发送-68 0F 00 43 00 00 00 B0 04 00 10 01 00 08 16 
11:04:03.877-<<<<-接收-68 13 00 83 00 00 00 00 FE 00 10 01 00 F8 03 F8 03 88 16 
11:04:32.255->>>>-发送-68 19 00 43 00 00 00 B0 04 00 11 10 00 30 13 11 29 07 17 10 00 06 06 CF 16 
11:04:32.380-<<<<-接收-68 15 00 83 00 00 00 00 06 00 00 01 00 00 00 00 00 02 00 8C 16 
11:13:35.812->>>>-发送-68 12 00 43 00 00 00 B0 04 00 10 20 00 01 00 09 31 16 
11:13:36.062-<<<<-接收-68 5A 00 83 60 60 00 00 6E 00 10 20 00 01 00 09 33 00 00 00 00 00 00 10 33 00 00 00 00 00 00 10 33 00 00 00 00 00 00 10 33 00 00 00 00 00 00 10 33 00 00 00 00 00 00 10 33 00 00 00 00 00 00 10 33 00 00 00 00 00 00 10 33 00 00 00 00 00 00 10 33 00 00 00 00 00 00 10 46 16 
11:17:08.944->>>>-发送-68 12 00 43 00 00 00 B0 04 00 10 20 00 01 00 09 31 16 
11:17:09.194-<<<<-接收-68 5A 00 83 F8 F0 00 00 FE 00 10 20 00 01 00 09 33 00 00 00 00 00 00 10 33 00 00 00 00 00 00 10 33 00 00 00 00 00 00 10 33 00 00 00 00 00 00 10 33 00 00 00 00 00 00 10 33 00 00 00 00 00 00 10 33 00 00 00 00 00 00 10 33 00 00 00 00 00 00 10 33 00 00 00 00 00 00 10 FE 16 
11:17:17.226->>>>-发送-68 12 00 43 00 00 00 B0 04 00 10 20 00 01 00 09 31 16 
11:17:17.523-<<<<-接收-68 5A 00 83 00 00 00 00 06 00 10 20 00 01 00 09 33 00 00 00 00 00 00 10 33 00 00 00 00 00 00 10 33 00 00 00 00 00 00 10 33 00 00 00 00 00 00 10 33 00 00 00 00 00 00 10 33 00 00 00 00 00 00 10 33 00 00 00 00 00 00 10 33 00 00 00 00 00 00 10 33 00 00 00 00 00 00 10 1E 16 
11:17:26.806->>>>-发送-68 12 00 43 00 00 00 B0 04 00 10 20 00 01 00 09 31 16 
11:17:27.071-<<<<-接收-68 5A 00 83 00 00 00 00 00 00 10 20 00 01 00 09 33 00 00 00 00 00 00 10 33 00 00 00 00 00 00 10 33 00 00 00 00 00 00 10 33 00 00 00 00 00 00 10 33 00 00 00 00 00 00 10 33 00 00 00 00 00 00 10 33 00 00 00 00 00 00 10 33 00 00 00 00 00 00 10 33 00 00 00 00 00 00 10 18 16 
11:17:46.542->>>>-发送-68 12 00 43 00 00 00 B0 04 00 10 20 00 01 00 09 31 16 
11:17:46.808-<<<<-接收-68 5A 00 83 00 00 00 00 00 00 10 20 00 01 00 09 33 00 00 00 00 00 00 10 33 00 00 00 00 00 00 10 33 00 00 00 00 00 00 10 33 00 00 00 00 00 00 10 33 00 00 00 00 00 00 10 33 00 00 00 00 00 00 10 33 00 00 00 00 00 00 10 33 00 00 00 00 00 00 10 33 00 00 00 00 00 00 10 18 16 
11:18:16.155->>>>-发送-68 12 00 43 00 00 00 B0 04 00 10 20 00 01 00 18 40 16 
11:18:16.639-<<<<-接收-68 D2 00 83 00 00 00 00 FE 00 10 20 00 01 00 18 33 00 00 00 00 00 00 10 33 00 00 00 00 00 00 10 33 00 00 00 00 00 00 10 33 00 00 00 00 00 00 10 33 00 00 00 00 00 00 10 33 00 00 00 00 00 00 10 33 00 00 00 00 00 00 10 33 00 00 00 00 00 00 10 33 00 00 00 00 00 00 10 33 00 00 00 00 00 00 10 33 00 00 00 00 00 00 10 33 00 00 00 00 00 00 10 33 00 00 00 00 00 00 10 33 00 00 00 00 00 00 10 33 00 00 00 00 00 00 10 33 00 00 00 00 00 00 10 33 00 00 00 00 00 00 10 33 00 00 00 00 00 00 10 33 00 00 00 00 00 00 10 33 00 00 00 00 00 00 10 33 00 00 00 00 00 00 10 33 00 00 00 00 00 00 10 33 00 00 00 00 00 00 10 33 00 00 00 00 00 00 10 12 16 
11:18:23.312->>>>-发送-68 12 00 43 00 00 00 B0 04 00 10 20 00 01 00 18 40 16 
11:18:23.796-<<<<-接收-68 D2 00 83 F8 10 00 00 FE 00 10 20 00 01 00 18 33 00 00 00 00 00 00 10 33 00 00 00 00 00 00 10 33 00 00 00 00 00 00 10 33 00 00 00 00 00 00 10 33 00 00 00 00 00 00 10 33 00 00 00 00 00 00 10 33 00 00 00 00 00 00 10 33 00 00 00 00 00 00 10 33 00 00 00 00 00 00 10 33 00 00 00 00 00 00 10 33 00 00 00 00 00 00 10 33 00 00 00 00 00 00 10 33 00 00 00 00 00 00 10 33 00 00 00 00 00 00 10 33 00 00 00 00 00 00 10 33 00 00 00 00 00 00 10 33 00 00 00 00 00 00 10 33 00 00 00 00 00 00 10 33 00 00 00 00 00 00 10 33 00 00 00 00 00 00 10 33 00 00 00 00 00 00 10 33 00 00 00 00 00 00 10 33 00 00 00 00 00 00 10 33 00 00 00 00 00 00 10 1A 16 
11:18:49.564->>>>-发送-68 12 00 43 00 00 00 B0 04 00 10 20 00 01 00 18 40 16 
11:18:50.064-<<<<-接收-68 D2 00 83 00 00 00 00 FE 00 10 20 00 01 00 18 33 00 00 00 00 00 00 10 33 00 00 00 00 00 00 10 33 00 00 00 00 00 00 10 33 00 00 00 00 00 00 10 33 00 00 00 00 00 00 10 33 00 00 00 00 00 00 10 33 00 00 00 00 00 00 10 33 00 00 00 00 00 00 10 33 00 00 00 00 00 00 10 33 00 00 00 00 00 00 10 33 00 00 00 00 00 00 10 33 00 00 00 00 00 00 10 33 00 00 00 00 00 00 10 33 00 00 00 00 00 00 10 33 00 00 00 00 00 00 10 33 00 00 00 00 00 00 10 33 00 00 00 00 00 00 10 33 00 00 00 00 00 00 10 33 00 00 00 00 00 00 10 33 00 00 00 00 00 00 10 33 00 00 00 00 00 00 10 33 00 00 00 00 00 00 10 33 00 00 00 00 00 00 10 33 00 00 00 00 00 00 10 12 16 
11:19:07.832->>>>-发送-68 0F 00 43 00 00 00 B0 04 00 11 20 00 28 16 
11:19:07.988-<<<<-接收-68 15 00 83 F8 F0 00 00 20 00 00 01 00 00 00 00 00 02 00 8E 16 
11:19:17.192->>>>-发送-68 12 00 43 00 00 00 B0 04 00 10 20 00 01 00 18 40 16 
11:19:17.677-<<<<-接收-68 D2 00 83 F8 F0 00 00 FE 00 10 20 00 01 00 18 33 00 00 00 00 00 00 10 33 00 00 00 00 00 00 10 33 00 00 00 00 00 00 10 33 00 00 00 00 00 00 10 33 00 00 00 00 00 00 10 33 00 00 00 00 00 00 10 33 00 00 00 00 00 00 10 33 00 00 00 00 00 00 10 33 00 00 00 00 00 00 10 33 00 00 00 00 00 00 10 33 00 00 00 00 00 00 10 33 00 00 00 00 00 00 10 33 00 00 00 00 00 00 10 33 00 00 00 00 00 00 10 33 00 00 00 00 00 00 10 33 00 00 00 00 00 00 10 33 00 00 00 00 00 00 10 33 00 00 00 00 00 00 10 33 00 00 00 00 00 00 10 33 00 00 00 00 00 00 10 33 00 00 00 00 00 00 10 33 00 00 00 00 00 00 10 33 00 00 00 00 00 00 10 33 00 00 00 00 00 00 10 FA 16 
11:19:17.755->>>>-发送-68 12 00 43 00 00 00 B0 04 00 11 20 00 01 00 18 41 16 
11:19:17.896-<<<<-接收-68 15 00 83 68 20 00 00 74 00 00 01 00 00 00 00 00 02 00 82 16 
11:19:29.412->>>>-发送-68 12 00 43 00 00 00 B0 04 00 10 20 00 01 00 18 40 16 
11:19:29.912-<<<<-接收-68 D2 00 83 00 00 00 00 06 00 10 20 00 01 00 18 33 00 00 00 00 00 00 10 33 00 00 00 00 00 00 10 33 00 00 00 00 00 00 10 33 00 00 00 00 00 00 10 33 00 00 00 00 00 00 10 33 00 00 00 00 00 00 10 33 00 00 00 00 00 00 10 33 00 00 00 00 00 00 10 33 00 00 00 00 00 00 10 33 00 00 00 00 00 00 10 33 00 00 00 00 00 00 10 33 00 00 00 00 00 00 10 33 00 00 00 00 00 00 10 33 00 00 00 00 00 00 10 33 00 00 00 00 00 00 10 33 00 00 00 00 00 00 10 33 00 00 00 00 00 00 10 33 00 00 00 00 00 00 10 33 00 00 00 00 00 00 10 33 00 00 00 00 00 00 10 33 00 00 00 00 00 00 10 33 00 00 00 00 00 00 10 33 00 00 00 00 00 00 10 33 00 00 00 00 00 00 10 1A 16 
11:19:32.460->>>>-发送-68 12 00 43 00 00 00 B0 04 00 10 20 00 01 00 18 40 16 
11:19:32.944-<<<<-接收-68 D2 00 83 00 00 00 00 FE 00 10 20 00 01 00 18 33 00 00 00 00 00 00 10 33 00 00 00 00 00 00 10 33 00 00 00 00 00 00 10 33 00 00 00 00 00 00 10 33 00 00 00 00 00 00 10 33 00 00 00 00 00 00 10 33 00 00 00 00 00 00 10 33 00 00 00 00 00 00 10 33 00 00 00 00 00 00 10 33 00 00 00 00 00 00 10 33 00 00 00 00 00 00 10 33 00 00 00 00 00 00 10 33 00 00 00 00 00 00 10 33 00 00 00 00 00 00 10 33 00 00 00 00 00 00 10 33 00 00 00 00 00 00 10 33 00 00 00 00 00 00 10 33 00 00 00 00 00 00 10 33 00 00 00 00 00 00 10 33 00 00 00 00 00 00 10 33 00 00 00 00 00 00 10 33 00 00 00 00 00 00 10 33 00 00 00 00 00 00 10 33 00 00 00 00 00 00 10 12 16 
11:20:22.574->>>>-发送-68 12 00 43 00 00 00 B0 04 00 10 20 00 01 00 18 40 16 
11:20:23.059-<<<<-接收-68 D2 00 83 00 00 00 00 FE 00 10 20 00 01 00 18 33 00 00 00 00 00 00 10 33 00 00 00 00 00 00 10 33 00 00 00 00 00 00 10 33 00 00 00 00 00 00 10 33 00 00 00 00 00 00 10 33 00 00 00 00 00 00 10 33 00 00 00 00 00 00 10 33 00 00 00 00 00 00 10 33 00 00 00 00 00 00 10 33 00 00 00 00 00 00 10 33 00 00 00 00 00 00 10 33 00 00 00 00 00 00 10 33 00 00 00 00 00 00 10 33 00 00 00 00 00 00 10 33 00 00 00 00 00 00 10 33 00 00 00 00 00 00 10 33 00 00 00 00 00 00 10 33 00 00 00 00 00 00 10 33 00 00 00 00 00 00 10 33 00 00 00 00 00 00 10 33 00 00 00 00 00 00 10 33 00 00 00 00 00 00 10 33 00 00 00 00 00 00 10 33 00 00 00 00 00 00 10 12 16 
11:22:39.963->>>>-发送-68 12 00 43 00 00 00 B0 04 00 10 20 00 01 00 18 40 16 
11:22:40.447-<<<<-接收-68 D2 00 83 00 00 00 00 00 00 10 20 00 01 00 18 33 00 00 00 00 00 00 10 33 00 00 00 00 00 00 10 33 00 00 00 00 00 00 10 33 00 00 00 00 00 00 10 33 00 00 00 00 00 00 10 33 00 00 00 00 00 00 10 33 00 00 00 00 00 00 10 33 00 00 00 00 00 00 10 33 00 00 00 00 00 00 10 33 00 00 00 00 00 00 10 33 00 00 00 00 00 00 10 33 00 00 00 00 00 00 10 33 00 00 00 00 00 00 10 33 00 00 00 00 00 00 10 33 00 00 00 00 00 00 10 33 00 00 00 00 00 00 10 33 00 00 00 00 00 00 10 33 00 00 00 00 00 00 10 33 00 00 00 00 00 00 10 33 00 00 00 00 00 00 10 33 00 00 00 00 00 00 10 33 00 00 00 00 00 00 10 33 00 00 00 00 00 00 10 33 00 00 00 00 00 00 10 14 16 
11:23:09.075->>>>-发送-68 12 00 43 00 00 00 B0 04 00 10 10 02 01 00 0F 29 16 
11:23:09.528-<<<<-接收-68 40 00 83 30 10 00 00 00 00 10 10 02 03 00 01 00 04 22 33 44 55 66 77 01 00 01 00 40 33 00 00 00 00 00 02 00 01 00 11 06 00 00 00 00 00 04 00 01 00 11 06 00 00 00 00 00 04 00 01 00 11 79 16 
11:23:26.139->>>>-发送-68 12 00 43 00 00 00 B0 04 00 10 10 02 01 00 0F 29 16 
11:23:26.593-<<<<-接收-68 40 00 83 F8 10 00 00 FE 00 10 10 02 03 00 01 00 04 22 33 44 55 66 77 01 00 01 00 40 33 00 00 00 00 00 02 00 01 00 11 06 00 00 00 00 00 04 00 01 00 11 06 00 00 00 00 00 04 00 01 00 11 3F 16 
11:24:03.550->>>>-发送-68 12 00 43 00 00 00 B0 04 00 10 10 02 01 00 05 1F 16 
11:24:03.768-<<<<-接收-68 40 00 83 F8 10 00 00 FE 00 10 10 02 03 00 01 00 04 22 33 44 55 66 77 01 00 01 00 40 33 00 00 00 00 00 02 00 01 00 11 06 00 00 00 00 00 04 00 01 00 11 06 00 00 00 00 00 04 00 01 00 11 3F 16 
11:25:03.993->>>>-发送-68 12 00 43 00 00 00 B0 04 00 10 10 02 01 00 05 1F 16 
11:25:04.244-<<<<-接收-68 40 00 83 F8 10 00 00 FE 00 10 10 02 03 00 01 00 04 22 33 44 55 66 77 01 00 01 00 40 33 00 00 00 00 00 02 00 01 00 11 06 00 00 00 00 00 04 00 01 00 11 06 00 00 00 00 00 04 00 01 00 11 3F 16 
11:25:51.045->>>>-发送-68 0F 00 43 00 00 00 B0 04 00 10 40 0D 54 16 
11:25:51.155-<<<<-接收-68 1C 00 83 00 00 00 00 FE 00 10 40 0D 02 D4 12 FD 22 33 44 55 66 77 FB 80 00 09 16 
11:25:57.062->>>>-发送-68 12 00 43 00 00 00 B0 04 00 10 10 02 02 00 05 20 16 
11:25:57.312-<<<<-接收-68 35 00 83 F8 10 00 00 FE 00 10 10 02 03 00 02 00 03 33 00 00 00 00 00 02 00 01 00 11 06 00 00 00 00 00 04 00 01 00 11 06 00 00 00 00 00 04 00 01 00 11 32 16 
11:26:17.236->>>>-发送-68 12 00 43 00 00 00 B0 04 00 10 10 02 02 00 05 20 16 
11:27:44.511->>>>-发送-68 12 00 43 00 00 00 B0 04 00 10 10 02 02 00 05 20 16 
11:27:44.729-<<<<-接收-68 1F 00 83 F8 F0 00 00 FE 00 10 10 02 02 00 02 00 01 33 00 00 00 00 00 02 00 01 00 11 D7 16 
11:27:51.496->>>>-发送-68 12 00 43 00 00 00 B0 04 00 10 10 02 02 00 05 20 16 
11:27:51.746-<<<<-接收-68 1F 00 83 F8 F0 00 00 FE 00 10 10 02 02 00 02 00 01 33 00 00 00 00 00 02 00 01 00 11 D7 16 
11:28:03.513->>>>-发送-68 12 00 43 00 00 00 B0 04 00 10 10 02 02 00 05 20 16 
11:28:03.763-<<<<-接收-68 2A 00 83 F8 F0 00 00 FE 00 10 10 02 03 00 02 00 02 33 00 00 00 00 00 02 00 01 00 11 11 11 11 11 11 11 03 00 01 00 11 54 16 
11:28:04.685->>>>-发送-68 12 00 43 00 00 00 B0 04 00 10 10 02 02 00 05 20 16 
11:28:04.919-<<<<-接收-68 2A 00 83 F8 F0 00 00 FE 00 10 10 02 03 00 02 00 02 33 00 00 00 00 00 02 00 01 00 11 11 11 11 11 11 11 03 00 01 00 11 54 16 
11:28:10.763->>>>-发送-68 12 00 43 00 00 00 B0 04 00 10 10 02 02 00 05 20 16 
11:28:10.982-<<<<-接收-68 2A 00 83 F8 F0 00 00 FE 00 10 10 02 03 00 02 00 02 33 00 00 00 00 00 02 00 01 00 11 11 11 11 11 11 11 03 00 01 00 11 54 16 
11:28:30.562->>>>-发送-68 0F 00 43 00 00 00 B0 04 00 10 40 0D 54 16 
11:28:30.703-<<<<-接收-68 1C 00 83 00 00 00 00 FE 00 10 40 0D 02 D8 F8 9B 22 33 44 55 66 77 FB 80 00 91 16 
11:28:37.079->>>>-发送-68 12 00 43 00 00 00 B0 04 00 10 10 02 01 00 05 1F 16 
11:28:37.313-<<<<-接收-68 35 00 83 00 00 00 00 FE 00 10 10 02 03 00 01 00 03 22 33 44 55 66 77 01 00 01 00 40 33 00 00 00 00 00 02 00 01 00 11 11 11 11 11 11 11 03 00 01 00 11 79 16 
11:28:38.626->>>>-发送-68 12 00 43 00 00 00 B0 04 00 10 10 02 01 00 05 1F 16 
11:28:38.860-<<<<-接收-68 35 00 83 00 00 00 00 FE 00 10 10 02 03 00 01 00 03 22 33 44 55 66 77 01 00 01 00 40 33 00 00 00 00 00 02 00 01 00 11 11 11 11 11 11 11 03 00 01 00 11 79 16 
11:28:39.516->>>>-发送-68 12 00 43 00 00 00 B0 04 00 10 10 02 01 00 05 1F 16 
11:28:39.766-<<<<-接收-68 35 00 83 00 00 00 00 FE 00 10 10 02 03 00 01 00 03 22 33 44 55 66 77 01 00 01 00 40 33 00 00 00 00 00 02 00 01 00 11 11 11 11 11 11 11 03 00 01 00 11 79 16 
11:28:40.454->>>>-发送-68 12 00 43 00 00 00 B0 04 00 10 10 02 01 00 05 1F 16 
11:28:40.688-<<<<-接收-68 35 00 83 00 00 00 00 FE 00 10 10 02 03 00 01 00 03 22 33 44 55 66 77 01 00 01 00 40 33 00 00 00 00 00 02 00 01 00 11 11 11 11 11 11 11 03 00 01 00 11 79 16 
11:28:43.282->>>>-发送-68 12 00 43 00 00 00 B0 04 00 10 10 02 01 00 05 1F 16 
11:28:43.517-<<<<-接收-68 35 00 83 00 00 00 00 FE 00 10 10 02 03 00 01 00 03 22 33 44 55 66 77 01 00 01 00 40 33 00 00 00 00 00 02 00 01 00 11 11 11 11 11 11 11 03 00 01 00 11 79 16 
11:29:17.974->>>>-发送-68 12 00 43 00 00 00 B0 04 00 10 10 02 01 00 05 1F 16 
11:29:18.208-<<<<-接收-68 35 00 83 00 00 00 00 FE 00 10 10 02 03 00 01 00 03 22 33 44 55 66 77 01 00 01 00 40 33 00 00 00 00 00 02 00 01 00 11 11 11 11 11 11 11 03 00 01 00 11 79 16 
11:29:19.552->>>>-发送-68 12 00 43 00 00 00 B0 04 00 10 10 02 01 00 05 1F 16 
11:29:19.786-<<<<-接收-68 35 00 83 00 00 00 00 FE 00 10 10 02 03 00 01 00 03 22 33 44 55 66 77 01 00 01 00 40 33 00 00 00 00 00 02 00 01 00 11 11 11 11 11 11 11 03 00 01 00 11 79 16 
11:29:20.177->>>>-发送-68 12 00 43 00 00 00 B0 04 00 10 10 02 01 00 05 1F 16 
11:29:20.411-<<<<-接收-68 35 00 83 00 00 00 00 FE 00 10 10 02 03 00 01 00 03 22 33 44 55 66 77 01 00 01 00 40 33 00 00 00 00 00 02 00 01 00 11 11 11 11 11 11 11 03 00 01 00 11 79 16 
11:29:20.693->>>>-发送-68 12 00 43 00 00 00 B0 04 00 10 10 02 01 00 05 1F 16 
11:29:20.927-<<<<-接收-68 35 00 83 00 00 00 00 FE 00 10 10 02 03 00 01 00 03 22 33 44 55 66 77 01 00 01 00 40 33 00 00 00 00 00 02 00 01 00 11 11 11 11 11 11 11 03 00 01 00 11 79 16 
11:29:21.443->>>>-发送-68 12 00 43 00 00 00 B0 04 00 10 10 02 01 00 05 1F 16 
11:29:21.677-<<<<-接收-68 35 00 83 00 00 00 00 FE 00 10 10 02 03 00 01 00 03 22 33 44 55 66 77 01 00 01 00 40 33 00 00 00 00 00 02 00 01 00 11 11 11 11 11 11 11 03 00 01 00 11 79 16 
11:29:22.115->>>>-发送-68 12 00 43 00 00 00 B0 04 00 10 10 02 01 00 05 1F 16 
11:29:22.349-<<<<-接收-68 35 00 83 00 00 00 00 FE 00 10 10 02 03 00 01 00 03 22 33 44 55 66 77 01 00 01 00 40 33 00 00 00 00 00 02 00 01 00 11 11 11 11 11 11 11 03 00 01 00 11 79 16 
11:29:22.740->>>>-发送-68 12 00 43 00 00 00 B0 04 00 10 10 02 01 00 05 1F 16 
11:29:22.974-<<<<-接收-68 35 00 83 00 00 00 00 FE 00 10 10 02 03 00 01 00 03 22 33 44 55 66 77 01 00 01 00 40 33 00 00 00 00 00 02 00 01 00 11 11 11 11 11 11 11 03 00 01 00 11 79 16 
11:29:57.728->>>>-发送-68 12 00 43 00 00 00 B0 04 00 10 10 02 01 00 05 1F 16 
11:29:57.978-<<<<-接收-68 40 00 83 00 00 00 00 FE 00 10 10 02 04 00 01 00 04 22 33 44 55 66 77 01 00 01 00 40 33 00 00 00 00 00 02 00 01 00 11 11 11 11 11 11 11 03 00 01 00 11 06 00 00 00 00 00 04 00 01 00 11 97 16 
11:30:01.197->>>>-发送-68 12 00 43 00 00 00 B0 04 00 10 10 02 01 00 05 1F 16 
11:30:01.447-<<<<-接收-68 40 00 83 00 00 00 00 FE 00 10 10 02 04 00 01 00 04 22 33 44 55 66 77 01 00 01 00 40 33 00 00 00 00 00 02 00 01 00 11 11 11 11 11 11 11 03 00 01 00 11 06 00 00 00 00 00 04 00 01 00 11 97 16 
11:30:02.056->>>>-发送-68 12 00 43 00 00 00 B0 04 00 10 10 02 01 00 05 1F 16 
11:30:02.306-<<<<-接收-68 40 00 83 00 00 00 00 FE 00 10 10 02 04 00 01 00 04 22 33 44 55 66 77 01 00 01 00 40 33 00 00 00 00 00 02 00 01 00 11 11 11 11 11 11 11 03 00 01 00 11 06 00 00 00 00 00 04 00 01 00 11 97 16 
11:30:02.697->>>>-发送-68 12 00 43 00 00 00 B0 04 00 10 10 02 01 00 05 1F 16 
11:30:02.947-<<<<-接收-68 40 00 83 00 00 00 00 FE 00 10 10 02 04 00 01 00 04 22 33 44 55 66 77 01 00 01 00 40 33 00 00 00 00 00 02 00 01 00 11 11 11 11 11 11 11 03 00 01 00 11 06 00 00 00 00 00 04 00 01 00 11 97 16 
11:30:03.307->>>>-发送-68 12 00 43 00 00 00 B0 04 00 10 10 02 01 00 05 1F 16 
11:30:03.557-<<<<-接收-68 40 00 83 00 00 00 00 FE 00 10 10 02 04 00 01 00 04 22 33 44 55 66 77 01 00 01 00 40 33 00 00 00 00 00 02 00 01 00 11 11 11 11 11 11 11 03 00 01 00 11 06 00 00 00 00 00 04 00 01 00 11 97 16 
11:30:03.853->>>>-发送-68 12 00 43 00 00 00 B0 04 00 10 10 02 01 00 05 1F 16 
11:30:04.103-<<<<-接收-68 40 00 83 00 00 00 00 FE 00 10 10 02 04 00 01 00 04 22 33 44 55 66 77 01 00 01 00 40 33 00 00 00 00 00 02 00 01 00 11 11 11 11 11 11 11 03 00 01 00 11 06 00 00 00 00 00 04 00 01 00 11 97 16 
11:30:04.478->>>>-发送-68 12 00 43 00 00 00 B0 04 00 10 10 02 01 00 05 1F 16 
11:30:04.729-<<<<-接收-68 40 00 83 00 00 00 00 FE 00 10 10 02 04 00 01 00 04 22 33 44 55 66 77 01 00 01 00 40 33 00 00 00 00 00 02 00 01 00 11 11 11 11 11 11 11 03 00 01 00 11 06 00 00 00 00 00 04 00 01 00 11 97 16 
11:30:04.947->>>>-发送-68 12 00 43 00 00 00 B0 04 00 10 10 02 01 00 05 1F 16 
11:30:05.197-<<<<-接收-68 40 00 83 00 00 00 00 FE 00 10 10 02 04 00 01 00 04 22 33 44 55 66 77 01 00 01 00 40 33 00 00 00 00 00 02 00 01 00 11 11 11 11 11 11 11 03 00 01 00 11 06 00 00 00 00 00 04 00 01 00 11 97 16 
11:30:05.416->>>>-发送-68 12 00 43 00 00 00 B0 04 00 10 10 02 01 00 05 1F 16 
11:30:05.666-<<<<-接收-68 40 00 83 00 00 00 00 FE 00 10 10 02 04 00 01 00 04 22 33 44 55 66 77 01 00 01 00 40 33 00 00 00 00 00 02 00 01 00 11 11 11 11 11 11 11 03 00 01 00 11 06 00 00 00 00 00 04 00 01 00 11 97 16 
11:30:06.338->>>>-发送-68 12 00 43 00 00 00 B0 04 00 10 10 02 01 00 05 1F 16 
11:30:06.572-<<<<-接收-68 40 00 83 00 00 00 00 FE 00 10 10 02 04 00 01 00 04 22 33 44 55 66 77 01 00 01 00 40 33 00 00 00 00 00 02 00 01 00 11 11 11 11 11 11 11 03 00 01 00 11 06 00 00 00 00 00 04 00 01 00 11 97 16 
11:30:06.854->>>>-发送-68 12 00 43 00 00 00 B0 04 00 10 10 02 01 00 05 1F 16 
11:30:07.104-<<<<-接收-68 40 00 83 00 00 00 00 FE 00 10 10 02 04 00 01 00 04 22 33 44 55 66 77 01 00 01 00 40 33 00 00 00 00 00 02 00 01 00 11 11 11 11 11 11 11 03 00 01 00 11 06 00 00 00 00 00 04 00 01 00 11 97 16 
11:30:07.323->>>>-发送-68 12 00 43 00 00 00 B0 04 00 10 10 02 01 00 05 1F 16 
11:30:07.573-<<<<-接收-68 40 00 83 00 00 00 00 FE 00 10 10 02 04 00 01 00 04 22 33 44 55 66 77 01 00 01 00 40 33 00 00 00 00 00 02 00 01 00 11 11 11 11 11 11 11 03 00 01 00 11 06 00 00 00 00 00 04 00 01 00 11 97 16 
11:30:07.838->>>>-发送-68 12 00 43 00 00 00 B0 04 00 10 10 02 01 00 05 1F 16 
11:30:08.073-<<<<-接收-68 40 00 83 00 00 00 00 FE 00 10 10 02 04 00 01 00 04 22 33 44 55 66 77 01 00 01 00 40 33 00 00 00 00 00 02 00 01 00 11 11 11 11 11 11 11 03 00 01 00 11 06 00 00 00 00 00 04 00 01 00 11 97 16 
11:30:08.604->>>>-发送-68 12 00 43 00 00 00 B0 04 00 10 10 02 01 00 05 1F 16 
11:30:08.854-<<<<-接收-68 40 00 83 00 00 00 00 FE 00 10 10 02 04 00 01 00 04 22 33 44 55 66 77 01 00 01 00 40 33 00 00 00 00 00 02 00 01 00 11 11 11 11 11 11 11 03 00 01 00 11 06 00 00 00 00 00 04 00 01 00 11 97 16 
11:30:09.135->>>>-发送-68 12 00 43 00 00 00 B0 04 00 10 10 02 01 00 05 1F 16 
11:30:09.385-<<<<-接收-68 40 00 83 F8 10 00 00 FE 00 10 10 02 04 00 01 00 04 22 33 44 55 66 77 01 00 01 00 40 33 00 00 00 00 00 02 00 01 00 11 11 11 11 11 11 11 03 00 01 00 11 06 00 00 00 00 00 04 00 01 00 11 9F 16 
11:30:09.713->>>>-发送-68 12 00 43 00 00 00 B0 04 00 10 10 02 01 00 05 1F 16 
11:30:09.963-<<<<-接收-68 40 00 83 F8 10 00 00 FE 00 10 10 02 04 00 01 00 04 22 33 44 55 66 77 01 00 01 00 40 33 00 00 00 00 00 02 00 01 00 11 11 11 11 11 11 11 03 00 01 00 11 06 00 00 00 00 00 04 00 01 00 11 9F 16 
11:30:10.323->>>>-发送-68 12 00 43 00 00 00 B0 04 00 10 10 02 01 00 05 1F 16 
11:30:10.573-<<<<-接收-68 40 00 83 00 00 00 00 00 00 10 10 02 04 00 01 00 04 22 33 44 55 66 77 01 00 01 00 40 33 00 00 00 00 00 02 00 01 00 11 11 11 11 11 11 11 03 00 01 00 11 06 00 00 00 00 00 04 00 01 00 11 99 16 
11:30:10.964->>>>-发送-68 12 00 43 00 00 00 B0 04 00 10 10 02 01 00 05 1F 16 
11:30:11.214-<<<<-接收-68 40 00 83 00 00 00 00 00 00 10 10 02 04 00 01 00 04 22 33 44 55 66 77 01 00 01 00 40 33 00 00 00 00 00 02 00 01 00 11 11 11 11 11 11 11 03 00 01 00 11 06 00 00 00 00 00 04 00 01 00 11 99 16 
11:30:31.575->>>>-发送-68 12 00 43 00 00 00 B0 04 00 10 10 02 01 00 10 2A 16 
11:30:32.044-<<<<-接收-68 40 00 83 00 00 00 00 00 00 10 10 02 04 00 01 00 04 22 33 44 55 66 77 01 00 01 00 40 33 00 00 00 00 00 02 00 01 00 11 11 11 11 11 11 11 03 00 01 00 11 06 00 00 00 00 00 04 00 01 00 11 99 16 
11:30:33.747->>>>-发送-68 12 00 43 00 00 00 B0 04 00 10 10 02 01 00 10 2A 16 
11:30:34.185-<<<<-接收-68 40 00 83 00 00 00 00 00 00 10 10 02 04 00 01 00 04 22 33 44 55 66 77 01 00 01 00 40 33 00 00 00 00 00 02 00 01 00 11 11 11 11 11 11 11 03 00 01 00 11 06 00 00 00 00 00 04 00 01 00 11 99 16 
11:30:42.061->>>>-发送-68 19 00 43 00 00 00 B0 04 00 11 10 00 30 13 11 29 07 17 10 00 06 06 CF 16 
11:30:42.186-<<<<-接收-68 15 00 83 00 00 00 00 00 00 00 01 00 00 00 00 00 02 00 86 16 
14:08:16.561->>>>-发送-68 0F 00 43 00 00 00 B0 04 00 10 01 00 08 16 
14:08:16.671-<<<<-接收-68 13 00 83 F8 F0 00 00 FE 00 10 01 00 01 00 F8 03 76 16 
14:08:20.031->>>>-发送-68 0F 00 43 00 00 00 B0 04 00 10 01 00 08 16 
14:08:20.140-<<<<-接收-68 13 00 83 F8 F0 00 00 FE 00 10 01 00 01 00 F8 03 76 16 
14:08:20.218->>>>-发送-68 12 00 43 00 00 00 B0 04 00 10 02 00 01 00 18 22 16 
14:08:20.343-<<<<-接收-68 1A 00 83 F8 F0 00 00 FE 00 10 02 00 01 00 01 06 00 00 00 00 00 00 10 93 16 
14:16:48.288->>>>-发送-68 0F 00 43 00 00 00 B0 04 00 10 01 00 08 16 
14:16:48.397-<<<<-接收-68 13 00 83 F8 F0 00 00 FE 00 10 01 00 01 00 F8 03 76 16 
14:16:48.460->>>>-发送-68 12 00 43 00 00 00 B0 04 00 10 02 00 01 00 18 22 16 
14:16:48.585-<<<<-接收-68 1A 00 83 F8 F0 00 00 FE 00 10 02 00 01 00 01 06 00 00 00 00 00 00 10 93 16 
14:17:21.932->>>>-发送-68 0F 00 43 00 00 00 B0 04 00 10 01 00 08 16 
14:17:22.041-<<<<-接收-68 13 00 83 F8 10 00 00 FE 00 10 01 00 01 00 F8 03 96 16 
14:17:22.104->>>>-发送-68 12 00 43 00 00 00 B0 04 00 10 02 00 01 00 18 22 16 
14:17:22.229-<<<<-接收-68 1A 00 83 00 00 00 00 FE 00 10 02 00 01 00 01 06 00 00 00 00 00 00 10 AB 16 
14:17:33.730->>>>-发送-68 19 00 43 00 00 00 B0 04 00 11 10 00 30 13 11 29 07 17 10 00 06 06 CF 16 
14:17:33.855-<<<<-接收-68 15 00 83 F8 F0 00 00 FE 00 00 01 00 00 00 00 00 02 00 6C 16 
14:18:30.048->>>>-发送-68 0F 00 43 00 00 00 B0 04 00 03 08 00 02 16 
14:18:30.158-<<<<-接收-68 15 00 83 F8 F0 00 00 FE 00 03 08 00 32 00 00 96 40 00 7C 16 
14:18:41.003->>>>-发送-68 15 00 43 00 00 00 B0 04 00 05 01 00 22 33 44 55 66 77 C8 16 
14:18:41.159-<<<<-接收-68 15 00 83 F8 F0 00 00 FE 00 00 01 00 00 00 00 00 02 00 6C 16 
14:23:28.955->>>>-发送-68 0F 00 43 00 00 00 B0 04 00 10 01 00 08 16 
14:23:29.064-<<<<-接收-68 13 00 83 F8 F0 00 00 FE 00 10 01 00 01 00 F8 03 76 16 
14:24:00.693->>>>-发送-68 0F 00 43 00 00 00 B0 04 00 11 20 00 28 16 
14:24:00.818-<<<<-接收-68 15 00 83 F8 F0 00 00 FE 00 00 01 00 00 00 00 00 02 00 6C 16 
14:24:08.209->>>>-发送-68 12 00 43 00 00 00 B0 04 00 10 20 00 01 00 18 40 16 
14:24:08.694-<<<<-接收-68 D2 00 83 F8 F0 00 00 FE 00 10 20 00 01 00 18 33 00 00 00 00 00 00 10 33 00 00 00 00 00 00 10 33 00 00 00 00 00 00 10 33 00 00 00 00 00 00 10 33 00 00 00 00 00 00 10 33 00 00 00 00 00 00 10 33 00 00 00 00 00 00 10 33 00 00 00 00 00 00 10 33 00 00 00 00 00 00 10 33 00 00 00 00 00 00 10 33 00 00 00 00 00 00 10 33 00 00 00 00 00 00 10 33 00 00 00 00 00 00 10 33 00 00 00 00 00 00 10 33 00 00 00 00 00 00 10 33 00 00 00 00 00 00 10 33 00 00 00 00 00 00 10 33 00 00 00 00 00 00 10 33 00 00 00 00 00 00 10 33 00 00 00 00 00 00 10 33 00 00 00 00 00 00 10 33 00 00 00 00 00 00 10 33 00 00 00 00 00 00 10 33 00 00 00 00 00 00 10 FA 16 
14:24:13.741->>>>-发送-68 12 00 43 00 00 00 B0 04 00 10 20 00 01 00 18 40 16 
14:24:14.226-<<<<-接收-68 D2 00 83 00 00 00 00 FE 00 10 20 00 01 00 18 33 00 00 00 00 00 00 10 33 00 00 00 00 00 00 10 33 00 00 00 00 00 00 10 33 00 00 00 00 00 00 10 33 00 00 00 00 00 00 10 33 00 00 00 00 00 00 10 33 00 00 00 00 00 00 10 33 00 00 00 00 00 00 10 33 00 00 00 00 00 00 10 33 00 00 00 00 00 00 10 33 00 00 00 00 00 00 10 33 00 00 00 00 00 00 10 33 00 00 00 00 00 00 10 33 00 00 00 00 00 00 10 33 00 00 00 00 00 00 10 33 00 00 00 00 00 00 10 33 00 00 00 00 00 00 10 33 00 00 00 00 00 00 10 33 00 00 00 00 00 00 10 33 00 00 00 00 00 00 10 33 00 00 00 00 00 00 10 33 00 00 00 00 00 00 10 33 00 00 00 00 00 00 10 33 00 00 00 00 00 00 10 12 16 
14:32:14.301->>>>-发送-68 12 00 43 00 00 00 B0 04 00 10 20 00 01 00 18 40 16 
14:32:14.801-<<<<-接收-68 D2 00 83 00 00 00 00 FE 00 10 20 00 01 00 18 33 00 00 00 00 00 00 10 33 00 00 00 00 00 00 10 33 00 00 00 00 00 00 10 33 00 00 00 00 00 00 10 33 00 00 00 00 00 00 10 33 00 00 00 00 00 00 10 33 00 00 00 00 00 00 10 33 00 00 00 00 00 00 10 33 00 00 00 00 00 00 10 33 00 00 00 00 00 00 10 33 00 00 00 00 00 00 10 33 00 00 00 00 00 00 10 33 00 00 00 00 00 00 10 33 00 00 00 00 00 00 10 33 00 00 00 00 00 00 10 33 00 00 00 00 00 00 10 33 00 00 00 00 00 00 10 33 00 00 00 00 00 00 10 33 00 00 00 00 00 00 10 33 00 00 00 00 00 00 10 33 00 00 00 00 00 00 10 33 00 00 00 00 00 00 10 33 00 00 00 00 00 00 10 33 00 00 00 00 00 00 10 12 16 
14:32:38.092->>>>-发送-68 12 00 43 00 00 00 B0 04 00 10 20 00 01 00 18 40 16 
14:32:38.576-<<<<-接收-68 D2 00 83 00 00 00 00 00 00 10 20 00 01 00 18 33 00 00 00 00 00 00 10 33 00 00 00 00 00 00 10 33 00 00 00 00 00 00 10 33 00 00 00 00 00 00 10 33 00 00 00 00 00 00 10 33 00 00 00 00 00 00 10 33 00 00 00 00 00 00 10 33 00 00 00 00 00 00 10 33 00 00 00 00 00 00 10 33 00 00 00 00 00 00 10 33 00 00 00 00 00 00 10 33 00 00 00 00 00 00 10 33 00 00 00 00 00 00 10 33 00 00 00 00 00 00 10 33 00 00 00 00 00 00 10 33 00 00 00 00 00 00 10 33 00 00 00 00 00 00 10 33 00 00 00 00 00 00 10 33 00 00 00 00 00 00 10 33 00 00 00 00 00 00 10 33 00 00 00 00 00 00 10 33 00 00 00 00 00 00 10 33 00 00 00 00 00 00 10 33 00 00 00 00 00 00 10 14 16 
14:33:11.189->>>>-发送-68 0F 00 43 00 00 00 B0 04 00 10 01 00 08 16 
14:33:11.314-<<<<-接收-68 13 00 83 00 00 00 00 00 00 10 01 00 C8 00 F8 03 57 16 
14:33:11.376->>>>-发送-68 12 00 43 00 00 00 B0 04 00 10 02 00 01 00 18 22 16 
14:33:11.736-<<<<-接收-68 D2 00 83 00 00 00 00 00 00 10 02 00 C8 00 18 06 00 00 00 00 00 00 10 01 00 00 00 00 00 00 10 02 00 00 00 00 00 00 10 03 00 00 00 00 00 00 10 04 00 00 00 00 00 00 10 05 00 00 00 00 00 00 10 07 00 00 00 00 00 00 10 08 00 00 00 00 00 00 10 09 00 00 00 00 00 00 10 10 00 00 00 00 00 00 10 11 00 00 00 00 00 00 10 12 00 00 00 00 00 00 10 13 00 00 00 00 00 00 10 14 00 00 00 00 00 00 10 15 00 00 00 00 00 00 10 16 00 00 00 00 00 00 10 17 00 00 00 00 00 00 10 18 00 00 00 00 00 00 10 19 00 00 00 00 00 00 10 20 00 00 00 00 00 00 10 21 00 00 00 00 00 00 10 22 00 00 00 00 00 00 10 23 00 00 00 00 00 00 10 24 00 00 00 00 00 00 10 99 16 
14:34:30.924->>>>-发送-68 0F 00 43 00 00 00 B0 04 00 10 01 00 08 16 
14:34:31.033-<<<<-接收-68 13 00 83 00 00 00 00 FE 00 10 01 00 F8 03 F8 03 88 16 
14:34:31.095->>>>-发送-68 12 00 43 00 00 00 B0 04 00 10 02 00 01 00 18 22 16 
14:34:31.455-<<<<-接收-68 D2 00 83 00 00 00 00 FE 00 10 02 00 F8 03 18 06 00 00 00 00 00 00 10 01 00 00 00 00 00 00 10 02 00 00 00 00 00 00 10 03 00 00 00 00 00 00 10 04 00 00 00 00 00 00 10 05 00 00 00 00 00 00 10 07 00 00 00 00 00 00 10 08 00 00 00 00 00 00 10 09 00 00 00 00 00 00 10 10 00 00 00 00 00 00 10 11 00 00 00 00 00 00 10 12 00 00 00 00 00 00 10 13 00 00 00 00 00 00 10 14 00 00 00 00 00 00 10 15 00 00 00 00 00 00 10 16 00 00 00 00 00 00 10 17 00 00 00 00 00 00 10 18 00 00 00 00 00 00 10 19 00 00 00 00 00 00 10 20 00 00 00 00 00 00 10 21 00 00 00 00 00 00 10 22 00 00 00 00 00 00 10 23 00 00 00 00 00 00 10 24 00 00 00 00 00 00 10 CA 16 
14:35:42.859->>>>-发送-68 12 00 43 00 00 00 B0 04 00 10 02 00 01 00 14 1E 16 
14:35:43.187-<<<<-接收-68 B2 00 83 00 00 00 00 FE 00 10 02 00 F8 03 14 06 00 00 00 00 00 00 10 01 00 00 00 00 00 00 10 02 00 00 00 00 00 00 10 03 00 00 00 00 00 00 10 04 00 00 00 00 00 00 10 05 00 00 00 00 00 00 10 07 00 00 00 00 00 00 10 08 00 00 00 00 00 00 10 09 00 00 00 00 00 00 10 10 00 00 00 00 00 00 10 11 00 00 00 00 00 00 10 12 00 00 00 00 00 00 10 13 00 00 00 00 00 00 10 14 00 00 00 00 00 00 10 15 00 00 00 00 00 00 10 16 00 00 00 00 00 00 10 17 00 00 00 00 00 00 10 18 00 00 00 00 00 00 10 19 00 00 00 00 00 00 10 20 00 00 00 00 00 00 10 FC 16 
14:35:44.750->>>>-发送-68 12 00 43 00 00 00 B0 04 00 10 02 00 01 00 14 1E 16 
14:35:45.078-<<<<-接收-68 B2 00 83 00 00 00 00 FE 00 10 02 00 F8 03 14 06 00 00 00 00 00 00 10 01 00 00 00 00 00 00 10 02 00 00 00 00 00 00 10 03 00 00 00 00 00 00 10 04 00 00 00 00 00 00 10 05 00 00 00 00 00 00 10 07 00 00 00 00 00 00 10 08 00 00 00 00 00 00 10 09 00 00 00 00 00 00 10 10 00 00 00 00 00 00 10 11 00 00 00 00 00 00 10 12 00 00 00 00 00 00 10 13 00 00 00 00 00 00 10 14 00 00 00 00 00 00 10 15 00 00 00 00 00 00 10 16 00 00 00 00 00 00 10 17 00 00 00 00 00 00 10 18 00 00 00 00 00 00 10 19 00 00 00 00 00 00 10 20 00 00 00 00 00 00 10 FC 16 
14:35:46.406->>>>-发送-68 12 00 43 00 00 00 B0 04 00 10 02 00 01 00 14 1E 16 
14:35:46.719-<<<<-接收-68 B2 00 83 00 00 00 00 FE 00 10 02 00 F8 03 14 06 00 00 00 00 00 00 10 01 00 00 00 00 00 00 10 02 00 00 00 00 00 00 10 03 00 00 00 00 00 00 10 04 00 00 00 00 00 00 10 05 00 00 00 00 00 00 10 07 00 00 00 00 00 00 10 08 00 00 00 00 00 00 10 09 00 00 00 00 00 00 10 10 00 00 00 00 00 00 10 11 00 00 00 00 00 00 10 12 00 00 00 00 00 00 10 13 00 00 00 00 00 00 10 14 00 00 00 00 00 00 10 15 00 00 00 00 00 00 10 16 00 00 00 00 00 00 10 17 00 00 00 00 00 00 10 18 00 00 00 00 00 00 10 19 00 00 00 00 00 00 10 20 00 00 00 00 00 00 10 FC 16 
14:36:22.723->>>>-发送-68 12 00 43 00 00 00 B0 04 00 10 02 00 15 00 14 32 16 
14:36:23.051-<<<<-接收-68 B2 00 83 00 00 00 00 FE 00 10 02 00 F8 03 14 21 00 00 00 00 00 00 10 22 00 00 00 00 00 00 10 23 00 00 00 00 00 00 10 24 00 00 00 00 00 00 10 25 00 00 00 00 00 00 10 26 00 00 00 00 00 00 10 27 00 00 00 00 00 00 10 28 00 00 00 00 00 00 10 29 00 00 00 00 00 00 10 30 00 00 00 00 00 00 10 31 00 00 00 00 00 00 10 32 00 00 00 00 00 00 10 33 00 00 00 00 00 00 10 34 00 00 00 00 00 00 10 35 00 00 00 00 00 00 10 36 00 00 00 00 00 00 10 37 00 00 00 00 00 00 10 38 00 00 00 00 00 00 10 39 00 00 00 00 00 00 10 40 00 00 00 00 00 00 10 7C 16 
14:37:01.695->>>>-发送-68 12 00 43 00 00 00 B0 04 00 10 02 00 00 01 20 2A 16 
14:37:01.821-<<<<-接收-68 10 00 83 F8 F0 00 00 FE 00 00 02 00 01 6C 16 
14:37:34.168->>>>-发送-68 12 00 43 00 00 00 B0 04 00 10 02 00 00 01 10 1A 16 
14:37:34.465-<<<<-接收-68 92 00 83 00 00 00 00 FE 00 10 02 00 F8 03 10 41 00 00 00 00 00 00 10 42 00 00 00 00 00 00 10 43 00 00 00 00 00 00 10 44 00 00 00 00 00 00 10 45 00 00 00 00 00 00 10 46 00 00 00 00 00 00 10 47 00 00 00 00 00 00 10 48 00 00 00 00 00 00 10 49 00 00 00 00 00 00 10 50 00 00 00 00 00 00 10 51 00 00 00 00 00 00 10 52 00 00 00 00 00 00 10 53 00 00 00 00 00 00 10 54 00 00 00 00 00 00 10 55 00 00 00 00 00 00 10 56 00 00 00 00 00 00 10 50 16 
14:37:54.779->>>>-发送-68 12 00 43 00 00 00 B0 04 00 10 02 00 00 01 10 1A 16 
14:37:55.061-<<<<-接收-68 92 00 83 00 00 00 00 FE 00 10 02 00 F8 03 10 41 00 00 00 00 00 00 10 42 00 00 00 00 00 00 10 43 00 00 00 00 00 00 10 44 00 00 00 00 00 00 10 45 00 00 00 00 00 00 10 46 00 00 00 00 00 00 10 47 00 00 00 00 00 00 10 48 00 00 00 00 00 00 10 49 00 00 00 00 00 00 10 50 00 00 00 00 00 00 10 51 00 00 00 00 00 00 10 52 00 00 00 00 00 00 10 53 00 00 00 00 00 00 10 54 00 00 00 00 00 00 10 55 00 00 00 00 00 00 10 56 00 00 00 00 00 00 10 50 16 
14:37:55.795->>>>-发送-68 12 00 43 00 00 00 B0 04 00 10 02 00 00 01 10 1A 16 
14:37:56.061-<<<<-接收-68 92 00 83 00 00 00 00 00 00 10 02 00 F8 03 10 41 00 00 00 00 00 00 10 42 00 00 00 00 00 00 10 43 00 00 00 00 00 00 10 44 00 00 00 00 00 00 10 45 00 00 00 00 00 00 10 46 00 00 00 00 00 00 10 47 00 00 00 00 00 00 10 48 00 00 00 00 00 00 10 49 00 00 00 00 00 00 10 50 00 00 00 00 00 00 10 51 00 00 00 00 00 00 10 52 00 00 00 00 00 00 10 53 00 00 00 00 00 00 10 54 00 00 00 00 00 00 10 55 00 00 00 00 00 00 10 56 00 00 00 00 00 00 10 52 16 
14:37:56.904->>>>-发送-68 12 00 43 00 00 00 B0 04 00 10 02 00 00 01 10 1A 16 
14:37:57.201-<<<<-接收-68 92 00 83 00 00 00 00 00 00 10 02 00 F8 03 10 41 00 00 00 00 00 00 10 42 00 00 00 00 00 00 10 43 00 00 00 00 00 00 10 44 00 00 00 00 00 00 10 45 00 00 00 00 00 00 10 46 00 00 00 00 00 00 10 47 00 00 00 00 00 00 10 48 00 00 00 00 00 00 10 49 00 00 00 00 00 00 10 50 00 00 00 00 00 00 10 51 00 00 00 00 00 00 10 52 00 00 00 00 00 00 10 53 00 00 00 00 00 00 10 54 00 00 00 00 00 00 10 55 00 00 00 00 00 00 10 56 00 00 00 00 00 00 10 52 16 
14:37:57.498->>>>-发送-68 12 00 43 00 00 00 B0 04 00 10 02 00 00 01 10 1A 16 
14:37:57.795-<<<<-接收-68 92 00 83 00 00 00 00 00 00 10 02 00 F8 03 10 41 00 00 00 00 00 00 10 42 00 00 00 00 00 00 10 43 00 00 00 00 00 00 10 44 00 00 00 00 00 00 10 45 00 00 00 00 00 00 10 46 00 00 00 00 00 00 10 47 00 00 00 00 00 00 10 48 00 00 00 00 00 00 10 49 00 00 00 00 00 00 10 50 00 00 00 00 00 00 10 51 00 00 00 00 00 00 10 52 00 00 00 00 00 00 10 53 00 00 00 00 00 00 10 54 00 00 00 00 00 00 10 55 00 00 00 00 00 00 10 56 00 00 00 00 00 00 10 52 16 
14:37:58.186->>>>-发送-68 12 00 43 00 00 00 B0 04 00 10 02 00 00 01 10 1A 16 
14:37:58.467-<<<<-接收-68 92 00 83 00 00 00 00 FE 00 10 02 00 F8 03 10 41 00 00 00 00 00 00 10 42 00 00 00 00 00 00 10 43 00 00 00 00 00 00 10 44 00 00 00 00 00 00 10 45 00 00 00 00 00 00 10 46 00 00 00 00 00 00 10 47 00 00 00 00 00 00 10 48 00 00 00 00 00 00 10 49 00 00 00 00 00 00 10 50 00 00 00 00 00 00 10 51 00 00 00 00 00 00 10 52 00 00 00 00 00 00 10 53 00 00 00 00 00 00 10 54 00 00 00 00 00 00 10 55 00 00 00 00 00 00 10 56 00 00 00 00 00 00 10 50 16 
14:37:58.827->>>>-发送-68 12 00 43 00 00 00 B0 04 00 10 02 00 00 01 10 1A 16 
14:37:59.123-<<<<-接收-68 92 00 83 00 00 00 00 FE 00 10 02 00 F8 03 10 41 00 00 00 00 00 00 10 42 00 00 00 00 00 00 10 43 00 00 00 00 00 00 10 44 00 00 00 00 00 00 10 45 00 00 00 00 00 00 10 46 00 00 00 00 00 00 10 47 00 00 00 00 00 00 10 48 00 00 00 00 00 00 10 49 00 00 00 00 00 00 10 50 00 00 00 00 00 00 10 51 00 00 00 00 00 00 10 52 00 00 00 00 00 00 10 53 00 00 00 00 00 00 10 54 00 00 00 00 00 00 10 55 00 00 00 00 00 00 10 56 00 00 00 00 00 00 10 50 16 
14:37:59.530->>>>-发送-68 12 00 43 00 00 00 B0 04 00 10 02 00 00 01 10 1A 16 
14:37:59.827-<<<<-接收-68 92 00 83 00 00 00 00 FE 00 10 02 00 F8 03 10 41 00 00 00 00 00 00 10 42 00 00 00 00 00 00 10 43 00 00 00 00 00 00 10 44 00 00 00 00 00 00 10 45 00 00 00 00 00 00 10 46 00 00 00 00 00 00 10 47 00 00 00 00 00 00 10 48 00 00 00 00 00 00 10 49 00 00 00 00 00 00 10 50 00 00 00 00 00 00 10 51 00 00 00 00 00 00 10 52 00 00 00 00 00 00 10 53 00 00 00 00 00 00 10 54 00 00 00 00 00 00 10 55 00 00 00 00 00 00 10 56 00 00 00 00 00 00 10 50 16 
14:38:00.999->>>>-发送-68 12 00 43 00 00 00 B0 04 00 10 02 00 00 01 10 1A 16 
14:38:01.280-<<<<-接收-68 92 00 83 00 00 00 00 FE 00 10 02 00 F8 03 10 41 00 00 00 00 00 00 10 42 00 00 00 00 00 00 10 43 00 00 00 00 00 00 10 44 00 00 00 00 00 00 10 45 00 00 00 00 00 00 10 46 00 00 00 00 00 00 10 47 00 00 00 00 00 00 10 48 00 00 00 00 00 00 10 49 00 00 00 00 00 00 10 50 00 00 00 00 00 00 10 51 00 00 00 00 00 00 10 52 00 00 00 00 00 00 10 53 00 00 00 00 00 00 10 54 00 00 00 00 00 00 10 55 00 00 00 00 00 00 10 56 00 00 00 00 00 00 10 50 16 
14:38:49.941->>>>-发送-68 12 00 43 00 00 00 B0 04 00 10 02 00 02 00 10 1B 16 
14:38:50.207-<<<<-接收-68 92 00 83 00 00 00 00 FE 00 10 02 00 F8 03 10 57 00 00 00 00 00 00 10 58 00 00 00 00 00 00 10 59 00 00 00 00 00 00 10 60 00 00 00 00 00 00 10 61 00 00 00 00 00 00 10 62 00 00 00 00 00 00 10 63 00 00 00 00 00 00 10 64 00 00 00 00 00 00 10 65 00 00 00 00 00 00 10 66 00 00 00 00 00 00 10 67 00 00 00 00 00 00 10 68 00 00 00 00 00 00 10 69 00 00 00 00 00 00 10 70 00 00 00 00 00 00 10 71 00 00 00 00 00 00 10 72 00 00 00 00 00 00 10 E6 16 
14:39:17.944->>>>-发送-68 12 00 43 00 00 00 B0 04 00 10 02 00 03 00 10 1C 16 
14:39:18.241-<<<<-接收-68 92 00 83 00 00 00 00 FE 00 10 02 00 F8 03 10 73 00 00 00 00 00 00 10 74 00 00 00 00 00 00 10 75 00 00 00 00 00 00 10 76 00 00 00 00 00 00 10 77 00 00 00 00 00 00 10 78 00 00 00 00 00 00 10 79 00 00 00 00 00 00 10 80 00 00 00 00 00 00 10 81 00 00 00 00 00 00 10 82 00 00 00 00 00 00 10 83 00 00 00 00 00 00 10 84 00 00 00 00 00 00 10 85 00 00 00 00 00 00 10 86 00 00 00 00 00 00 10 87 00 00 00 00 00 00 10 88 00 00 00 00 00 00 10 7C 16 
14:40:20.045->>>>-发送-68 12 00 43 00 00 00 B0 04 00 10 02 00 03 00 10 1C 16 
14:40:20.326-<<<<-接收-68 92 00 83 00 00 00 00 FE 00 10 02 00 F8 03 10 73 00 00 00 00 00 00 10 74 00 00 00 00 00 00 10 75 00 00 00 00 00 00 10 76 00 00 00 00 00 00 10 77 00 00 00 00 00 00 10 78 00 00 00 00 00 00 10 79 00 00 00 00 00 00 10 80 00 00 00 00 00 00 10 81 00 00 00 00 00 00 10 82 00 00 00 00 00 00 10 83 00 00 00 00 00 00 10 84 00 00 00 00 00 00 10 85 00 00 00 00 00 00 10 86 00 00 00 00 00 00 10 87 00 00 00 00 00 00 10 88 00 00 00 00 00 00 10 7C 16 
14:40:20.701->>>>-发送-68 12 00 43 00 00 00 B0 04 00 10 02 00 03 00 10 1C 16 
14:40:20.982-<<<<-接收-68 92 00 83 00 00 00 00 FE 00 10 02 00 F8 03 10 73 00 00 00 00 00 00 10 74 00 00 00 00 00 00 10 75 00 00 00 00 00 00 10 76 00 00 00 00 00 00 10 77 00 00 00 00 00 00 10 78 00 00 00 00 00 00 10 79 00 00 00 00 00 00 10 80 00 00 00 00 00 00 10 81 00 00 00 00 00 00 10 82 00 00 00 00 00 00 10 83 00 00 00 00 00 00 10 84 00 00 00 00 00 00 10 85 00 00 00 00 00 00 10 86 00 00 00 00 00 00 10 87 00 00 00 00 00 00 10 88 00 00 00 00 00 00 10 7C 16 
14:40:21.592->>>>-发送-68 12 00 43 00 00 00 B0 04 00 10 02 00 03 00 10 1C 16 
14:40:21.889-<<<<-接收-68 92 00 83 00 00 00 00 FE 00 10 02 00 F8 03 10 73 00 00 00 00 00 00 10 74 00 00 00 00 00 00 10 75 00 00 00 00 00 00 10 76 00 00 00 00 00 00 10 77 00 00 00 00 00 00 10 78 00 00 00 00 00 00 10 79 00 00 00 00 00 00 10 80 00 00 00 00 00 00 10 81 00 00 00 00 00 00 10 82 00 00 00 00 00 00 10 83 00 00 00 00 00 00 10 84 00 00 00 00 00 00 10 85 00 00 00 00 00 00 10 86 00 00 00 00 00 00 10 87 00 00 00 00 00 00 10 88 00 00 00 00 00 00 10 7C 16 
14:40:38.047->>>>-发送-68 12 00 43 00 00 00 B0 04 00 10 02 00 02 00 10 1B 16 
14:40:38.328-<<<<-接收-68 92 00 83 00 00 00 00 FE 00 10 02 00 F8 03 10 89 00 00 00 00 00 00 10 90 00 00 00 00 00 00 10 91 00 00 00 00 00 00 10 92 00 00 00 00 00 00 10 93 00 00 00 00 00 00 10 94 00 00 00 00 00 00 10 95 00 00 00 00 00 00 10 96 00 00 00 00 00 00 10 97 00 00 00 00 00 00 10 98 00 00 00 00 00 00 10 99 00 00 00 00 00 00 10 00 01 00 00 00 00 00 10 01 01 00 00 00 00 00 10 02 01 00 00 00 00 00 10 03 01 00 00 00 00 00 10 04 01 00 00 00 00 00 10 03 16 
15:33:05.278->>>>-发送-68 12 00 43 00 00 00 B0 04 00 10 20 00 01 00 18 40 16 
15:33:05.403-<<<<-接收-68 12 00 83 F8 F0 00 00 FE 00 10 20 00 00 00 00 99 16 
15:33:13.029->>>>-发送-68 0F 00 43 00 00 00 B0 04 00 01 02 00 FA 16 
15:33:13.873-<<<<-接收-68 15 00 83 F8 F0 00 00 FE 00 00 01 00 00 00 00 00 02 00 6C 16 
15:33:13.935->>>>-发送-68 12 00 43 00 00 00 B0 04 00 10 20 00 01 00 18 40 16 
15:33:20.749-<<<<-接收-68 38 00 C3 00 00 00 00 00 01 03 02 01 B2 2F 01 01 00 00 28 32 00 DC 07 DC 07 1E BB BB BB BB BB BB F8 03 00 00 28 06 16 27 06 16 5A 57 32 30 20 10 16 10 20 00 80 D8 16 
15:33:47.595->>>>-发送-68 25 00 43 00 00 00 B0 04 00 11 01 00 03 06 00 00 00 00 00 02 11 11 11 11 11 11 02 33 00 00 00 00 00 02 B1 16 
15:33:47.752-<<<<-接收-68 15 00 83 F8 F0 00 00 FE 00 00 01 00 00 00 00 00 02 00 6C 16 
15:34:29.053->>>>-发送-68 15 00 43 00 00 00 B0 04 00 05 01 00 22 33 44 55 66 77 C8 16 
15:34:29.256-<<<<-接收-68 15 00 83 F8 F0 00 00 FE 00 00 01 00 00 00 00 00 02 00 6C 16 
15:35:26.668->>>>-发送-68 0F 00 43 00 00 00 B0 04 00 10 01 00 08 16 
15:35:26.778-<<<<-接收-68 13 00 83 F8 F0 00 00 FE 00 10 01 00 03 00 F8 03 78 16 
15:35:37.373->>>>-发送-68 19 00 43 00 00 00 B0 04 00 11 10 00 30 13 11 29 07 17 10 00 06 06 CF 16 
15:35:37.498-<<<<-接收-68 15 00 83 F8 F0 00 00 FE 00 00 01 00 00 00 00 00 02 00 6C 16 
15:38:32.110->>>>-发送-68 0F 00 43 00 00 00 B0 04 00 11 20 00 28 16 
15:38:32.235-<<<<-接收-68 15 00 83 F8 F0 00 00 FE 00 00 01 00 00 00 00 00 02 00 6C 16 
15:38:37.704->>>>-发送-68 12 00 43 00 00 00 B0 04 00 10 20 00 01 00 18 40 16 
15:38:38.189-<<<<-接收-68 D2 00 83 00 00 00 00 FE 00 10 20 00 01 00 18 33 00 00 00 00 00 00 10 33 00 00 00 00 00 00 10 33 00 00 00 00 00 00 10 33 00 00 00 00 00 00 10 33 00 00 00 00 00 00 10 33 00 00 00 00 00 00 10 33 00 00 00 00 00 00 10 33 00 00 00 00 00 00 10 33 00 00 00 00 00 00 10 33 00 00 00 00 00 00 10 33 00 00 00 00 00 00 10 33 00 00 00 00 00 00 10 33 00 00 00 00 00 00 10 33 00 00 00 00 00 00 10 33 00 00 00 00 00 00 10 33 00 00 00 00 00 00 10 33 00 00 00 00 00 00 10 33 00 00 00 00 00 00 10 33 00 00 00 00 00 00 10 33 00 00 00 00 00 00 10 33 00 00 00 00 00 00 10 33 00 00 00 00 00 00 10 33 00 00 00 00 00 00 10 33 00 00 00 00 00 00 10 12 16 
16:35:45.289->>>>-发送-68 12 00 43 00 00 00 B0 04 00 10 20 00 01 00 18 40 16 
16:35:45.758-<<<<-接收-68 D2 00 83 F8 F0 00 00 FE 00 10 20 00 01 00 18 33 00 00 00 00 00 00 10 33 00 00 00 00 00 00 10 33 00 00 00 00 00 00 10 33 00 00 00 00 00 00 10 33 00 00 00 00 00 00 10 33 00 00 00 00 00 00 10 33 00 00 00 00 00 00 10 33 00 00 00 00 00 00 10 33 00 00 00 00 00 00 10 33 00 00 00 00 00 00 10 33 00 00 00 00 00 00 10 33 00 00 00 00 00 00 10 33 00 00 00 00 00 00 10 33 00 00 00 00 00 00 10 33 00 00 00 00 00 00 10 33 00 00 00 00 00 00 10 33 00 00 00 00 00 00 10 33 00 00 00 00 00 00 10 33 00 00 00 00 00 00 10 33 00 00 00 00 00 00 10 33 00 00 00 00 00 00 10 33 00 00 00 00 00 00 10 33 00 00 00 00 00 00 10 33 00 00 00 00 00 00 10 FA 16 
16:35:52.321->>>>-发送-68 12 00 43 00 00 00 B0 04 00 10 20 00 01 00 18 40 16 
16:35:52.821-<<<<-接收-68 D2 00 83 F8 F0 00 00 FE 00 10 20 00 01 00 18 33 00 00 00 00 00 00 10 33 00 00 00 00 00 00 10 33 00 00 00 00 00 00 10 33 00 00 00 00 00 00 10 33 00 00 00 00 00 00 10 33 00 00 00 00 00 00 10 33 00 00 00 00 00 00 10 33 00 00 00 00 00 00 10 33 00 00 00 00 00 00 10 33 00 00 00 00 00 00 10 33 00 00 00 00 00 00 10 33 00 00 00 00 00 00 10 33 00 00 00 00 00 00 10 33 00 00 00 00 00 00 10 33 00 00 00 00 00 00 10 33 00 00 00 00 00 00 10 33 00 00 00 00 00 00 10 33 00 00 00 00 00 00 10 33 00 00 00 00 00 00 10 33 00 00 00 00 00 00 10 33 00 00 00 00 00 00 10 33 00 00 00 00 00 00 10 33 00 00 00 00 00 00 10 33 00 00 00 00 00 00 10 FA 16 
16:36:11.886->>>>-发送-68 12 00 43 00 00 00 B0 04 00 10 20 00 01 00 18 40 16 
16:36:12.370-<<<<-接收-68 D2 00 83 F8 F0 00 00 FE 00 10 20 00 01 00 18 33 00 00 00 00 00 00 10 33 00 00 00 00 00 00 10 33 00 00 00 00 00 00 10 33 00 00 00 00 00 00 10 33 00 00 00 00 00 00 10 33 00 00 00 00 00 00 10 33 00 00 00 00 00 00 10 33 00 00 00 00 00 00 10 33 00 00 00 00 00 00 10 33 00 00 00 00 00 00 10 33 00 00 00 00 00 00 10 33 00 00 00 00 00 00 10 33 00 00 00 00 00 00 10 33 00 00 00 00 00 00 10 33 00 00 00 00 00 00 10 33 00 00 00 00 00 00 10 33 00 00 00 00 00 00 10 33 00 00 00 00 00 00 10 33 00 00 00 00 00 00 10 33 00 00 00 00 00 00 10 33 00 00 00 00 00 00 10 33 00 00 00 00 00 00 10 33 00 00 00 00 00 00 10 33 00 00 00 00 00 00 10 FA 16 
16:36:35.294->>>>-发送-68 12 00 43 00 00 00 B0 04 00 10 20 00 01 00 18 40 16 
16:36:35.779-<<<<-接收-68 D2 00 83 00 00 00 00 D0 00 10 20 00 01 00 18 33 00 00 00 00 00 00 10 33 00 00 00 00 00 00 10 33 00 00 00 00 00 00 10 33 00 00 00 00 00 00 10 33 00 00 00 00 00 00 10 33 00 00 00 00 00 00 10 33 00 00 00 00 00 00 10 33 00 00 00 00 00 00 10 33 00 00 00 00 00 00 10 33 00 00 00 00 00 00 10 33 00 00 00 00 00 00 10 33 00 00 00 00 00 00 10 33 00 00 00 00 00 00 10 33 00 00 00 00 00 00 10 33 00 00 00 00 00 00 10 33 00 00 00 00 00 00 10 33 00 00 00 00 00 00 10 33 00 00 00 00 00 00 10 33 00 00 00 00 00 00 10 33 00 00 00 00 00 00 10 33 00 00 00 00 00 00 10 33 00 00 00 00 00 00 10 33 00 00 00 00 00 00 10 33 00 00 00 00 00 00 10 E4 16 
16:36:52.921->>>>-发送-68 12 00 43 00 00 00 B0 04 00 10 20 00 01 00 18 40 16 
16:36:53.406-<<<<-接收-68 D2 00 83 00 00 00 00 04 00 10 20 00 01 00 18 33 00 00 00 00 00 00 10 33 00 00 00 00 00 00 10 33 00 00 00 00 00 00 10 33 00 00 00 00 00 00 10 33 00 00 00 00 00 00 10 33 00 00 00 00 00 00 10 33 00 00 00 00 00 00 10 33 00 00 00 00 00 00 10 33 00 00 00 00 00 00 10 33 00 00 00 00 00 00 10 33 00 00 00 00 00 00 10 33 00 00 00 00 00 00 10 33 00 00 00 00 00 00 10 33 00 00 00 00 00 00 10 33 00 00 00 00 00 00 10 33 00 00 00 00 00 00 10 33 00 00 00 00 00 00 10 33 00 00 00 00 00 00 10 33 00 00 00 00 00 00 10 33 00 00 00 00 00 00 10 33 00 00 00 00 00 00 10 33 00 00 00 00 00 00 10 33 00 00 00 00 00 00 10 33 00 00 00 00 00 00 10 18 16 
16:40:34.364->>>>-发送-68 0F 00 43 00 00 00 B0 04 00 01 02 00 FA 16 
16:40:35.208-<<<<-接收-68 15 00 83 F8 F0 00 00 FE 00 00 01 00 00 00 00 00 02 00 6C 16 
18:52:24.570->>>>-发送-68 0F 00 43 00 00 00 B0 04 00 03 08 00 02 16 
18:52:24.679-<<<<-接收-68 15 00 83 F8 F0 00 00 FE 00 03 08 00 BB BB BB BB BB BB D6 16 
