10:09:52.333->>>>-发送-68 0F 00 43 00 00 00 B0 04 00 10 01 00 08 16 
10:09:52.458-<<<<-接收-68 13 00 83 F8 F0 00 00 FE 00 10 01 00 F9 02 F8 03 70 16 
10:09:52.521->>>>-发送-68 12 00 43 00 00 00 B0 04 00 10 02 00 01 00 04 0E 16 
10:09:52.677-<<<<-接收-68 32 00 83 F8 F0 00 00 FE 00 10 02 00 F9 02 04 01 00 00 00 00 00 00 10 02 00 00 00 00 00 00 10 03 00 00 00 00 00 00 10 04 00 00 00 00 00 00 10 C4 16 
10:09:57.209->>>>-发送-68 0F 00 43 00 00 00 B0 04 00 01 02 00 FA 16 
10:09:58.021-<<<<-接收-68 15 00 83 F8 F0 00 00 FE 00 00 01 00 00 00 00 00 02 00 6C 16 
10:10:59.028->>>>-发送-68 17 00 43 00 00 00 B0 04 00 11 01 00 01 06 00 00 00 00 00 02 12 16 
10:10:59.169-<<<<-接收-68 15 00 83 F8 F0 00 00 FE 00 00 01 00 00 00 00 00 02 00 6C 16 
10:11:04.419->>>>-发送-68 12 00 43 00 00 00 B0 04 00 10 02 00 01 00 04 0E 16 
10:11:04.544-<<<<-接收-68 1A 00 83 F8 F0 00 00 FE 00 10 02 00 01 00 01 06 00 00 00 00 00 00 10 93 16 
10:39:19.226->>>>-发送-68 1E 00 43 00 00 00 B0 04 00 11 01 00 02 06 00 00 00 00 00 02 11 11 11 11 11 11 02 7B 16 
10:39:19.382-<<<<-接收-68 15 00 83 F8 F0 00 00 FE 00 00 01 00 00 00 00 00 02 00 6C 16 
10:39:23.461->>>>-发送-68 0F 00 43 00 00 00 B0 04 00 10 01 00 08 16 
10:39:23.570-<<<<-接收-68 13 00 83 F8 F0 00 00 FE 00 10 01 00 02 00 F8 03 77 16 
10:39:23.633->>>>-发送-68 12 00 43 00 00 00 B0 04 00 10 02 00 01 00 04 0E 16 
10:39:23.758-<<<<-接收-68 22 00 83 F8 F0 00 00 FE 00 10 02 00 02 00 02 06 00 00 00 00 00 00 10 11 11 11 11 11 11 00 10 0B 16 
10:40:24.186->>>>-发送-68 15 00 43 00 00 00 B0 04 00 05 01 00 22 33 44 55 66 77 C8 16 
10:40:24.405-<<<<-接收-68 15 00 83 F8 F0 00 00 FE 00 00 01 00 00 00 00 00 02 00 6C 16 
10:42:57.531->>>>-发送-68 0F 00 43 00 00 00 B0 04 00 03 08 00 02 16 
10:42:57.640-<<<<-接收-68 15 00 83 F8 F0 00 00 FE 00 03 08 00 22 33 44 55 66 77 3F 16 
10:42:57.703->>>>-发送-68 15 00 43 00 00 00 B0 04 00 05 01 00 22 33 44 55 66 77 C8 16 
10:42:57.812-<<<<-接收-68 10 00 83 F8 F0 00 00 FE 00 00 02 00 13 7E 16 
16:10:16.059->>>>-发送-68 0F 00 43 00 00 00 B0 04 00 03 08 00 02 16 
16:10:16.184-<<<<-接收-68 15 00 83 F8 F0 00 00 FE 00 03 08 00 77 22 00 96 40 00 E3 16 
16:10:23.966->>>>-发送-68 0F 00 43 00 00 00 B0 04 00 10 01 00 08 16 
16:10:24.075-<<<<-接收-68 13 00 83 F8 F0 00 00 FE 00 10 01 00 03 00 F8 03 78 16 
16:10:24.138->>>>-发送-68 12 00 43 00 00 00 B0 04 00 10 02 00 01 00 04 0E 16 
16:10:24.294-<<<<-接收-68 2A 00 83 F8 F0 00 00 FE 00 10 02 00 03 00 03 02 01 00 00 00 00 00 10 14 01 00 00 00 00 00 10 11 11 11 11 11 11 00 10 2F 16 
16:10:34.154->>>>-发送-68 0F 00 43 00 00 00 B0 04 00 01 02 00 FA 16 
16:10:34.998-<<<<-接收-68 15 00 83 F8 F0 00 00 FE 00 00 01 00 00 00 00 00 02 00 6C 16 
16:10:35.061->>>>-发送-68 0F 00 43 00 00 00 B0 04 00 10 01 00 08 16 
16:10:35.170-<<<<-接收-68 13 00 83 F8 F0 00 00 FE 00 10 01 00 00 00 F8 03 75 16 
16:10:35.233->>>>-发送-68 12 00 43 00 00 00 B0 04 00 10 02 00 01 00 04 0E 16 
16:10:35.358-<<<<-接收-68 12 00 83 F8 F0 00 00 FE 00 10 02 00 00 00 00 7B 16 
16:10:42.218->>>>-发送-68 15 00 43 00 00 00 B0 04 00 05 01 00 22 33 44 55 66 77 C8 16 
16:10:42.405-<<<<-接收-68 15 00 83 F8 F0 00 00 FE 00 00 01 00 00 00 00 00 02 00 6C 16 
16:10:42.468->>>>-发送-68 0F 00 43 00 00 00 B0 04 00 10 01 00 08 16 
16:10:42.577-<<<<-接收-68 13 00 83 F8 F0 00 00 FE 00 10 01 00 00 00 F8 03 75 16 
16:10:42.640->>>>-发送-68 12 00 43 00 00 00 B0 04 00 10 02 00 01 00 04 0E 16 
16:10:42.749-<<<<-接收-68 12 00 83 F8 F0 00 00 FE 00 10 02 00 00 00 00 7B 16 
16:11:10.268->>>>-发送-68 25 00 43 00 00 00 B0 04 00 11 01 00 03 06 00 00 00 00 00 02 11 11 11 11 11 11 02 33 00 00 00 00 00 02 B1 16 
16:11:10.424-<<<<-接收-68 15 00 83 F8 F0 00 00 FE 00 00 01 00 00 00 00 00 02 00 6C 16 
16:12:42.340->>>>-发送-68 11 00 43 00 00 00 B0 04 00 F0 10 03 01 10 0B 16 
16:12:42.512-<<<<-接收-68 23 00 83 00 00 00 00 00 00 F0 10 03 03 03 06 00 00 00 00 00 33 00 00 00 00 00 11 11 11 11 11 11 2B 16 
17:16:28.154->>>>-发送-68 11 00 43 00 00 00 B0 04 00 F0 10 03 01 10 0B 16 
17:16:28.326-<<<<-接收-68 23 00 83 00 00 00 00 00 00 F0 10 03 03 03 06 00 00 00 00 00 33 00 00 00 00 00 11 11 11 11 11 11 2B 16 
17:16:32.171->>>>-发送-68 11 00 43 00 00 00 B0 04 00 F0 10 03 01 10 0B 16 
17:16:32.342-<<<<-接收-68 23 00 83 00 00 00 00 00 00 F0 10 03 03 03 06 00 00 00 00 00 33 00 00 00 00 00 11 11 11 11 11 11 2B 16 
17:16:33.108->>>>-发送-68 11 00 43 00 00 00 B0 04 00 F0 10 03 01 10 0B 16 
17:16:33.280-<<<<-接收-68 23 00 83 00 00 00 00 00 00 F0 10 03 03 03 06 00 00 00 00 00 33 00 00 00 00 00 11 11 11 11 11 11 2B 16 
17:16:33.968->>>>-发送-68 11 00 43 00 00 00 B0 04 00 F0 10 03 01 10 0B 16 
17:16:34.124-<<<<-接收-68 23 00 83 00 00 00 00 00 00 F0 10 03 03 03 06 00 00 00 00 00 33 00 00 00 00 00 11 11 11 11 11 11 2B 16 
17:16:36.140->>>>-发送-68 11 00 43 00 00 00 B0 04 00 F0 10 03 01 10 0B 16 
17:16:36.312-<<<<-接收-68 23 00 83 00 00 00 00 00 00 F0 10 03 03 03 06 00 00 00 00 00 33 00 00 00 00 00 11 11 11 11 11 11 2B 16 
