14:11:50.749->>>>-发送-68 0F 00 43 00 00 00 B0 04 00 10 01 00 08 16 
14:11:52.442-<<<<-接收-68 13 00 83 00 00 00 00 00 00 10 01 00 01 00 F8 07 94 16 
14:11:56.414->>>>-发送-68 12 00 43 00 00 00 B0 04 00 10 02 00 01 00 0A 14 16 
14:11:58.374-<<<<-接收-68 1A 00 83 00 00 00 00 FC 00 10 02 00 01 00 01 06 00 00 00 00 00 00 10 A9 16 
14:12:28.993->>>>-发送-68 0F 00 43 00 00 00 B0 04 00 03 10 00 0A 16 
14:12:30.966-<<<<-接收-68 13 00 83 F8 F0 00 00 FE 00 03 10 00 21 01 00 00 9E 16 
14:12:34.282->>>>-发送-68 0F 00 43 00 00 00 B0 04 00 03 10 00 0A 16 
14:12:35.909-<<<<-接收-68 13 00 83 10 00 00 00 FE 00 03 10 00 21 01 00 00 C6 16 
14:12:45.385->>>>-发送-68 0F 00 43 00 00 00 B0 04 00 03 02 01 FD 16 
14:12:46.811-<<<<-接收-68 38 00 83 F8 F0 00 00 FC 00 03 02 01 B2 2F 01 01 00 00 14 0A 00 00 08 00 08 1E BB BB BB BB BB BB F8 07 01 00 28 06 16 27 06 16 5A 57 31 30 20 10 16 10 20 00 80 8D 16 
14:12:54.264->>>>-发送-68 0F 00 43 00 00 00 B0 04 00 03 04 01 FF 16 
14:12:55.648-<<<<-接收-68 10 00 83 20 70 00 00 20 00 00 02 00 02 37 16 
14:13:03.992->>>>-发送-68 22 00 43 00 00 00 B0 04 00 02 01 00 02 11 FE 68 06 00 00 00 00 00 68 11 04 33 32 34 35 B9 16 93 16 
14:14:57.608->>>>-发送-68 2E 00 43 04 00 00 B0 04 00 11 11 11 11 11 11 06 00 00 00 00 00 02 01 00 02 11 FE 68 06 00 00 00 00 00 68 11 04 33 32 34 35 B9 16 03 16 
14:16:16.136->>>>-发送-68 2E 00 43 04 00 00 B0 04 00 11 11 11 11 11 11 06 00 00 00 00 00 02 01 00 02 11 FE 68 06 00 00 00 00 00 68 11 04 33 32 34 35 B9 16 03 16 
14:23:00.514->>>>-发送-68 2E 00 43 04 00 00 B0 04 00 11 11 11 11 11 11 06 00 00 00 00 00 02 01 00 02 11 FE 68 06 00 00 00 00 00 68 11 04 33 32 34 35 B9 16 03 16 
14:24:15.054->>>>-发送-68 1B 00 43 04 00 00 B0 04 00 11 11 11 11 11 11 06 00 00 00 00 00 03 08 00 72 16 
14:24:16.578-<<<<-接收-68 21 00 83 FC F0 00 00 FE 00 06 00 00 00 00 00 11 11 11 11 11 11 03 08 00 BB BB BB BB BB BB 46 16 
14:25:03.198->>>>-发送-68 21 00 43 04 00 00 B0 04 00 11 11 11 11 11 11 06 00 00 00 00 00 05 01 00 01 01 01 01 01 01 73 16 
14:25:05.476-<<<<-接收-68 21 00 83 34 30 00 00 30 00 CC CC CC CC CC CC 01 01 01 01 01 01 00 01 00 00 00 00 00 00 00 E6 16 
14:25:51.010->>>>-发送-68 1B 00 43 04 00 00 B0 04 00 11 11 11 11 11 11 06 00 00 00 00 00 03 08 00 72 16 
14:25:52.528-<<<<-接收-68 21 00 83 04 00 00 00 FE 00 06 00 00 00 00 00 11 11 11 11 11 11 03 08 00 01 01 01 01 01 01 02 16 
14:29:22.547->>>>-发送-68 1B 00 43 04 00 00 B0 04 00 11 11 11 11 11 11 06 00 00 00 00 00 03 08 00 72 16 
14:29:24.430-<<<<-接收-68 21 00 83 FC F0 00 00 FE 00 06 00 00 00 00 00 11 11 11 11 11 11 03 08 00 01 01 01 01 01 01 EA 16 
14:36:24.257->>>>-发送-68 1B 00 43 04 00 00 B0 04 00 11 11 11 11 11 11 06 00 00 00 00 00 03 08 00 72 16 
14:36:26.033-<<<<-接收-68 21 00 83 FC F0 00 00 FE 00 06 00 00 00 00 00 11 11 11 11 11 11 03 08 00 01 01 01 01 01 01 EA 16 
14:36:48.616->>>>-发送-68 21 00 43 04 00 00 B0 04 00 11 11 11 11 11 11 06 00 00 00 00 00 05 01 00 00 01 01 01 01 01 72 16 
14:36:50.747-<<<<-接收-68 21 00 83 34 30 00 00 32 00 CC CC CC CC CC CC 00 01 01 01 01 01 00 01 00 00 00 00 00 00 00 E7 16 
14:45:38.304->>>>-发送-68 1B 00 43 04 00 00 B0 04 00 11 11 11 11 11 11 06 00 00 00 00 00 03 08 00 72 16 
14:45:40.272-<<<<-接收-68 21 00 83 04 60 00 00 FE 00 06 00 00 00 00 00 11 11 11 11 11 11 03 08 00 00 01 01 01 01 01 61 16 
14:45:58.752->>>>-发送-68 21 00 43 04 00 00 B0 04 00 11 11 11 11 11 11 06 00 00 00 00 00 05 01 00 00 00 01 01 01 01 71 16 
14:46:00.548-<<<<-接收-68 21 00 83 34 30 00 00 32 00 CC CC CC CC CC CC 00 00 01 01 01 01 00 01 00 00 00 00 00 00 00 E6 16 
14:46:36.979->>>>-发送-68 1B 00 43 04 00 00 B0 04 00 11 11 11 11 11 11 06 00 00 00 00 00 03 08 00 72 16 
14:46:38.455-<<<<-接收-68 21 00 83 FC F0 00 00 FE 00 06 00 00 00 00 00 11 11 11 11 11 11 03 08 00 00 00 01 01 01 01 E8 16 
