08:38:27.231->>>>-发送-68 12 00 43 00 00 00 B0 04 00 10 02 00 01 00 0A 14 16 
08:38:27.434-<<<<-接收-68 62 00 83 F8 F0 00 00 FE 00 10 02 00 B4 00 0A 00 01 00 00 00 00 00 10 11 11 11 11 11 11 00 10 00 02 00 00 00 00 00 10 01 02 00 00 00 00 00 10 02 02 00 00 00 00 00 10 03 02 00 00 00 00 00 10 04 02 00 00 00 00 00 10 05 02 00 00 00 00 00 10 06 02 00 00 00 00 00 10 07 02 00 00 00 00 00 10 6C 16 
08:38:33.841->>>>-发送-68 0F 00 43 00 00 00 B0 04 00 01 02 00 FA 16 
08:38:34.935-<<<<-接收-68 15 00 83 F8 F0 00 00 FE 00 00 01 00 00 00 00 00 00 00 6A 16 
08:38:50.140->>>>-发送-68 25 00 43 00 00 00 B0 04 00 11 01 00 03 06 00 00 00 00 00 02 00 01 00 00 00 00 02 11 11 11 11 11 11 02 7F 16 
08:38:50.296-<<<<-接收-68 15 00 83 F8 F0 00 00 FE 00 00 01 00 00 00 00 00 00 00 6A 16 
09:56:55.905->>>>-发送-68 3A 00 43 00 00 00 B0 04 00 11 01 00 06 03 08 08 08 08 08 02 04 08 08 08 08 08 02 05 08 08 08 08 08 02 06 08 08 08 08 08 02 07 08 08 08 08 08 02 03 08 08 08 08 08 02 27 16 
09:56:56.062-<<<<-接收-68 15 00 83 F8 F0 00 00 FE 00 00 01 00 00 00 00 00 00 00 6A 16 
11:29:38.654->>>>-发送-68 0F 00 43 00 00 00 B0 04 00 03 08 00 02 16 
11:29:38.763-<<<<-接收-68 15 00 83 F8 F0 00 00 FE 00 03 08 00 BB BB BB BB BB BB D6 16 
11:30:02.234->>>>-发送-68 0F 00 43 00 00 00 B0 04 00 03 08 00 02 16 
11:30:02.328-<<<<-接收-68 15 00 83 F8 F0 00 00 FE 00 03 08 00 BB BB BB BB BB BB D6 16 
11:30:02.391->>>>-发送-68 12 00 43 00 00 00 B0 04 00 10 10 02 01 00 01 1B 16 
11:30:02.531-<<<<-接收-68 1F 00 83 F8 F0 00 00 FE 00 10 10 02 04 00 01 00 01 BB BB BB BB BB BB 01 00 01 00 40 35 16 
11:30:08.813->>>>-发送-68 0F 00 43 00 00 00 B0 04 00 03 08 00 02 16 
11:30:08.907-<<<<-接收-68 15 00 83 F8 F0 00 00 FE 00 03 08 00 BB BB BB BB BB BB D6 16 
11:30:08.969->>>>-发送-68 12 00 43 00 00 00 B0 04 00 10 10 02 01 00 01 1B 16 
11:30:09.110-<<<<-接收-68 1F 00 83 F8 F0 00 00 FE 00 10 10 02 04 00 01 00 01 BB BB BB BB BB BB 01 00 01 00 40 35 16 
11:30:34.706->>>>-发送-68 12 00 43 00 00 00 B0 04 00 10 10 02 01 00 02 1C 16 
11:30:34.863-<<<<-接收-68 2A 00 83 F8 F0 00 00 FE 00 10 10 02 04 00 01 00 04 BB BB BB BB BB BB 01 00 01 00 40 FF FF FF FF FF FF FF FF FF FF FF 2D 16 
11:31:34.635->>>>-发送-68 12 00 43 00 00 00 B0 04 00 10 10 02 01 00 02 1C 16 
11:31:34.775-<<<<-接收-68 2A 00 83 F8 F0 00 00 FE 00 10 10 02 04 00 01 00 04 BB BB BB BB BB BB 01 00 01 00 40 FF FF FF FF FF FF FF FF FF FF FF 2D 16 
11:31:51.683->>>>-发送-68 12 00 43 00 00 00 B0 04 00 10 10 02 01 00 03 1D 16 
11:31:51.855-<<<<-接收-68 35 00 83 F8 F0 00 00 FE 00 10 10 02 04 00 01 00 04 BB BB BB BB BB BB 01 00 01 00 40 FF FF FF FF FF FF FF FF FF FF FF 06 00 00 00 00 00 02 00 01 00 11 47 16 
11:32:32.281->>>>-发送-68 12 00 43 00 00 00 B0 04 00 10 10 02 02 00 01 1C 16 
11:32:32.407-<<<<-接收-68 1F 00 83 F8 F0 00 00 FE 00 10 10 02 04 00 02 00 01 BB BB BB BB BB BB 01 00 01 00 40 36 16 
11:32:45.252->>>>-发送-68 12 00 43 00 00 00 B0 04 00 10 10 02 02 00 01 1C 16 
11:32:45.377-<<<<-接收-68 1F 00 83 F8 F0 00 00 FE 00 10 10 02 04 00 02 00 01 BB BB BB BB BB BB 01 00 01 00 40 36 16 
11:33:08.864->>>>-发送-68 12 00 43 00 00 00 B0 04 00 10 10 02 02 00 03 1E 16 
11:41:46.278->>>>-发送-68 12 00 43 00 00 00 B0 04 00 10 10 02 01 00 02 1C 16 
11:41:46.450-<<<<-接收-68 2A 00 83 F8 F0 00 00 FE 00 10 10 02 04 00 01 00 04 BB BB BB BB BB BB 01 00 01 00 40 FF FF FF FF FF FF FF FF FF FF FF 2D 16 
11:49:27.874->>>>-发送-68 12 00 43 00 00 00 B0 04 00 10 10 02 01 00 02 1C 16 
11:49:28.015-<<<<-接收-68 1F 00 83 F8 F0 00 00 FE 00 10 10 02 03 00 01 00 02 BB BB BB BB BB BB 01 00 01 00 40 35 16 
11:49:32.718->>>>-发送-68 12 00 43 00 00 00 B0 04 00 10 10 02 01 00 02 1C 16 
11:49:32.843-<<<<-接收-68 1F 00 83 F8 F0 00 00 FE 00 10 10 02 03 00 01 00 02 BB BB BB BB BB BB 01 00 01 00 40 35 16 
11:49:35.047->>>>-发送-68 12 00 43 00 00 00 B0 04 00 10 10 02 01 00 02 1C 16 
11:49:35.187-<<<<-接收-68 1F 00 83 F8 F0 00 00 FE 00 10 10 02 03 00 01 00 02 BB BB BB BB BB BB 01 00 01 00 40 35 16 
11:50:00.612->>>>-发送-68 12 00 43 00 00 00 B0 04 00 10 10 02 01 00 01 1B 16 
11:50:00.753-<<<<-接收-68 1F 00 83 F8 F0 00 00 FE 00 10 10 02 03 00 01 00 01 BB BB BB BB BB BB 01 00 01 00 40 34 16 
11:51:27.332->>>>-发送-68 12 00 43 00 00 00 B0 04 00 10 10 02 02 00 01 1C 16 
11:51:27.488-<<<<-接收-68 1F 00 83 F8 F0 00 00 FE 00 10 10 02 03 00 02 00 01 BB BB BB BB BB BB 01 00 01 00 40 35 16 
11:51:32.660->>>>-发送-68 12 00 43 00 00 00 B0 04 00 10 10 02 02 00 01 1C 16 
11:51:32.817-<<<<-接收-68 1F 00 83 F8 F0 00 00 FE 00 10 10 02 03 00 02 00 01 BB BB BB BB BB BB 01 00 01 00 40 35 16 
11:51:34.739->>>>-发送-68 12 00 43 00 00 00 B0 04 00 10 10 02 02 00 01 1C 16 
11:51:34.864-<<<<-接收-68 1F 00 83 F8 F0 00 00 FE 00 10 10 02 03 00 02 00 01 BB BB BB BB BB BB 01 00 01 00 40 35 16 
11:51:58.569->>>>-发送-68 12 00 43 00 00 00 B0 04 00 10 10 02 02 00 02 1D 16 
12:13:46.578->>>>-发送-68 12 00 43 00 00 00 B0 04 00 10 10 02 02 00 02 1D 16 
12:13:46.687-<<<<-接收-68 14 00 83 F8 F0 00 00 FE 00 10 10 02 02 00 02 00 00 8F 16 
12:13:50.547->>>>-发送-68 12 00 43 00 00 00 B0 04 00 10 10 02 02 00 02 1D 16 
12:13:50.672-<<<<-接收-68 14 00 83 F8 F0 00 00 FE 00 10 10 02 02 00 02 00 00 8F 16 
12:14:22.144->>>>-发送-68 12 00 43 00 00 00 B0 04 00 10 10 02 02 00 01 1C 16 
12:14:22.269-<<<<-接收-68 14 00 83 F8 F0 00 00 FE 00 10 10 02 02 00 02 00 00 8F 16 
12:14:55.601->>>>-发送-68 12 00 43 00 00 00 B0 04 00 10 10 02 01 00 01 1B 16 
12:14:55.757-<<<<-接收-68 1F 00 83 F8 F0 00 00 FE 00 10 10 02 02 00 01 00 01 BB BB BB BB BB BB 01 00 01 00 40 33 16 
12:15:21.510->>>>-发送-68 12 00 43 00 00 00 B0 04 00 10 10 02 01 00 02 1C 16 
12:30:00.713->>>>-发送-68 12 00 43 00 00 00 B0 04 00 10 10 02 01 00 02 1C 16 
12:30:00.853-<<<<-接收-68 1F 00 83 F8 F0 00 00 FE 00 10 10 02 01 00 01 00 01 BB BB BB BB BB BB 01 00 01 00 40 32 16 
12:30:30.982->>>>-发送-68 12 00 43 00 00 00 B0 04 00 10 10 02 01 00 02 1C 16 
12:30:31.138-<<<<-接收-68 2A 00 83 F8 F0 00 00 FE 00 10 10 02 02 00 01 00 02 BB BB BB BB BB BB 01 00 01 00 40 00 01 00 00 00 00 02 00 01 00 11 49 16 
12:30:36.779->>>>-发送-68 12 00 43 00 00 00 B0 04 00 10 10 02 01 00 02 1C 16 
12:30:36.920-<<<<-接收-68 2A 00 83 F8 F0 00 00 FE 00 10 10 02 02 00 01 00 02 BB BB BB BB BB BB 01 00 01 00 40 00 01 00 00 00 00 02 00 01 00 11 49 16 
12:30:53.000->>>>-发送-68 12 00 43 00 00 00 B0 04 00 10 10 02 01 00 01 1B 16 
12:30:53.156-<<<<-接收-68 1F 00 83 F8 F0 00 00 FE 00 10 10 02 02 00 01 00 01 BB BB BB BB BB BB 01 00 01 00 40 33 16 
12:31:08.439->>>>-发送-68 12 00 43 00 00 00 B0 04 00 10 10 02 01 00 03 1D 16 
12:31:08.611-<<<<-接收-68 2A 00 83 F8 F0 00 00 FE 00 10 10 02 02 00 01 00 02 BB BB BB BB BB BB 01 00 01 00 40 00 01 00 00 00 00 02 00 01 00 11 49 16 
12:31:30.863->>>>-发送-68 12 00 43 00 00 00 B0 04 00 10 10 02 01 00 01 1B 16 
12:31:31.004-<<<<-接收-68 1F 00 83 F8 F0 00 00 FE 00 10 10 02 02 00 01 00 01 BB BB BB BB BB BB 01 00 01 00 40 33 16 
12:31:47.521->>>>-发送-68 12 00 43 00 00 00 B0 04 00 10 10 02 02 00 01 1C 16 
12:31:47.646-<<<<-接收-68 1F 00 83 F8 F0 00 00 FE 00 10 10 02 02 00 02 00 01 BB BB BB BB BB BB 01 00 01 00 40 34 16 
12:31:51.772->>>>-发送-68 12 00 43 00 00 00 B0 04 00 10 10 02 02 00 01 1C 16 
12:31:51.912-<<<<-接收-68 1F 00 83 F8 F0 00 00 FE 00 10 10 02 02 00 02 00 01 BB BB BB BB BB BB 01 00 01 00 40 34 16 
12:31:54.522->>>>-发送-68 12 00 43 00 00 00 B0 04 00 10 10 02 02 00 01 1C 16 
12:31:54.663-<<<<-接收-68 1F 00 83 F8 F0 00 00 FE 00 10 10 02 02 00 02 00 01 BB BB BB BB BB BB 01 00 01 00 40 34 16 
12:31:59.695->>>>-发送-68 12 00 43 00 00 00 B0 04 00 10 10 02 02 00 01 1C 16 
12:31:59.835-<<<<-接收-68 1F 00 83 F8 F0 00 00 FE 00 10 10 02 02 00 02 00 01 BB BB BB BB BB BB 01 00 01 00 40 34 16 
12:51:53.572->>>>-发送-68 12 00 43 00 00 00 B0 04 00 10 10 02 02 00 01 1C 16 
12:51:53.728-<<<<-接收-68 1F 00 83 F8 F0 00 00 FE 00 10 10 02 02 00 02 00 01 BB BB BB BB BB BB 01 00 01 00 40 34 16 
12:54:04.430->>>>-发送-68 12 00 43 00 00 00 B0 04 00 10 10 02 02 00 01 1C 16 
12:54:04.555-<<<<-接收-68 1F 00 83 00 00 00 00 00 00 10 10 02 02 00 02 00 01 BB BB BB BB BB BB 01 00 01 00 40 4E 16 
12:54:39.746->>>>-发送-68 12 00 43 00 00 00 B0 04 00 10 10 02 02 00 01 1C 16 
12:54:39.887-<<<<-接收-68 1F 00 83 00 00 00 00 00 00 10 10 02 02 00 02 00 01 BB BB BB BB BB BB 01 00 01 00 40 4E 16 
12:54:41.637->>>>-发送-68 12 00 43 00 00 00 B0 04 00 10 10 02 02 00 01 1C 16 
12:54:41.777-<<<<-接收-68 1F 00 83 00 00 00 00 00 00 10 10 02 02 00 02 00 01 BB BB BB BB BB BB 01 00 01 00 40 4E 16 
12:54:43.402->>>>-发送-68 12 00 43 00 00 00 B0 04 00 10 10 02 02 00 01 1C 16 
12:54:43.528-<<<<-接收-68 1F 00 83 00 00 00 00 00 00 10 10 02 02 00 02 00 01 BB BB BB BB BB BB 01 00 01 00 40 4E 16 
12:54:44.371->>>>-发送-68 12 00 43 00 00 00 B0 04 00 10 10 02 02 00 01 1C 16 
12:54:44.528-<<<<-接收-68 1F 00 83 00 00 00 00 00 00 10 10 02 02 00 02 00 01 BB BB BB BB BB BB 01 00 01 00 40 4E 16 
14:05:21.624->>>>-发送-68 12 00 43 00 00 00 B0 04 00 10 10 02 02 00 01 1C 16 
14:06:06.941->>>>-发送-68 12 00 43 00 00 00 B0 04 00 10 10 02 02 00 01 1C 16 
14:06:19.473-<<<<-接收-68 38 00 C3 00 00 00 00 00 01 03 02 01 B2 2F 01 01 00 00 28 32 00 DC 07 DC 07 1E BB BB BB BB BB BB F8 03 08 00 28 06 16 27 06 16 5A 57 31 30 20 10 16 10 20 00 80 DF 16 
14:06:22.630->>>>-发送-68 12 00 43 00 00 00 B0 04 00 10 10 02 02 00 01 1C 16 
14:06:22.755-<<<<-接收-68 14 00 83 F8 F0 00 00 FE 00 10 10 02 01 00 02 00 00 8E 16 
14:06:24.865->>>>-发送-68 12 00 43 00 00 00 B0 04 00 10 10 02 02 00 01 1C 16 
14:06:25.005-<<<<-接收-68 14 00 83 F8 F0 00 00 FE 00 10 10 02 01 00 02 00 00 8E 16 
14:06:28.678->>>>-发送-68 12 00 43 00 00 00 B0 04 00 10 10 02 02 00 01 1C 16 
14:06:28.803-<<<<-接收-68 14 00 83 F8 F0 00 00 FE 00 10 10 02 01 00 02 00 00 8E 16 
14:11:21.856->>>>-发送-68 12 00 43 00 00 00 B0 04 00 10 10 02 02 00 01 1C 16 
14:12:42.411->>>>-发送-68 12 00 43 00 00 00 B0 04 00 10 10 02 02 00 01 1C 16 
14:12:42.521-<<<<-接收-68 14 00 83 F8 F0 00 00 FE 00 10 10 02 02 00 02 00 00 8F 16 
14:12:54.913->>>>-发送-68 12 00 43 00 00 00 B0 04 00 10 10 02 02 00 01 1C 16 
14:12:55.053-<<<<-接收-68 14 00 83 F8 F0 00 00 FE 00 10 10 02 02 00 02 00 00 8F 16 
14:12:57.960->>>>-发送-68 12 00 43 00 00 00 B0 04 00 10 10 02 02 00 01 1C 16 
14:12:58.069-<<<<-接收-68 14 00 83 F8 F0 00 00 FE 00 10 10 02 02 00 02 00 00 8F 16 
14:13:15.689->>>>-发送-68 12 00 43 00 00 00 B0 04 00 10 10 02 02 00 02 1D 16 
14:13:15.829-<<<<-接收-68 14 00 83 F8 F0 00 00 FE 00 10 10 02 02 00 02 00 00 8F 16 
14:13:18.314->>>>-发送-68 12 00 43 00 00 00 B0 04 00 10 10 02 02 00 02 1D 16 
14:13:18.439-<<<<-接收-68 14 00 83 F8 F0 00 00 FE 00 10 10 02 02 00 02 00 00 8F 16 
14:13:38.988->>>>-发送-68 12 00 43 00 00 00 B0 04 00 10 10 02 02 00 03 1E 16 
14:13:39.129-<<<<-接收-68 14 00 83 F8 F0 00 00 FE 00 10 10 02 02 00 02 00 00 8F 16 
14:14:04.037->>>>-发送-68 12 00 43 00 00 00 B0 04 00 10 10 02 02 00 02 1D 16 
14:14:04.178-<<<<-接收-68 14 00 83 F8 F0 00 00 FE 00 10 10 02 02 00 02 00 00 8F 16 
14:14:34.650->>>>-发送-68 12 00 43 00 00 00 B0 04 00 10 10 02 02 00 01 1C 16 
14:14:34.775-<<<<-接收-68 14 00 83 F8 10 00 00 00 00 10 10 02 02 00 02 00 00 B1 16 
14:14:35.838->>>>-发送-68 12 00 43 00 00 00 B0 04 00 10 10 02 02 00 01 1C 16 
14:14:35.963-<<<<-接收-68 14 00 83 F8 10 00 00 00 00 10 10 02 02 00 02 00 00 B1 16 
14:14:36.932->>>>-发送-68 12 00 43 00 00 00 B0 04 00 10 10 02 02 00 01 1C 16 
14:14:37.072-<<<<-接收-68 14 00 83 F8 10 00 00 00 00 10 10 02 02 00 02 00 00 B1 16 
14:22:18.849->>>>-发送-68 12 00 43 00 00 00 B0 04 00 10 10 02 01 00 01 1B 16 
14:22:18.990-<<<<-接收-68 1F 00 83 F8 F0 00 00 FE 00 10 10 02 03 00 01 00 01 BB BB BB BB BB BB 01 00 01 00 40 34 16 
14:22:37.633->>>>-发送-68 12 00 43 00 00 00 B0 04 00 10 10 02 01 00 02 1C 16 
14:22:37.789-<<<<-接收-68 2A 00 83 00 00 00 00 00 00 10 10 02 03 00 01 00 02 BB BB BB BB BB BB 01 00 01 00 40 00 01 00 00 00 00 02 00 01 00 11 64 16 
14:22:41.711->>>>-发送-68 12 00 43 00 00 00 B0 04 00 10 10 02 01 00 02 1C 16 
14:22:41.867-<<<<-接收-68 2A 00 83 00 00 00 00 00 00 10 10 02 03 00 01 00 02 BB BB BB BB BB BB 01 00 01 00 40 00 01 00 00 00 00 02 00 01 00 11 64 16 
14:22:44.055->>>>-发送-68 12 00 43 00 00 00 B0 04 00 10 10 02 01 00 02 1C 16 
14:22:44.227-<<<<-接收-68 2A 00 83 00 00 00 00 00 00 10 10 02 03 00 01 00 02 BB BB BB BB BB BB 01 00 01 00 40 00 01 00 00 00 00 02 00 01 00 11 64 16 
14:22:48.884->>>>-发送-68 12 00 43 00 00 00 B0 04 00 10 10 02 01 00 02 1C 16 
14:22:49.056-<<<<-接收-68 2A 00 83 00 00 00 00 00 00 10 10 02 03 00 01 00 02 BB BB BB BB BB BB 01 00 01 00 40 00 01 00 00 00 00 02 00 01 00 11 64 16 
14:22:59.901->>>>-发送-68 12 00 43 00 00 00 B0 04 00 10 10 02 01 00 03 1D 16 
14:23:00.072-<<<<-接收-68 35 00 83 00 00 00 00 00 00 10 10 02 03 00 01 00 03 BB BB BB BB BB BB 01 00 01 00 40 00 01 00 00 00 00 02 00 01 00 11 06 00 00 00 00 00 03 00 01 00 11 80 16 
14:23:01.198->>>>-发送-68 12 00 43 00 00 00 B0 04 00 10 10 02 01 00 03 1D 16 
14:23:01.369-<<<<-接收-68 35 00 83 00 00 00 00 00 00 10 10 02 03 00 01 00 03 BB BB BB BB BB BB 01 00 01 00 40 00 01 00 00 00 00 02 00 01 00 11 06 00 00 00 00 00 03 00 01 00 11 80 16 
14:23:02.120->>>>-发送-68 12 00 43 00 00 00 B0 04 00 10 10 02 01 00 03 1D 16 
14:23:02.276-<<<<-接收-68 35 00 83 00 00 00 00 00 00 10 10 02 03 00 01 00 03 BB BB BB BB BB BB 01 00 01 00 40 00 01 00 00 00 00 02 00 01 00 11 06 00 00 00 00 00 03 00 01 00 11 80 16 
14:23:03.198->>>>-发送-68 12 00 43 00 00 00 B0 04 00 10 10 02 01 00 03 1D 16 
14:23:03.370-<<<<-接收-68 35 00 83 00 00 00 00 00 00 10 10 02 03 00 01 00 03 BB BB BB BB BB BB 01 00 01 00 40 00 01 00 00 00 00 02 00 01 00 11 06 00 00 00 00 00 03 00 01 00 11 80 16 
14:23:15.105->>>>-发送-68 12 00 43 00 00 00 B0 04 00 10 10 02 01 00 04 1E 16 
14:23:15.262-<<<<-接收-68 35 00 83 00 00 00 00 00 00 10 10 02 03 00 01 00 03 BB BB BB BB BB BB 01 00 01 00 40 00 01 00 00 00 00 02 00 01 00 11 06 00 00 00 00 00 03 00 01 00 11 80 16 
14:23:16.543->>>>-发送-68 12 00 43 00 00 00 B0 04 00 10 10 02 01 00 04 1E 16 
14:23:16.699-<<<<-接收-68 35 00 83 00 00 00 00 00 00 10 10 02 03 00 01 00 03 BB BB BB BB BB BB 01 00 01 00 40 00 01 00 00 00 00 02 00 01 00 11 06 00 00 00 00 00 03 00 01 00 11 80 16 
14:23:17.637->>>>-发送-68 12 00 43 00 00 00 B0 04 00 10 10 02 01 00 04 1E 16 
14:23:17.809-<<<<-接收-68 35 00 83 00 00 00 00 00 00 10 10 02 03 00 01 00 03 BB BB BB BB BB BB 01 00 01 00 40 00 01 00 00 00 00 02 00 01 00 11 06 00 00 00 00 00 03 00 01 00 11 80 16 
14:23:33.248->>>>-发送-68 12 00 43 00 00 00 B0 04 00 10 10 02 02 00 01 1C 16 
14:23:33.389-<<<<-接收-68 1F 00 83 00 00 00 00 00 00 10 10 02 03 00 02 00 01 00 01 00 00 00 00 02 00 01 00 11 C0 16 
14:23:38.030->>>>-发送-68 12 00 43 00 00 00 B0 04 00 10 10 02 02 00 01 1C 16 
14:23:38.186-<<<<-接收-68 1F 00 83 00 00 00 00 00 00 10 10 02 03 00 02 00 01 00 01 00 00 00 00 02 00 01 00 11 C0 16 
14:23:51.140->>>>-发送-68 12 00 43 00 00 00 B0 04 00 10 10 02 02 00 02 1D 16 
14:23:51.312-<<<<-接收-68 2A 00 83 00 00 00 00 00 00 10 10 02 03 00 02 00 02 00 01 00 00 00 00 02 00 01 00 11 06 00 00 00 00 00 03 00 01 00 11 DC 16 
14:24:13.158->>>>-发送-68 12 00 43 00 00 00 B0 04 00 10 10 02 02 00 03 1E 16 
14:24:13.299-<<<<-接收-68 2A 00 83 00 00 00 00 00 00 10 10 02 03 00 02 00 02 00 01 00 00 00 00 02 00 01 00 11 06 00 00 00 00 00 03 00 01 00 11 DC 16 
14:24:33.161->>>>-发送-68 12 00 43 00 00 00 B0 04 00 10 10 02 05 00 03 21 16 
14:24:33.286-<<<<-接收-68 14 00 83 00 00 00 00 FE 00 10 10 02 03 00 05 00 00 AB 16 
14:24:36.442->>>>-发送-68 12 00 43 00 00 00 B0 04 00 10 10 02 05 00 03 21 16 
14:24:36.567-<<<<-接收-68 14 00 83 00 00 00 00 FE 00 10 10 02 03 00 05 00 00 AB 16 
14:43:59.230->>>>-发送-68 15 00 43 00 00 00 B0 04 00 05 01 00 22 33 44 55 66 77 C8 16 
14:43:59.418-<<<<-接收-68 15 00 83 F8 F0 00 00 FE 00 00 01 00 00 00 00 00 00 00 6A 16 
17:03:15.374->>>>-发送-68 12 00 43 00 00 00 B0 04 00 10 02 00 01 00 0A 14 16 
17:03:15.577-<<<<-接收-68 52 00 83 F8 F0 00 00 FE 00 10 02 00 08 00 08 06 00 00 00 00 00 00 10 00 01 00 00 00 00 00 10 11 11 11 11 11 11 00 10 03 08 08 08 08 08 00 10 04 08 08 08 08 08 00 10 05 08 08 08 08 08 00 10 06 08 08 08 08 08 00 10 07 08 08 08 08 08 00 10 59 16 
19:21:54.417->>>>-发送-68 0F 00 43 00 00 00 B0 04 00 03 08 00 02 16 
19:21:54.526-<<<<-接收-68 15 00 83 F8 F0 00 00 FE 00 03 08 00 22 33 44 55 66 77 3F 16 
19:21:54.589->>>>-发送-68 12 00 43 00 00 00 B0 04 00 10 02 00 01 00 0A 14 16 
19:21:54.760-<<<<-接收-68 52 00 83 F8 F0 00 00 FE 00 10 02 00 08 00 08 06 00 00 00 00 00 00 10 00 01 00 00 00 00 00 10 11 11 11 11 11 11 00 10 03 08 08 08 08 08 00 10 04 08 08 08 08 08 00 10 05 08 08 08 08 08 00 10 06 08 08 08 08 08 00 10 07 08 08 08 08 08 00 10 59 16 
19:22:48.422->>>>-发送-68 16 00 43 00 00 00 B0 04 00 11 02 00 01 06 00 00 00 00 00 11 16 
19:22:48.532-<<<<-接收-68 15 00 83 F8 F0 00 00 FE 00 00 01 00 00 00 00 00 00 00 6A 16 
19:24:03.571->>>>-发送-68 0F 00 43 00 00 00 B0 04 00 10 01 00 08 16 
19:24:03.680-<<<<-接收-68 13 00 83 F8 F0 00 00 FE 00 10 01 00 07 00 F8 03 7C 16 
19:24:03.743->>>>-发送-68 12 00 43 00 00 00 B0 04 00 10 02 00 01 00 0A 14 16 
19:24:03.915-<<<<-接收-68 4A 00 83 F8 10 00 00 FE 00 10 02 00 07 00 07 00 01 00 00 00 00 00 10 11 11 11 11 11 11 00 10 03 08 08 08 08 08 00 10 04 08 08 08 08 08 00 10 05 08 08 08 08 08 00 10 06 08 08 08 08 08 00 10 07 08 08 08 08 08 00 10 61 16 
19:24:03.977->>>>-发送-68 16 00 43 00 00 00 B0 04 00 11 02 00 01 06 00 00 00 00 00 11 16 
19:24:04.087-<<<<-接收-68 10 00 83 50 60 00 00 FE 00 00 02 00 21 54 16 
19:24:04.149->>>>-发送-68 16 00 43 00 00 00 B0 04 00 11 04 00 01 06 00 00 00 00 00 13 16 
19:24:04.259-<<<<-接收-68 15 00 83 F8 F0 00 00 FE 00 00 01 00 00 00 00 00 00 00 6A 16 
19:24:10.712->>>>-发送-68 0F 00 43 00 00 00 B0 04 00 01 02 00 FA 16 
19:24:11.806-<<<<-接收-68 15 00 83 F8 F0 00 00 FE 00 00 01 00 00 00 00 00 00 00 6A 16 
19:24:11.869->>>>-发送-68 0F 00 43 00 00 00 B0 04 00 10 01 00 08 16 
19:24:19.526-<<<<-接收-68 38 00 C3 00 00 00 00 00 01 03 02 01 B2 2F 01 01 00 00 28 32 00 DC 07 DC 07 1E BB BB BB BB BB BB F8 03 00 00 28 06 16 27 06 16 5A 57 31 30 20 10 16 10 20 00 80 D7 16 
19:24:19.588->>>>-发送-68 12 00 43 00 00 00 B0 04 00 10 02 00 01 00 0A 14 16 
19:24:19.682-<<<<-接收-68 12 00 83 F8 F0 00 00 FE 00 10 02 00 00 00 00 7B 16 
19:24:19.745->>>>-发送-68 16 00 43 00 00 00 B0 04 00 11 02 00 01 06 00 00 00 00 00 11 16 
19:24:19.854-<<<<-接收-68 10 00 83 F8 F0 00 00 FE 00 00 02 00 21 8C 16 
19:24:19.917->>>>-发送-68 16 00 43 00 00 00 B0 04 00 11 04 00 01 06 00 00 00 00 00 13 16 
19:24:20.026-<<<<-接收-68 15 00 83 F8 F0 00 00 FE 00 00 01 00 00 00 00 00 00 00 6A 16 
19:24:29.136->>>>-发送-68 0F 00 43 00 00 00 B0 04 00 01 02 00 FA 16 
19:24:30.230-<<<<-接收-68 15 00 83 F8 F0 00 00 FE 00 00 01 00 00 00 00 00 00 00 6A 16 
19:24:30.293->>>>-发送-68 0F 00 43 00 00 00 B0 04 00 10 01 00 08 16 
19:24:37.918-<<<<-接收-68 38 00 C3 
19:24:38.012->>>>-发送-68 12 00 43 00 00 00 B0 04 00 10 02 00 01 00 0A 14 16 
19:24:38.122-<<<<-接收-68 12 00 83 F8 F0 00 00 FE 00 10 02 00 00 00 00 7B 16 
19:24:38.184->>>>-发送-68 16 00 43 00 00 00 B0 04 00 11 02 00 01 06 00 00 00 00 00 11 16 
19:24:38.278-<<<<-接收-68 10 00 83 F8 F0 00 00 FE 00 00 02 00 21 8C 16 
19:24:38.340->>>>-发送-68 16 00 43 00 00 00 B0 04 00 11 04 00 01 06 00 00 00 00 00 13 16 
19:24:38.450-<<<<-接收-68 15 00 83 F8 F0 00 00 FE 00 00 01 00 00 00 00 00 00 00 6A 16 
19:24:47.920->>>>-发送-68 12 00 43 00 00 00 B0 04 00 10 20 00 01 00 09 31 16 
19:24:48.029-<<<<-接收-68 12 00 83 F8 F0 00 00 FE 00 10 20 00 00 00 00 99 16 
19:24:48.091->>>>-发送-68 16 00 43 00 00 00 B0 04 00 11 02 00 01 06 00 00 00 00 00 11 16 
19:24:48.201-<<<<-接收-68 10 00 83 B8 B0 00 00 FE 00 00 02 00 21 0C 16 
19:24:48.263->>>>-发送-68 16 00 43 00 00 00 B0 04 00 11 04 00 01 06 00 00 00 00 00 13 16 
19:24:48.373-<<<<-接收-68 15 00 83 F8 F0 00 00 FE 00 00 01 00 00 00 00 00 00 00 6A 16 
19:25:17.673->>>>-发送-68 19 00 43 00 00 00 B0 04 00 11 10 00 30 13 11 29 07 17 10 00 06 06 CF 16 
19:25:17.782-<<<<-接收-68 15 00 83 F8 F0 00 00 FE 00 00 01 00 00 00 00 00 00 00 6A 16 
19:34:26.298->>>>-发送-68 3A 00 43 00 00 00 B0 04 00 11 01 00 06 03 08 08 08 08 08 02 04 08 08 08 08 08 02 05 08 08 08 08 08 02 06 08 08 08 08 08 02 07 08 08 08 08 08 02 03 08 08 08 08 08 02 27 16 
19:34:26.454-<<<<-接收-68 15 00 83 F8 F0 00 00 FE 00 00 01 00 00 00 00 00 00 00 6A 16 
19:35:02.996->>>>-发送-68 25 00 43 00 00 00 B0 04 00 11 01 00 03 06 00 00 00 00 00 02 00 01 00 00 00 00 02 11 11 11 11 11 11 02 7F 16 
19:35:03.137-<<<<-接收-68 15 00 83 F8 F0 00 00 FE 00 00 01 00 00 00 00 00 00 00 6A 16 
19:57:26.517->>>>-发送-68 30 00 43 04 00 00 B0 04 00 11 11 01 00 00 00 11 11 11 11 11 11 13 01 00 02 00 00 11 FE 68 11 11 11 11 11 11 68 11 04 33 32 34 35 BB 16 93 16 
19:57:27.642-<<<<-接收-68 1F 00 83 04 00 00 00 FC 00 11 11 11 11 11 11 11 11 01 00 00 00 13 01 00 00 00 02 00 22 16 
19:57:57.755->>>>-发送-68 30 00 43 04 00 00 B0 04 00 11 11 01 00 00 00 11 11 11 11 11 11 13 01 00 02 00 00 11 FE 68 11 11 11 11 11 11 68 11 04 33 32 34 35 BB 16 93 16 
19:57:58.896-<<<<-接收-68 1F 00 83 04 00 00 00 FE 00 11 11 11 11 11 11 11 11 01 00 00 00 13 01 00 00 00 02 00 24 16 
19:58:20.601->>>>-发送-68 30 00 43 04 00 00 B0 04 00 11 11 01 00 00 00 11 11 11 11 11 11 13 01 00 02 00 00 11 FE 68 11 11 11 11 11 11 68 11 04 33 32 34 35 BB 16 93 16 
19:58:21.726-<<<<-接收-68 1F 00 83 04 00 00 00 00 00 11 11 11 11 11 11 11 11 01 00 00 00 13 01 00 00 00 02 00 26 16 
19:58:25.992->>>>-发送-68 30 00 43 04 00 00 B0 04 00 11 11 01 00 00 00 11 11 11 11 11 11 13 01 00 02 00 00 11 FE 68 11 11 11 11 11 11 68 11 04 33 32 34 35 BB 16 93 16 
19:58:27.133-<<<<-接收-68 1F 00 83 04 00 00 00 00 00 11 11 11 11 11 11 11 11 01 00 00 00 13 01 00 00 00 02 00 26 16 
19:59:07.106->>>>-发送-68 1B 00 43 04 00 00 B0 04 00 11 11 01 00 00 00 11 11 11 11 11 11 03 01 00 88 16 
19:59:07.481-<<<<-接收-68 24 00 83 0C 10 00 00 00 00 11 11 11 11 11 11 11 11 01 00 00 00 03 01 00 5A 57 31 30 20 10 16 10 20 B4 16 
19:59:35.140->>>>-发送-68 1B 00 43 04 00 00 B0 04 00 11 11 01 00 00 00 11 11 11 11 11 11 03 01 00 88 16 
19:59:35.375-<<<<-接收-68 24 00 83 0C 10 00 00 04 00 11 11 11 11 11 11 11 11 01 00 00 00 03 01 00 5A 57 31 30 20 10 16 10 20 B8 16 
19:59:36.562->>>>-发送-68 1B 00 43 04 00 00 B0 04 00 11 11 01 00 00 00 11 11 11 11 11 11 03 01 00 88 16 
19:59:36.765-<<<<-接收-68 24 00 83 0C 10 00 00 04 00 11 11 11 11 11 11 11 11 01 00 00 00 03 01 00 5A 57 31 30 20 10 16 10 20 B8 16 
19:59:37.422->>>>-发送-68 1B 00 43 04 00 00 B0 04 00 11 11 01 00 00 00 11 11 11 11 11 11 03 01 00 88 16 
19:59:37.719-<<<<-接收-68 24 00 83 0C 10 00 00 04 00 11 11 11 11 11 11 11 11 01 00 00 00 03 01 00 5A 57 31 30 20 10 16 10 20 B8 16 
19:59:38.500->>>>-发送-68 1B 00 43 04 00 00 B0 04 00 11 11 01 00 00 00 11 11 11 11 11 11 03 01 00 88 16 
19:59:38.719-<<<<-接收-68 24 00 83 0C 10 00 00 04 00 11 11 11 11 11 11 11 11 01 00 00 00 03 01 00 5A 57 31 30 20 10 16 10 20 B8 16 
19:59:39.375->>>>-发送-68 1B 00 43 04 00 00 B0 04 00 11 11 01 00 00 00 11 11 11 11 11 11 03 01 00 88 16 
19:59:39.766-<<<<-接收-68 24 00 83 0C 10 00 00 04 00 11 11 11 11 11 11 11 11 01 00 00 00 03 01 00 5A 57 31 30 20 10 16 10 20 B8 16 
19:59:40.156->>>>-发送-68 1B 00 43 04 00 00 B0 04 00 11 11 01 00 00 00 11 11 11 11 11 11 03 01 00 88 16 
19:59:40.485-<<<<-接收-68 24 00 83 0C 10 00 00 04 00 11 11 11 11 11 11 11 11 01 00 00 00 03 01 00 5A 57 31 30 20 10 16 10 20 B8 16 
19:59:41.094->>>>-发送-68 1B 00 43 04 00 00 B0 04 00 11 11 01 00 00 00 11 11 11 11 11 11 03 01 00 88 16 
19:59:41.485-<<<<-接收-68 24 00 83 0C 10 00 00 04 00 11 11 11 11 11 11 11 11 01 00 00 00 03 01 00 5A 57 31 30 20 10 16 10 20 B8 16 
19:59:41.922->>>>-发送-68 1B 00 43 04 00 00 B0 04 00 11 11 01 00 00 00 11 11 11 11 11 11 03 01 00 88 16 
19:59:42.235-<<<<-接收-68 24 00 83 0C 10 00 00 04 00 11 11 11 11 11 11 11 11 01 00 00 00 03 01 00 5A 57 31 30 20 10 16 10 20 B8 16 
19:59:42.704->>>>-发送-68 1B 00 43 04 00 00 B0 04 00 11 11 01 00 00 00 11 11 11 11 11 11 03 01 00 88 16 
19:59:43.219-<<<<-接收-68 24 00 83 0C 10 00 00 04 00 11 11 11 11 11 11 11 11 01 00 00 00 03 01 00 5A 57 31 30 20 10 16 10 20 B8 16 
19:59:43.485->>>>-发送-68 1B 00 43 04 00 00 B0 04 00 11 11 01 00 00 00 11 11 11 11 11 11 03 01 00 88 16 
19:59:43.844-<<<<-接收-68 24 00 83 0C 10 00 00 04 00 11 11 11 11 11 11 11 11 01 00 00 00 03 01 00 5A 57 31 30 20 10 16 10 20 B8 16 
19:59:44.344->>>>-发送-68 1B 00 43 04 00 00 B0 04 00 11 11 01 00 00 00 11 11 11 11 11 11 03 01 00 88 16 
19:59:44.563-<<<<-接收-68 24 00 83 04 00 00 00 FE 00 11 11 11 11 11 11 11 11 01 00 00 00 03 01 00 5A 57 31 30 20 10 16 10 20 9A 16 
19:59:45.094->>>>-发送-68 1B 00 43 04 00 00 B0 04 00 11 11 01 00 00 00 11 11 11 11 11 11 03 01 00 88 16 
19:59:45.298-<<<<-接收-68 24 00 83 0C 10 00 00 04 00 11 11 11 11 11 11 11 11 01 00 00 00 03 01 00 5A 57 31 30 20 10 16 10 20 B8 16 
19:59:46.126->>>>-发送-68 1B 00 43 04 00 00 B0 04 00 11 11 01 00 00 00 11 11 11 11 11 11 03 01 00 88 16 
19:59:46.329-<<<<-接收-68 24 00 83 0C 10 00 00 04 00 11 11 11 11 11 11 11 11 01 00 00 00 03 01 00 5A 57 31 30 20 10 16 10 20 B8 16 
19:59:49.564->>>>-发送-68 1B 00 43 04 00 00 B0 04 00 11 11 01 00 00 00 11 11 11 11 11 11 03 01 00 88 16 
19:59:49.751-<<<<-接收-68 24 00 83 0C 10 00 00 04 00 11 11 11 11 11 11 11 11 01 00 00 00 03 01 00 5A 57 31 30 20 10 16 10 20 B8 16 
19:59:49.986->>>>-发送-68 1B 00 43 04 00 00 B0 04 00 11 11 01 00 00 00 11 11 11 11 11 11 03 01 00 88 16 
19:59:50.423-<<<<-接收-68 24 00 83 0C 10 00 00 04 00 11 11 11 11 11 11 11 11 01 00 00 00 03 01 00 5A 57 31 30 20 10 16 10 20 B8 16 
19:59:50.626->>>>-发送-68 1B 00 43 04 00 00 B0 04 00 11 11 01 00 00 00 11 11 11 11 11 11 03 01 00 88 16 
19:59:51.736-<<<<-接收-68 1C 00 83 0C 10 00 00 00 00 CC CC CC CC CC CC BB BB BB BB BB BB 00 02 00 01 CC 16 
19:59:52.017->>>>-发送-68 1B 00 43 04 00 00 B0 04 00 11 11 01 00 00 00 11 11 11 11 11 11 03 01 00 88 16 
19:59:52.439-<<<<-接收-68 24 00 83 0C 10 00 00 04 00 11 11 11 11 11 11 11 11 01 00 00 00 03 01 00 5A 57 31 30 20 10 16 10 20 B8 16 
19:59:52.783->>>>-发送-68 1B 00 43 04 00 00 B0 04 00 11 11 01 00 00 00 11 11 11 11 11 11 03 01 00 88 16 
19:59:53.064-<<<<-接收-68 24 00 83 0C 10 00 00 04 00 11 11 11 11 11 11 11 11 01 00 00 00 03 01 00 5A 57 31 30 20 10 16 10 20 B8 16 
19:59:53.423->>>>-发送-68 1B 00 43 04 00 00 B0 04 00 11 11 01 00 00 00 11 11 11 11 11 11 03 01 00 88 16 
19:59:53.783-<<<<-接收-68 24 00 83 0C 10 00 00 04 00 11 11 11 11 11 11 11 11 01 00 00 00 03 01 00 5A 57 31 30 20 10 16 10 20 B8 16 
19:59:54.049->>>>-发送-68 1B 00 43 04 00 00 B0 04 00 11 11 01 00 00 00 11 11 11 11 11 11 03 01 00 88 16 
19:59:54.502-<<<<-接收-68 24 00 83 0C 10 00 00 04 00 11 11 11 11 11 11 11 11 01 00 00 00 03 01 00 5A 57 31 30 20 10 16 10 20 B8 16 
19:59:54.830->>>>-发送-68 1B 00 43 04 00 00 B0 04 00 11 11 01 00 00 00 11 11 11 11 11 11 03 01 00 88 16 
19:59:55.111-<<<<-接收-68 24 00 83 0C 10 00 00 04 00 11 11 11 11 11 11 11 11 01 00 00 00 03 01 00 5A 57 31 30 20 10 16 10 20 B8 16 
19:59:55.377->>>>-发送-68 1B 00 43 04 00 00 B0 04 00 11 11 01 00 00 00 11 11 11 11 11 11 03 01 00 88 16 
19:59:55.564-<<<<-接收-68 24 00 83 0C 10 00 00 04 00 11 11 11 11 11 11 11 11 01 00 00 00 03 01 00 5A 57 31 30 20 10 16 10 20 B8 16 
19:59:55.861->>>>-发送-68 1B 00 43 04 00 00 B0 04 00 11 11 01 00 00 00 11 11 11 11 11 11 03 01 00 88 16 
19:59:56.127-<<<<-接收-68 24 00 83 0C 10 00 00 04 00 11 11 11 11 11 11 11 11 01 00 00 00 03 01 00 5A 57 31 30 20 10 16 10 20 B8 16 
19:59:56.361->>>>-发送-68 1B 00 43 04 00 00 B0 04 00 11 11 01 00 00 00 11 11 11 11 11 11 03 01 00 88 16 
19:59:56.564-<<<<-接收-68 24 00 83 0C 10 00 00 04 00 11 11 11 11 11 11 11 11 01 00 00 00 03 01 00 5A 57 31 30 20 10 16 10 20 B8 16 
19:59:57.205->>>>-发送-68 1B 00 43 04 00 00 B0 04 00 11 11 01 00 00 00 11 11 11 11 11 11 03 01 00 88 16 
19:59:57.565-<<<<-接收-68 24 00 83 0C 10 00 00 04 00 11 11 11 11 11 11 11 11 01 00 00 00 03 01 00 5A 57 31 30 20 10 16 10 20 B8 16 
19:59:58.252->>>>-发送-68 1B 00 43 04 00 00 B0 04 00 11 11 01 00 00 00 11 11 11 11 11 11 03 01 00 88 16 
19:59:59.362-<<<<-接收-68 1C 00 83 0C 10 00 00 00 00 CC CC CC CC CC CC BB BB BB BB BB BB 00 02 00 01 CC 16 
20:00:00.252->>>>-发送-68 1B 00 43 04 00 00 B0 04 00 11 11 01 00 00 00 11 11 11 11 11 11 03 01 00 88 16 
20:00:00.643-<<<<-接收-68 24 00 83 0C 10 00 00 04 00 11 11 11 11 11 11 11 11 01 00 00 00 03 01 00 5A 57 31 30 20 10 16 10 20 B8 16 
20:00:00.877->>>>-发送-68 1B 00 43 04 00 00 B0 04 00 11 11 01 00 00 00 11 11 11 11 11 11 03 01 00 88 16 
20:00:01.221-<<<<-接收-68 24 00 83 0C 10 00 00 04 00 11 11 11 11 11 11 11 11 01 00 00 00 03 01 00 5A 57 31 30 20 10 16 10 20 B8 16 
20:00:01.784->>>>-发送-68 1B 00 43 04 00 00 B0 04 00 11 11 01 00 00 00 11 11 11 11 11 11 03 01 00 88 16 
20:00:01.987-<<<<-接收-68 24 00 83 0C 10 00 00 04 00 11 11 11 11 11 11 11 11 01 00 00 00 03 01 00 5A 57 31 30 20 10 16 10 20 B8 16 
20:00:02.518->>>>-发送-68 1B 00 43 04 00 00 B0 04 00 11 11 01 00 00 00 11 11 11 11 11 11 03 01 00 88 16 
20:00:02.721-<<<<-接收-68 24 00 83 0C 10 00 00 04 00 11 11 11 11 11 11 11 11 01 00 00 00 03 01 00 5A 57 31 30 20 10 16 10 20 B8 16 
