11:21:43.515->>>>-发送-68 0F 00 43 00 00 00 B0 04 00 03 08 00 02 16 
11:22:01.158->>>>-发送-68 0F 00 43 00 00 00 B0 04 00 03 08 00 02 16 
11:22:20.707->>>>-发送-68 0F 00 43 00 00 00 B0 04 00 03 08 00 02 16 
11:22:38.209->>>>-发送-68 0F 00 43 00 00 00 B0 04 00 03 08 00 02 16 
11:23:02.289->>>>-发送-68 0F 00 43 00 00 00 B0 04 00 03 08 00 02 16 
11:23:23.360->>>>-发送-68 0F 00 43 00 00 00 B0 04 00 03 08 00 02 16 
11:23:23.406-<<<<-接收-68 0F 00 43 00 00 00 B0 04 00 03 08 00 02 16 
11:23:26.391->>>>-发送-68 0F 00 43 00 00 00 B0 04 00 03 08 00 02 16 
11:23:26.438-<<<<-接收-68 0F 00 43 00 00 00 B0 04 00 03 08 00 02 16 
11:23:48.253->>>>-发送-68 0F 00 43 00 00 00 B0 04 00 03 08 00 02 16 
11:23:49.956-<<<<-接收-68 15 00 83 F8 F0 00 00 FE 00 03 08 00 BB BB BB BB BB BB D6 16 
11:24:02.958->>>>-发送-68 0F 00 43 00 00 00 B0 04 00 03 08 00 02 16 
11:24:04.380-<<<<-接收-68 15 00 83 F8 F0 00 00 FE 00 03 08 00 BB BB BB BB BB BB D6 16 
11:52:30.095->>>>-发送-68 0F 00 43 00 00 00 B0 04 00 03 08 00 02 16 
11:52:31.533-<<<<-接收-68 15 00 83 F8 F0 00 00 FE 00 03 08 00 BB BB BB BB BB BB D6 16 
16:28:17.104->>>>-发送-68 0F 00 43 00 00 00 B0 04 00 03 08 00 02 16 
16:28:42.263->>>>-发送-68 0F 00 43 00 00 00 B0 04 00 03 08 00 02 16 
16:29:43.700->>>>-发送-68 0F 00 43 00 00 00 B0 04 00 03 08 00 02 16 
16:30:06.253->>>>-发送-68 0F 00 43 00 00 00 B0 04 00 03 08 00 02 16 
16:30:28.865->>>>-发送-68 0F 00 43 00 00 00 B0 04 00 03 08 00 02 16 
16:30:52.758->>>>-发送-68 0F 00 43 00 00 00 B0 04 00 03 08 00 02 16 
16:31:25.308->>>>-发送-68 0F 00 43 00 00 00 B0 04 00 03 08 00 02 16 
16:31:36.606-<<<<-接收-7F 00 00 
16:31:58.749->>>>-发送-68 0F 00 43 00 00 00 B0 04 00 03 08 00 02 16 
16:32:16.095->>>>-发送-68 0F 00 43 00 00 00 B0 04 00 03 08 00 02 16 
16:32:30.096-<<<<-接收-00 
16:32:41.832->>>>-发送-68 0F 00 43 00 00 00 B0 04 00 03 08 00 02 16 
16:35:51.481->>>>-发送-68 0F 00 43 00 00 00 B0 04 00 03 08 00 02 16 
16:38:10.652->>>>-发送-68 0F 00 43 00 00 00 B0 04 00 03 01 00 FB 16 
16:38:35.248->>>>-发送-68 1B 00 43 04 00 00 B0 04 00 11 11 11 11 11 11 06 00 00 00 00 00 03 01 00 6B 16 
16:40:52.925->>>>-发送-68 1B 00 43 04 00 00 B0 04 00 11 11 11 11 11 11 06 00 00 00 00 00 10 01 00 78 16 
16:41:14.678->>>>-发送-68 0F 00 43 00 00 00 B0 04 00 10 01 00 08 16 
16:41:31.947->>>>-发送-68 12 00 43 00 00 00 B0 04 00 10 02 00 01 00 0A 14 16 
16:41:55.533->>>>-发送-68 17 00 43 00 00 00 B0 04 00 11 01 00 01 06 00 00 00 00 00 02 12 16 
16:42:43.835->>>>-发送-68 1B 00 43 04 00 00 B0 04 00 11 11 11 11 11 11 06 00 00 00 00 00 03 01 00 6B 16 
16:57:53.275->>>>-发送-68 1B 00 43 04 00 00 B0 04 00 11 11 11 11 11 11 06 00 00 00 00 00 03 01 00 6B 16 
17:34:36.788->>>>-发送-68 1B 00 43 04 00 00 B0 04 00 11 11 11 11 11 11 06 00 00 00 00 00 03 01 00 6B 16 
17:41:29.184->>>>-发送-68 1B 00 43 04 00 00 B0 04 00 11 11 11 11 11 11 06 00 00 00 00 00 03 01 00 6B 16 
17:52:18.010->>>>-发送-68 23 00 43 04 00 00 B0 04 00 11 11 11 11 11 11 06 00 00 00 00 00 11 01 00 01 00 01 00 00 00 00 02 7D 16 
17:54:24.633->>>>-发送-68 1D 00 43 04 00 00 B0 04 00 11 11 11 11 11 11 06 00 00 00 00 00 F0 10 03 01 10 7B 16 
17:54:26.023-<<<<-接收-00 
18:01:36.241->>>>-发送-68 1D 00 43 04 00 00 B0 04 00 11 11 11 11 11 11 06 00 00 00 00 00 F0 10 03 01 10 7B 16 
18:02:06.595->>>>-发送-68 1E 00 43 04 00 00 B0 04 00 11 11 11 11 11 11 06 00 00 00 00 00 10 02 00 01 00 0A 84 16 
18:02:46.381->>>>-发送-68 1D 00 43 04 00 00 B0 04 00 11 11 11 11 11 11 06 00 00 00 00 00 F0 10 03 01 10 7B 16 
