09:40:45.435->>>>-发送-68 0F 00 43 00 00 00 B0 04 00 03 08 00 02 16 
09:40:45.528-<<<<-接收-68 15 00 83 F8 F0 00 00 FE 00 03 08 00 BB BB BB BB BB BB D6 16 
09:40:52.842->>>>-发送-68 15 00 43 00 00 00 B0 04 00 05 01 00 14 72 58 36 91 23 C5 16 
09:40:53.014-<<<<-接收-68 15 00 83 F8 F0 00 00 FE 00 00 01 00 00 00 00 00 00 00 6A 16 
09:40:56.889->>>>-发送-68 0F 00 43 00 00 00 B0 04 00 03 08 00 02 16 
09:40:56.983-<<<<-接收-68 15 00 83 C8 C0 00 00 CC 00 03 08 00 14 72 58 36 91 23 AA 16 
09:41:05.984->>>>-发送-68 12 00 43 00 00 00 B0 04 00 10 02 00 01 00 0A 14 16 
09:41:06.077-<<<<-接收-68 12 00 83 F8 F0 00 00 FE 00 10 02 00 00 00 00 7B 16 
09:42:11.428->>>>-发送-68 12 00 43 00 00 00 B0 04 00 10 02 00 01 00 0A 14 16 
09:42:11.631-<<<<-接收-68 62 00 83 F8 F0 00 00 FE 00 10 02 00 24 00 0A 00 04 00 00 00 00 00 10 01 04 00 00 00 00 00 10 02 04 00 00 00 00 00 10 03 04 00 00 00 00 00 10 04 04 00 00 00 00 00 10 05 04 00 00 00 00 00 10 06 04 00 00 00 00 00 10 07 04 00 00 00 00 00 10 08 04 00 00 00 00 00 10 09 04 00 00 00 00 00 10 9E 16 
10:10:45.734->>>>-发送-68 12 00 43 00 00 00 B0 04 00 10 02 00 01 00 0A 14 16 
10:10:45.937-<<<<-接收-68 62 00 83 F8 F0 00 00 FE 00 10 02 00 24 00 0A 00 04 00 00 00 00 00 10 01 04 00 00 00 00 00 10 02 04 00 00 00 00 00 10 03 04 00 00 00 00 00 10 04 04 00 00 00 00 00 10 05 04 00 00 00 00 00 10 06 04 00 00 00 00 00 10 07 04 00 00 00 00 00 10 08 04 00 00 00 00 00 10 09 04 00 00 00 00 00 10 9E 16 
10:10:51.391->>>>-发送-68 0F 00 43 00 00 00 B0 04 00 01 02 00 FA 16 
10:10:52.485-<<<<-接收-68 15 00 83 F8 F0 00 00 FE 00 00 01 00 00 00 00 00 00 00 6A 16 
10:11:53.851->>>>-发送-68 25 00 43 00 00 00 B0 04 00 11 01 00 03 06 00 00 00 00 00 02 00 01 00 00 00 00 02 11 11 11 11 11 11 02 7F 16 
10:11:53.991-<<<<-接收-68 15 00 83 F8 F0 00 00 FE 00 00 01 00 00 00 00 00 00 00 6A 16 
14:08:02.142->>>>-发送-68 12 00 43 00 00 00 B0 04 00 10 02 00 01 00 0A 14 16 
14:08:02.330-<<<<-接收-68 62 00 83 F8 10 00 00 06 00 10 02 00 F8 03 0A 06 00 00 00 00 00 00 10 00 01 00 00 00 00 00 10 11 11 11 11 11 11 00 10 00 05 00 00 00 00 00 10 01 05 00 00 00 00 00 10 02 05 00 00 00 00 00 10 03 05 00 00 00 00 00 10 04 05 00 00 00 00 00 10 05 05 00 00 00 00 00 10 06 05 00 00 00 00 00 10 ED 16 
14:09:07.384->>>>-发送-68 0F 00 43 00 00 00 B0 04 00 10 01 00 08 16 
14:09:07.478-<<<<-接收-68 13 00 83 F8 10 00 00 06 00 10 01 00 DA 03 F8 03 7A 16 
14:09:07.540->>>>-发送-68 12 00 43 00 00 00 B0 04 00 10 02 00 01 00 0A 14 16 
14:09:07.743-<<<<-接收-68 62 00 83 F8 10 00 00 04 00 10 02 00 DA 03 0A 06 00 00 00 00 00 00 10 00 01 00 00 00 00 00 10 11 11 11 11 11 11 00 10 30 05 00 00 00 00 00 10 31 05 00 00 00 00 00 10 00 10 00 00 00 00 00 10 01 10 00 00 00 00 00 10 02 10 00 00 00 00 00 10 03 10 00 00 00 00 00 10 04 10 00 00 00 00 00 10 5A 16 
14:10:46.895->>>>-发送-68 11 00 43 00 00 00 B0 04 00 F0 10 03 01 10 0B 16 
14:10:47.004-<<<<-接收-68 10 00 83 F8 F0 00 00 FE 00 00 02 00 13 7E 16 
14:10:50.770->>>>-发送-68 11 00 43 00 00 00 B0 04 00 F0 10 03 01 10 0B 16 
14:10:50.879-<<<<-接收-68 10 00 83 F8 F0 00 00 FE 00 00 02 00 13 7E 16 
14:11:49.198->>>>-发送-68 16 00 43 00 00 00 B0 04 00 F0 08 03 01 00 05 00 00 00 00 F8 16 
14:11:49.308-<<<<-接收-68 15 00 83 F8 F0 00 00 FE 00 00 01 00 00 00 00 00 00 00 6A 16 
16:39:59.703->>>>-发送-68 0F 00 43 00 00 00 B0 04 00 10 01 00 08 16 
16:39:59.812-<<<<-接收-68 13 00 83 F8 10 00 00 06 00 10 01 00 DA 03 F8 03 7A 16 
16:39:59.874->>>>-发送-68 12 00 43 00 00 00 B0 04 00 10 02 00 01 00 0A 14 16 
16:40:00.062-<<<<-接收-68 62 00 83 F8 10 00 00 00 00 10 02 00 DA 03 0A 06 00 00 00 00 00 00 10 00 01 00 00 00 00 00 10 11 11 11 11 11 11 00 10 30 05 00 00 00 00 00 10 31 05 00 00 00 00 00 10 00 10 00 00 00 00 00 10 01 10 00 00 00 00 00 10 02 10 00 00 00 00 00 10 03 10 00 00 00 00 00 10 04 10 00 00 00 00 00 10 56 16 
16:40:08.313->>>>-发送-68 0F 00 43 00 00 00 B0 04 00 01 02 00 FA 16 
16:40:09.407-<<<<-接收-68 15 00 83 F8 10 00 00 00 00 00 01 00 00 00 00 00 00 00 8C 16 
16:42:34.579->>>>-发送-68 0F 00 43 00 00 00 B0 04 00 10 01 00 08 16 
16:42:34.672-<<<<-接收-68 13 00 83 F8 F0 00 00 FE 00 10 01 00 00 00 F8 03 75 16 
16:42:34.735->>>>-发送-68 12 00 43 00 00 00 B0 04 00 10 02 00 01 00 0A 14 16 
16:42:34.829-<<<<-接收-68 12 00 83 F8 F0 00 00 FE 00 10 02 00 00 00 00 7B 16 
17:07:58.026->>>>-发送-68 0F 00 43 00 00 00 B0 04 00 10 01 00 08 16 
17:07:58.120-<<<<-接收-68 13 00 83 F8 F0 00 00 FE 00 10 01 00 00 00 F8 03 75 16 
17:07:58.183->>>>-发送-68 12 00 43 00 00 00 B0 04 00 10 02 00 01 00 0A 14 16 
17:07:58.277-<<<<-接收-68 12 00 83 F8 F0 00 00 FE 00 10 02 00 00 00 00 7B 16 
17:07:58.339->>>>-发送-68 25 00 43 00 00 00 B0 04 00 11 01 00 03 06 00 00 00 00 00 02 00 01 00 00 00 00 02 11 11 11 11 11 11 02 7F 16 
17:07:58.464-<<<<-接收-68 15 00 83 F8 F0 00 00 FE 00 00 01 00 00 00 00 00 00 00 6A 16 
17:08:05.246->>>>-发送-68 0F 00 43 00 00 00 B0 04 00 10 01 00 08 16 
17:08:05.355-<<<<-接收-68 13 00 83 F8 F0 00 00 FE 00 10 01 00 03 00 F8 03 78 16 
17:08:05.418->>>>-发送-68 12 00 43 00 00 00 B0 04 00 10 02 00 01 00 0A 14 16 
17:08:05.559-<<<<-接收-68 2A 00 83 F8 F0 00 00 FE 00 10 02 00 03 00 03 06 00 00 00 00 00 00 10 00 01 00 00 00 00 00 10 11 11 11 11 11 11 00 10 1E 16 
17:09:17.879->>>>-发送-68 0F 00 43 00 00 00 B0 04 00 10 01 00 08 16 
17:09:17.988-<<<<-接收-68 13 00 83 F8 10 00 00 06 00 10 01 00 02 00 F8 03 9F 16 
17:09:18.051->>>>-发送-68 12 00 43 00 00 00 B0 04 00 10 02 00 01 00 0A 14 16 
17:09:18.160-<<<<-接收-68 22 00 83 F8 10 00 00 00 00 10 02 00 02 00 02 00 01 00 00 00 00 00 10 11 11 11 11 11 11 00 10 28 16 
17:09:58.586->>>>-发送-68 0F 00 43 00 00 00 B0 04 00 10 01 00 08 16 
17:09:58.696-<<<<-接收-68 13 00 83 00 00 00 00 04 00 10 01 00 02 00 F8 03 95 16 
17:09:58.774->>>>-发送-68 12 00 43 00 00 00 B0 04 00 10 02 00 01 00 0A 14 16 
17:09:58.883-<<<<-接收-68 22 00 83 68 70 00 00 6E 00 10 02 00 02 00 02 00 01 00 00 00 00 00 10 11 11 11 11 11 11 00 10 66 16 
