15:02:59.928->>>>-发送-68 39 00 43 04 00 00 B0 04 00 11 11 11 11 11 11 09 00 00 00 00 10 13 01 00 03 00 00 1A FE 68 17 00 43 05 09 00 00 00 00 10 00 DA AD 05 01 07 00 10 02 00 00 04 01 16 4A 16 
15:03:00.834-<<<<-接收-68 59 00 83 04 00 00 00 00 00 09 00 00 00 00 10 11 11 11 11 11 11 13 01 00 01 00 03 3A FE FE FE FE 68 34 00 C3 05 09 00 00 00 00 10 00 34 75 85 01 07 00 10 02 00 01 01 05 06 00 00 09 AB 06 00 00 02 9E 06 00 00 03 25 06 00 00 02 48 06 00 00 01 9E 00 00 55 AC 16 B6 16 
15:03:37.416->>>>-发送-68 2F 00 43 04 00 00 B0 04 00 11 11 11 11 11 11 09 00 00 00 00 10 02 01 00 02 12 68 AA AA AA AA AA AA 68 11 06 01 03 A0 04 FF FF 89 16 B9 16 
15:03:39.213-<<<<-接收-68 3A 00 83 0C 10 00 00 04 00 09 00 00 00 00 10 11 11 11 11 11 11 02 01 00 02 1D FE FE FE FE 68 09 00 00 00 00 10 68 91 0D 01 03 A0 04 21 21 21 21 21 21 33 FF FF 26 16 9E 16 
15:07:04.753->>>>-发送-68 2F 00 43 04 00 00 B0 04 00 11 11 11 11 11 11 09 00 00 00 00 10 02 01 00 02 12 68 AA AA AA AA AA AA 68 11 06 01 03 A0 04 FF FF 89 16 B9 16 
15:07:05.893-<<<<-接收-68 3A 00 83 0C 10 00 00 04 00 09 00 00 00 00 10 11 11 11 11 11 11 02 01 00 02 1D FE FE FE FE 68 09 00 00 00 00 10 68 91 0D 01 03 A0 04 3C 33 33 33 33 43 36 FF FF AE 16 AE 16 
15:07:20.364->>>>-发送-68 2F 00 43 04 00 00 B0 04 00 11 11 11 11 11 11 09 00 00 00 00 10 02 01 00 02 12 68 AA AA AA AA AA AA 68 11 06 01 03 A0 04 FF FF 89 16 B9 16 
15:07:21.551-<<<<-接收-68 3A 00 83 0C 10 00 00 04 00 09 00 00 00 00 10 11 11 11 11 11 11 02 01 00 02 1D FE FE FE FE 68 09 00 00 00 00 10 68 91 0D 01 03 A0 04 3C 33 33 33 33 43 36 FF FF AE 16 AE 16 
15:07:22.364->>>>-发送-68 2F 00 43 04 00 00 B0 04 00 11 11 11 11 11 11 09 00 00 00 00 10 02 01 00 02 12 68 AA AA AA AA AA AA 68 11 06 01 03 A0 04 FF FF 89 16 B9 16 
15:07:23.442-<<<<-接收-68 3A 00 83 0C 10 00 00 04 00 09 00 00 00 00 10 11 11 11 11 11 11 02 01 00 02 1D FE FE FE FE 68 09 00 00 00 00 10 68 91 0D 01 03 A0 04 3C 33 33 33 33 43 36 FF FF AE 16 AE 16 
15:07:25.224->>>>-发送-68 2F 00 43 04 00 00 B0 04 00 11 11 11 11 11 11 09 00 00 00 00 10 02 01 00 02 12 68 AA AA AA AA AA AA 68 11 06 01 03 A0 04 FF FF 89 16 B9 16 
15:07:26.989-<<<<-接收-68 3A 00 83 0C 10 00 00 04 00 09 00 00 00 00 10 11 11 11 11 11 11 02 01 00 02 1D FE FE FE FE 68 09 00 00 00 00 10 68 91 0D 01 03 A0 04 3C 33 33 33 33 43 36 FF FF AE 16 AE 16 
15:07:42.569->>>>-发送-68 2F 00 43 04 00 00 B0 04 00 11 11 11 11 11 11 09 00 00 00 00 10 02 01 00 02 12 68 AA AA AA AA AA AA 68 11 06 01 03 A0 04 FF FF 89 16 B9 16 
15:07:44.554-<<<<-接收-68 3A 00 83 0C 10 00 00 04 00 09 00 00 00 00 10 11 11 11 11 11 11 02 01 00 02 1D FE FE FE FE 68 09 00 00 00 00 10 68 91 0D 01 03 A0 04 3C 33 33 33 33 43 36 FF FF AE 16 AE 16 
15:07:52.977->>>>-发送-68 2F 00 43 04 00 00 B0 04 00 11 11 11 11 11 11 09 00 00 00 00 10 02 01 00 02 12 68 AA AA AA AA AA AA 68 11 06 01 03 A0 04 FF FF 89 16 B9 16 
15:07:58.540-<<<<-接收-68 3A 00 83 0C 10 00 00 04 00 09 00 00 00 00 10 11 11 11 11 11 11 02 01 00 02 1D FE FE FE FE 68 09 00 00 00 00 10 68 91 0D 01 03 A0 04 3C 33 33 33 33 43 36 FF FF AE 16 AE 16 
15:08:37.695->>>>-发送-68 2F 00 43 04 00 00 B0 04 00 11 11 11 11 11 11 09 00 00 00 00 10 02 01 00 02 12 68 AA AA AA AA AA AA 68 11 06 01 03 A0 04 FF FF 89 16 B9 16 
15:08:38.758-<<<<-接收-68 3A 00 83 0C 10 00 00 00 00 09 00 00 00 00 10 11 11 11 11 11 11 02 01 00 02 1D FE FE FE FE 68 09 00 00 00 00 10 68 91 0D 01 03 A0 04 3C 33 33 33 33 43 36 FF FF AE 16 AA 16 
15:12:55.004->>>>-发送-68 2F 00 43 04 00 00 B0 04 00 11 11 11 11 11 11 09 00 00 00 00 10 02 01 00 02 12 68 AA AA AA AA AA AA 68 11 06 01 03 A0 04 FF FF 89 16 B9 16 
15:12:55.754-<<<<-接收-68 3A 00 83 0C 10 00 00 04 00 09 00 00 00 00 10 11 11 11 11 11 11 02 01 00 02 1D FE FE FE FE 68 09 00 00 00 00 10 68 91 0D 01 03 A0 04 3C 33 33 33 33 43 36 FF FF AE 16 AE 16 
17:35:27.734->>>>-发送-68 39 00 43 04 00 00 B0 04 00 11 11 11 11 11 11 09 00 00 00 00 10 13 01 00 03 00 00 1A FE 68 17 00 43 05 09 00 00 00 00 10 00 DA AD 05 01 07 00 10 02 00 00 04 01 16 4A 16 
17:35:28.640-<<<<-接收-68 59 00 83 04 00 00 00 00 00 09 00 00 00 00 10 11 11 11 11 11 11 13 01 00 01 00 03 3A FE FE FE FE 68 34 00 C3 05 09 00 00 00 00 10 00 34 75 85 01 07 00 10 02 00 01 01 05 06 00 00 09 AB 06 00 00 02 9E 06 00 00 03 25 06 00 00 02 48 06 00 00 01 9E 00 00 55 AC 16 B6 16 
17:35:37.704->>>>-发送-68 39 00 43 04 00 00 B0 04 00 11 11 11 11 11 11 09 00 00 00 00 10 13 01 00 03 00 00 1A FE 68 17 00 43 05 09 00 00 00 00 10 00 DA AD 05 01 07 00 10 02 00 00 04 01 16 4A 16 
17:35:39.251-<<<<-接收-68 59 00 83 04 00 00 00 00 00 09 00 00 00 00 10 11 11 11 11 11 11 13 01 00 01 00 03 3A FE FE FE FE 68 34 00 C3 05 09 00 00 00 00 10 00 34 75 85 01 07 00 10 02 00 01 01 05 06 00 00 09 AB 06 00 00 02 9E 06 00 00 03 25 06 00 00 02 48 06 00 00 01 9E 00 00 55 AC 16 B6 16 
17:35:42.376->>>>-发送-68 39 00 43 04 00 00 B0 04 00 11 11 11 11 11 11 09 00 00 00 00 10 13 01 00 03 00 00 1A FE 68 17 00 43 05 09 00 00 00 00 10 00 DA AD 05 01 07 00 10 02 00 00 04 01 16 4A 16 
17:35:42.939-<<<<-接收-68 59 00 83 04 00 00 00 00 00 09 00 00 00 00 10 11 11 11 11 11 11 13 01 00 00 00 03 3A FE FE FE FE 68 34 00 C3 05 09 00 00 00 00 10 00 34 75 85 01 07 00 10 02 00 01 01 05 06 00 00 09 AB 06 00 00 02 9E 06 00 00 03 25 06 00 00 02 48 06 00 00 01 9E 00 00 55 AC 16 B5 16 
17:35:45.033->>>>-发送-68 39 00 43 04 00 00 B0 04 00 11 11 11 11 11 11 09 00 00 00 00 10 13 01 00 03 00 00 1A FE 68 17 00 43 05 09 00 00 00 00 10 00 DA AD 05 01 07 00 10 02 00 00 04 01 16 4A 16 
17:35:46.767-<<<<-接收-68 59 00 83 04 00 00 00 00 00 09 00 00 00 00 10 11 11 11 11 11 11 13 01 00 02 00 03 3A FE FE FE FE 68 34 00 C3 05 09 00 00 00 00 10 00 34 75 85 01 07 00 10 02 00 01 01 05 06 00 00 09 AB 06 00 00 02 9E 06 00 00 03 25 06 00 00 02 48 06 00 00 01 9E 00 00 55 AC 16 B7 16 
17:35:50.017->>>>-发送-68 39 00 43 04 00 00 B0 04 00 11 11 11 11 11 11 09 00 00 00 00 10 13 01 00 03 00 00 1A FE 68 17 00 43 05 09 00 00 00 00 10 00 DA AD 05 01 07 00 10 02 00 00 04 01 16 4A 16 
17:35:51.940-<<<<-接收-68 59 00 83 0C 10 00 00 00 00 09 00 00 00 00 10 11 11 11 11 11 11 13 01 00 02 00 03 3A FE FE FE FE 68 34 00 C3 05 09 00 00 00 00 10 00 34 75 85 01 07 00 10 02 00 01 01 05 06 00 00 09 AB 06 00 00 02 9E 06 00 00 03 25 06 00 00 02 48 06 00 00 01 9E 00 00 55 AC 16 CF 16 
