10:05:02.314->>>>-发送-68 0F 00 43 00 00 00 B0 04 00 10 01 00 08 16 
10:05:02.439-<<<<-接收-68 13 00 83 F8 F0 00 00 FE 00 10 01 00 03 00 F8 03 78 16 
10:05:02.548->>>>-发送-68 12 00 43 00 00 00 B0 04 00 10 02 00 01 00 0A 14 16 
10:05:02.704-<<<<-接收-68 2A 00 83 F8 F0 00 00 FE 00 10 02 00 03 00 03 06 00 00 00 00 00 00 10 00 01 00 00 00 00 00 10 11 11 11 11 11 11 00 10 1E 16 
10:05:10.612->>>>-发送-68 0F 00 43 00 00 00 B0 04 00 03 08 00 02 16 
10:05:10.721-<<<<-接收-68 15 00 83 00 00 00 00 04 00 03 08 00 22 33 44 55 66 77 5D 16 
11:10:23.323->>>>-发送-68 0F 00 43 00 00 00 B0 04 00 01 02 00 FA 16 
11:10:24.152-<<<<-接收-68 15 00 83 F8 F0 00 00 FE 00 00 01 00 00 00 00 00 02 00 6C 16 
11:11:01.171->>>>-发送-68 0F 00 43 00 00 00 B0 04 00 01 02 00 FA 16 
11:11:02.015-<<<<-接收-68 15 00 83 F8 F0 00 00 FE 00 00 01 00 00 00 00 00 02 00 6C 16 
11:11:02.077->>>>-发送-68 15 00 43 00 00 00 B0 04 00 05 01 00 22 33 44 55 66 77 C8 16 
11:11:02.265-<<<<-接收-68 15 00 83 F8 F0 00 00 FE 00 00 01 00 00 00 00 00 02 00 6C 16 
11:11:13.500->>>>-发送-68 0F 00 43 00 00 00 B0 04 00 03 08 00 02 16 
11:11:13.610-<<<<-接收-68 15 00 83 F8 F0 00 00 FE 00 03 08 00 22 33 44 55 66 77 3F 16 
11:29:53.640->>>>-发送-68 12 00 43 00 00 00 B0 04 00 10 10 02 05 00 03 21 16 
12:21:04.693->>>>-发送-68 0F 00 43 00 00 00 B0 04 00 10 01 00 08 16 
12:21:04.818-<<<<-接收-68 13 00 83 F8 10 00 00 00 00 10 01 00 00 00 F8 03 97 16 
12:21:04.881->>>>-发送-68 12 00 43 00 00 00 B0 04 00 10 02 00 01 00 0A 14 16 
12:21:04.990-<<<<-接收-68 12 00 83 00 70 00 00 20 00 10 02 00 00 00 00 25 16 
12:21:14.804->>>>-发送-68 25 00 43 00 00 00 B0 04 00 11 01 00 03 06 00 00 00 00 00 02 33 00 00 00 00 00 02 11 11 11 11 11 11 02 B1 16 
12:21:14.975-<<<<-接收-68 15 00 83 F8 F0 00 00 FE 00 00 01 00 00 00 00 00 02 00 6C 16 
14:31:09.616->>>>-发送-68 0F 00 43 00 00 00 B0 04 00 10 01 00 08 16 
14:31:09.725-<<<<-接收-68 13 00 83 60 60 00 00 30 00 10 01 00 03 00 F8 03 82 16 
14:31:09.787->>>>-发送-68 25 00 43 00 00 00 B0 04 00 11 01 00 03 06 00 00 00 00 00 02 33 00 00 00 00 00 02 11 11 11 11 11 11 02 B1 16 
14:31:09.944-<<<<-接收-68 15 00 83 F8 F0 00 00 FE 00 00 01 00 00 00 00 00 02 00 6C 16 
15:31:15.679->>>>-发送-68 0F 00 43 00 00 00 B0 04 00 10 01 00 08 16 
15:31:15.788-<<<<-接收-68 13 00 83 F8 F0 00 00 FE 00 10 01 00 03 00 F8 03 78 16 
15:31:20.288->>>>-发送-68 0F 00 43 00 00 00 B0 04 00 10 01 00 08 16 
15:31:20.398-<<<<-接收-68 13 00 83 00 00 00 00 00 00 10 01 00 03 00 F8 03 92 16 
15:31:20.460->>>>-发送-68 12 00 43 00 00 00 B0 04 00 10 02 00 01 00 0A 14 16 
15:31:20.617-<<<<-接收-68 2A 00 83 00 00 00 00 00 00 10 02 00 03 00 03 06 00 00 00 00 00 00 10 33 00 00 00 00 00 00 10 11 11 11 11 11 11 00 10 6A 16 
15:59:16.170->>>>-发送-68 12 00 43 00 00 00 B0 04 00 10 10 02 05 00 03 21 16 
15:59:16.310-<<<<-接收-68 10 00 83 00 00 00 00 FE 00 00 02 00 05 88 16 
15:59:55.518->>>>-发送-68 12 00 43 00 00 00 B0 04 00 10 10 02 01 00 03 1D 16 
15:59:55.799-<<<<-接收-68 10 00 83 00 00 00 00 FE 00 00 02 00 05 88 16 
16:01:44.444->>>>-发送-68 12 00 43 00 00 00 B0 04 00 10 10 02 01 00 03 1D 16 
16:01:44.725-<<<<-接收-68 10 00 83 00 00 00 00 FE 00 00 02 00 05 88 16 
16:03:05.484->>>>-发送-68 12 00 43 00 00 00 B0 04 00 10 10 02 01 00 03 1D 16 
16:03:05.640-<<<<-接收-68 10 00 83 00 00 00 00 00 00 00 02 00 05 8A 16 
17:18:40.727->>>>-发送-68 12 00 43 00 00 00 B0 04 00 10 10 02 01 00 03 1D 16 
17:18:43.344-<<<<-接收-68 38 00 C3 00 00 00 00 00 01 03 02 01 B2 2F 01 01 00 00 28 32 00 DC 07 DC 07 1E 22 33 44 55 66 77 F8 03 03 00 28 06 16 27 06 16 5A 57 32 30 20 10 16 10 20 00 80 44 16 
17:18:48.407->>>>-发送-68 12 00 43 00 00 00 B0 04 00 10 10 02 01 00 03 1D 16 
17:18:48.563-<<<<-接收-68 10 00 83 00 00 00 00 00 00 00 02 00 05 8A 16 
17:18:50.720->>>>-发送-68 12 00 43 00 00 00 B0 04 00 10 10 02 01 00 03 1D 16 
17:18:50.860-<<<<-接收-68 10 00 83 00 00 00 00 00 00 00 02 00 05 8A 16 
17:18:52.915->>>>-发送-68 12 00 43 00 00 00 B0 04 00 10 10 02 01 00 03 1D 16 
17:18:53.056-<<<<-接收-68 10 00 83 00 00 00 00 00 00 00 02 00 05 8A 16 
