10:07:28.559->>>>-发送-68 0F 00 43 00 00 00 B0 04 00 10 01 00 08 16 
10:07:44.279->>>>-发送-68 12 00 43 00 00 00 B0 04 00 10 02 00 01 00 10 1A 16 
10:41:29.582->>>>-发送-68 12 00 43 00 00 00 B0 04 00 10 02 00 01 00 10 1A 16 
10:42:04.554->>>>-发送-68 12 00 43 00 00 00 B0 04 00 10 02 00 01 00 10 1A 16 
10:42:16.055-<<<<-接收-00 
11:06:30.447->>>>-发送-68 12 00 43 00 00 00 B0 04 00 10 10 02 01 00 10 2A 16 
11:06:30.698-<<<<-接收-68 61 00 83 08 F0 00 00 FE 00 10 10 02 07 00 01 00 07 22 33 44 55 66 77 01 00 01 00 40 10 00 01 00 00 00 02 00 01 00 11 33 00 00 00 00 00 03 00 01 00 11 13 00 01 00 00 00 04 00 01 00 11 14 00 01 00 00 00 05 00 01 00 11 06 01 00 00 00 00 06 00 01 00 11 11 00 01 00 00 00 07 00 01 00 11 C4 16 
11:07:13.632->>>>-发送-68 12 00 43 00 00 00 B0 04 00 10 10 02 01 00 20 3A 16 
11:07:13.882-<<<<-接收-68 61 00 83 08 F0 00 00 FE 00 10 10 02 07 00 01 00 07 22 33 44 55 66 77 01 00 01 00 40 10 00 01 00 00 00 02 00 01 00 11 33 00 00 00 00 00 03 00 01 00 11 13 00 01 00 00 00 04 00 01 00 11 14 00 01 00 00 00 05 00 01 00 11 06 01 00 00 00 00 06 00 01 00 11 11 00 01 00 00 00 07 00 01 00 11 C4 16 
11:07:16.507->>>>-发送-68 12 00 43 00 00 00 B0 04 00 10 10 02 01 00 20 3A 16 
11:07:16.757-<<<<-接收-68 61 00 83 08 F0 00 00 FE 00 10 10 02 07 00 01 00 07 22 33 44 55 66 77 01 00 01 00 40 10 00 01 00 00 00 02 00 01 00 11 33 00 00 00 00 00 03 00 01 00 11 13 00 01 00 00 00 04 00 01 00 11 14 00 01 00 00 00 05 00 01 00 11 06 01 00 00 00 00 06 00 01 00 11 11 00 01 00 00 00 07 00 01 00 11 C4 16 
11:07:48.557->>>>-发送-68 12 00 43 00 00 00 B0 04 00 10 10 02 01 00 20 3A 16 
11:07:48.807-<<<<-接收-68 61 00 83 08 F0 00 00 FE 00 10 10 02 07 00 01 00 07 22 33 44 55 66 77 01 00 01 00 40 10 00 01 00 00 00 02 00 01 00 11 33 00 00 00 00 00 03 00 01 00 11 13 00 01 00 00 00 04 00 06 00 12 14 00 01 00 00 00 05 00 01 00 11 06 01 00 00 00 00 06 00 01 00 21 11 00 01 00 00 00 07 00 01 00 11 DA 16 
11:08:15.779->>>>-发送-68 12 00 43 00 00 00 B0 04 00 10 10 02 02 00 20 3B 16 
11:08:15.998-<<<<-接收-68 56 00 83 08 F0 00 00 FE 00 10 10 02 07 00 02 00 06 10 00 01 00 00 00 02 00 01 00 11 33 00 00 00 00 00 03 00 01 00 11 13 00 01 00 00 00 04 00 06 00 12 14 00 01 00 00 00 05 00 01 00 11 06 01 00 00 00 00 06 00 01 00 21 11 00 01 00 00 00 07 00 01 00 11 CD 16 
11:11:02.115->>>>-发送-68 0F 00 43 00 00 00 B0 04 00 10 01 00 08 16 
11:11:02.225-<<<<-接收-68 13 00 83 08 F0 00 00 FE 00 10 01 00 09 00 F8 03 8E 16 
11:11:02.287->>>>-发送-68 12 00 43 00 00 00 B0 04 00 10 02 00 01 00 10 1A 16 
11:11:02.490-<<<<-接收-68 5A 00 83 08 F0 00 00 FE 00 10 02 00 09 00 09 15 00 01 00 00 00 00 10 14 00 01 00 00 00 00 10 13 00 01 00 00 00 00 10 12 00 01 00 00 00 00 10 11 00 01 00 00 00 00 10 10 00 01 00 00 00 00 10 06 01 00 00 00 00 00 10 33 00 00 00 00 00 00 10 06 00 00 00 00 00 00 10 E2 16 
11:11:18.867->>>>-发送-68 12 00 43 00 00 00 B0 04 00 10 10 02 02 00 20 3B 16 
11:11:19.117-<<<<-接收-68 6C 00 83 08 F0 00 00 FE 00 10 10 02 09 00 02 00 08 13 00 01 00 00 00 02 00 01 00 11 15 00 01 00 00 00 03 00 01 00 11 11 00 01 00 00 00 04 00 01 00 11 33 00 00 00 00 00 05 00 01 00 11 12 00 01 00 00 00 06 00 01 00 11 14 00 01 00 00 00 07 00 01 00 11 06 01 00 00 00 00 08 00 01 00 11 10 00 01 00 00 00 09 00 01 00 11 19 16 
11:13:56.853->>>>-发送-68 12 00 43 00 00 00 B0 04 00 10 10 02 02 00 20 3B 16 
11:13:57.103-<<<<-接收-68 6C 00 83 08 F0 00 00 FE 00 10 10 02 09 00 02 00 08 13 00 01 00 00 00 02 00 01 00 11 15 00 01 00 00 00 03 00 01 00 11 11 00 01 00 00 00 04 00 01 00 11 33 00 00 00 00 00 05 00 01 00 11 12 00 01 00 00 00 06 00 01 00 11 14 00 01 00 00 00 07 00 01 00 11 06 01 00 00 00 00 08 00 01 00 11 10 00 01 00 00 00 09 00 01 00 11 19 16 
11:14:12.448->>>>-发送-68 12 00 43 00 00 00 B0 04 00 10 10 02 01 00 20 3A 16 
11:14:12.714-<<<<-接收-68 77 00 83 08 F0 00 00 FE 00 10 10 02 09 00 01 00 09 22 33 44 55 66 77 01 00 01 00 40 13 00 01 00 00 00 02 00 01 00 11 15 00 01 00 00 00 03 00 01 00 11 11 00 01 00 00 00 04 00 01 00 11 33 00 00 00 00 00 05 00 01 00 11 12 00 01 00 00 00 06 00 01 00 11 14 00 01 00 00 00 07 00 01 00 11 06 01 00 00 00 00 08 00 01 00 11 10 00 01 00 00 00 09 00 01 00 11 26 16 
11:19:22.133->>>>-发送-68 12 00 43 00 00 00 B0 04 00 10 10 02 01 00 20 3A 16 
11:19:22.430-<<<<-接收-68 82 00 83 08 F0 00 00 FE 00 10 10 02 0A 00 01 00 0A 22 33 44 55 66 77 01 00 01 00 40 13 00 01 00 00 00 02 00 01 00 11 15 00 01 00 00 00 03 00 09 00 12 11 00 01 00 00 00 04 00 01 00 11 33 00 00 00 00 00 05 00 01 00 11 12 00 01 00 00 00 06 00 01 00 11 14 00 01 00 00 00 07 00 01 00 11 06 01 00 00 00 00 08 00 01 00 11 10 00 01 00 00 00 09 00 01 00 21 06 00 00 00 00 00 0A 00 01 00 11 63 16 
16:49:59.553->>>>-发送-68 12 00 43 00 00 00 B0 04 00 10 10 02 01 00 20 3A 16 
16:49:59.698-<<<<-接收-68 1F 00 83 08 F0 00 00 FE 00 10 10 02 01 00 01 00 01 23 31 12 23 31 12 01 00 01 00 40 AC 16 
16:50:51.579->>>>-发送-68 12 00 43 00 00 00 B0 04 00 10 10 02 01 00 20 3A 16 
16:50:51.730-<<<<-接收-68 1F 00 83 08 F0 00 00 FE 00 10 10 02 01 00 01 00 01 23 31 12 23 31 12 01 00 01 00 40 AC 16 
16:51:36.820->>>>-发送-68 0F 00 43 00 00 00 B0 04 00 10 01 00 08 16 
16:51:36.917-<<<<-接收-68 13 00 83 08 00 00 00 00 00 10 01 00 00 00 F8 03 97 16 
16:51:36.962->>>>-发送-68 12 00 43 00 00 00 B0 04 00 10 02 00 01 00 10 1A 16 
16:51:37.058-<<<<-接收-68 12 00 83 08 10 00 00 06 00 10 02 00 00 00 00 B3 16 
16:51:47.418->>>>-发送-68 1E 00 43 00 00 00 B0 04 00 11 01 00 02 33 00 00 00 00 00 02 06 01 00 00 00 00 02 49 16 
16:51:47.568-<<<<-接收-68 15 00 83 08 F0 00 00 FE 00 00 01 00 00 00 00 00 02 00 7C 16 
16:52:06.866->>>>-发送-68 25 00 43 00 00 00 B0 04 00 11 01 00 02 33 00 00 00 00 00 02 06 01 00 00 00 00 02 06 00 00 00 00 00 02 51 16 
16:52:06.996-<<<<-接收-68 10 00 83 08 F0 00 00 FE 00 00 02 00 05 80 16 
16:52:37.658->>>>-发送-68 25 00 43 00 00 00 B0 04 00 11 01 00 03 33 00 00 00 00 00 02 06 01 00 00 00 00 02 06 00 00 00 00 00 02 52 16 
16:52:37.803-<<<<-接收-68 15 00 83 00 00 00 00 00 00 00 01 00 00 00 00 00 02 00 86 16 
16:52:47.426->>>>-发送-68 12 00 43 00 00 00 B0 04 00 10 10 02 01 00 20 3A 16 
16:52:47.593-<<<<-接收-68 35 00 83 08 F0 00 00 FE 00 10 10 02 03 00 01 00 03 23 31 12 23 31 12 01 00 01 00 40 33 00 00 00 00 00 02 00 01 00 11 06 00 00 00 00 00 03 00 01 00 11 12 16 
16:53:21.674->>>>-发送-68 12 00 43 00 00 00 B0 04 00 10 10 02 03 00 01 1D 16 
16:53:21.835-<<<<-接收-68 1F 00 83 08 F0 00 00 FE 00 10 10 02 03 00 03 00 01 06 00 00 00 00 00 03 00 01 00 11 BD 16 
16:53:26.090->>>>-发送-68 12 00 43 00 00 00 B0 04 00 10 10 02 03 00 01 1D 16 
16:53:26.244-<<<<-接收-68 1F 00 83 08 F0 00 00 FE 00 10 10 02 03 00 03 00 01 06 00 00 00 00 00 03 00 01 00 11 BD 16 
17:22:45.464->>>>-发送-68 17 00 43 00 00 00 B0 04 00 11 01 00 01 33 00 00 00 00 00 02 3F 16 
17:22:45.620-<<<<-接收-68 15 00 83 00 60 00 00 FE 00 00 01 00 00 00 00 00 02 00 E4 16 
17:22:49.527->>>>-发送-68 22 00 43 00 00 00 B0 04 00 11 02 00 03 06 00 00 00 00 00 11 11 11 11 11 11 33 00 00 00 00 00 AC 16 
17:22:49.667-<<<<-接收-68 15 00 83 00 60 00 00 FE 00 00 01 00 00 00 00 00 02 00 E4 16 
17:23:18.030->>>>-发送-68 10 00 43 00 00 00 B0 04 00 05 02 00 00 FE 16 
17:23:18.139-<<<<-接收-68 15 00 83 00 60 00 00 FE 00 00 01 00 00 00 00 00 02 00 E4 16 
17:23:25.921->>>>-发送-68 17 00 43 00 00 00 B0 04 00 11 01 00 01 33 00 00 00 00 00 02 3F 16 
17:23:26.062-<<<<-接收-68 15 00 83 00 60 00 00 FE 00 00 01 00 00 00 00 00 02 00 E4 16 
17:31:51.707->>>>-发送-68 17 00 43 00 00 00 B0 04 00 11 01 00 01 33 00 00 00 00 00 02 3F 16 
17:31:51.848-<<<<-接收-68 15 00 83 08 F0 00 00 FE 00 00 01 00 00 00 00 00 02 00 7C 16 
17:32:05.005->>>>-发送-68 10 00 43 00 00 00 B0 04 00 05 02 00 00 FE 16 
17:32:05.115-<<<<-接收-68 15 00 83 08 F0 00 00 FE 00 00 01 00 00 00 00 00 02 00 7C 16 
