11:01:15.247->>>>-发送-68 12 00 43 00 00 00 00 00 00 10 10 02 01 00 01 67 16 
11:02:30.843->>>>-发送-68 2F 00 C3 05 00 00 00 00 02 01 BE BE BE BE BE CC CC CC CC CC CC F0 80 00 12 00 68 12 00 43 00 00 00 00 00 01 F0 02 01 01 00 01 39 16 CD 16 
11:04:19.491->>>>-发送-68 12 00 43 00 00 00 00 00 00 10 10 02 01 00 01 67 16 
11:04:30.086->>>>-发送-68 2F 00 C3 05 00 00 00 00 02 01 BE BE BE BE BE CC CC CC CC CC CC F0 80 00 12 00 68 12 00 43 00 00 00 00 00 01 F0 02 01 01 00 01 39 16 CD 16 
11:04:40.672->>>>-发送-68 2F 00 C3 05 00 00 00 00 04 01 BE BE BE BE BE CC CC CC CC CC CC F0 80 00 12 00 68 12 00 43 00 00 00 00 00 03 F0 02 01 01 00 01 3B 16 D3 16 
11:04:51.257->>>>-发送-68 2F 00 C3 05 00 00 00 00 06 01 BE BE BE BE BE CC CC CC CC CC CC F0 80 00 12 00 68 12 00 43 00 00 00 00 00 05 F0 02 01 01 00 01 3D 16 D9 16 
11:05:07.672->>>>-发送-68 2F 00 C3 05 00 00 00 00 08 01 BE BE BE BE BE CC CC CC CC CC CC F0 80 00 12 00 68 12 00 43 00 00 00 00 00 07 F0 02 01 01 00 01 3F 16 DF 16 
11:05:21.664->>>>-发送-68 2F 00 C3 05 00 00 00 00 0A 01 BE BE BE BE BE CC CC CC CC CC CC F0 80 00 12 00 68 12 00 43 00 00 00 00 00 09 F0 02 01 01 00 01 41 16 E5 16 
11:19:11.260->>>>-发送-68 12 00 43 00 00 00 00 00 00 10 10 02 01 00 01 67 16 
11:19:21.849->>>>-发送-68 2F 00 C3 05 00 00 00 00 02 01 BE BE BE BE BE CC CC CC CC CC CC F0 80 00 12 00 68 12 00 43 00 00 00 00 00 01 F0 02 01 01 00 01 39 16 CD 16 
11:19:32.414->>>>-发送-68 12 00 43 00 00 00 00 00 03 10 10 02 01 00 01 6A 16 
11:19:49.508->>>>-发送-68 0F 00 43 00 00 00 00 00 04 F0 20 03 5A 16 
11:20:01.477->>>>-发送-68 0F 00 43 00 00 00 00 00 05 F0 20 03 5B 16 
11:20:01.964->>>>-发送-68 0F 00 43 00 00 00 00 00 06 F0 20 03 5C 16 
11:20:02.223->>>>-发送-68 0F 00 43 00 00 00 00 00 07 F0 20 03 5D 16 
11:20:06.084->>>>-发送-68 0F 00 43 00 00 00 00 00 08 F0 20 03 5E 16 
11:20:06.380->>>>-发送-68 0F 00 43 00 00 00 00 00 09 F0 20 03 5F 16 
11:20:06.573->>>>-发送-68 0F 00 43 00 00 00 00 00 0A F0 20 03 60 16 
11:20:06.756->>>>-发送-68 0F 00 43 00 00 00 00 00 0B F0 20 03 61 16 
11:20:07.205->>>>-发送-68 0F 00 43 00 00 00 00 00 0C F0 20 03 62 16 
11:20:07.581->>>>-发送-68 0F 00 43 00 00 00 00 00 0D F0 20 03 63 16 
11:20:07.764->>>>-发送-68 0F 00 43 00 00 00 00 00 0E F0 20 03 64 16 
11:20:08.085->>>>-发送-68 0F 00 43 00 00 00 00 00 0F F0 20 03 65 16 
11:20:09.174->>>>-发送-68 0F 00 43 00 00 00 00 00 10 F0 20 03 66 16 
11:20:09.389->>>>-发送-68 0F 00 43 00 00 00 00 00 11 F0 20 03 67 16 
11:20:09.604->>>>-发送-68 0F 00 43 00 00 00 00 00 12 F0 20 03 68 16 
11:20:09.820->>>>-发送-68 0F 00 43 00 00 00 00 00 13 F0 20 03 69 16 
11:20:10.012->>>>-发送-68 0F 00 43 00 00 00 00 00 14 F0 20 03 6A 16 
11:20:10.197->>>>-发送-68 0F 00 43 00 00 00 00 00 15 F0 20 03 6B 16 
11:20:12.501->>>>-发送-68 0F 00 43 00 00 00 00 00 16 F0 20 03 6C 16 
11:20:12.684->>>>-发送-68 0F 00 43 00 00 00 00 00 17 F0 20 03 6D 16 
11:20:12.851->>>>-发送-68 0F 00 43 00 00 00 00 00 18 F0 20 03 6E 16 
11:20:13.036->>>>-发送-68 0F 00 43 00 00 00 00 00 19 F0 20 03 6F 16 
11:20:13.212->>>>-发送-68 0F 00 43 00 00 00 00 00 1A F0 20 03 70 16 
11:20:13.358->>>>-发送-68 0F 00 43 00 00 00 00 00 1B F0 20 03 71 16 
11:23:11.629->>>>-发送-68 0F 00 43 00 00 00 00 00 00 F0 20 03 56 16 
11:23:13.742-<<<<-接收-68 10 00 C3 00 00 00 00 00 01 F0 04 03 00 BB 16 
11:23:20.724->>>>-发送-68 0F 00 43 00 00 00 00 00 01 F0 20 03 57 16 
11:23:22.832-<<<<-接收-68 10 00 C3 00 00 00 00 00 02 F0 04 03 00 BC 16 
11:23:22.981->>>>-发送-68 0F 00 43 00 00 00 00 00 02 F0 20 03 58 16 
11:23:25.082-<<<<-接收-68 10 00 C3 00 00 00 00 00 03 F0 04 03 00 BD 16 
11:23:28.004->>>>-发送-68 0F 00 43 00 00 00 00 00 03 F0 20 03 59 16 
11:23:28.260->>>>-发送-68 0F 00 43 00 00 00 00 00 04 F0 20 03 5A 16 
11:23:28.588->>>>-发送-68 0F 00 43 00 00 00 00 00 05 F0 20 03 5B 16 
11:23:28.892->>>>-发送-68 0F 00 43 00 00 00 00 00 06 F0 20 03 5C 16 
11:23:29.444->>>>-发送-68 0F 00 43 00 00 00 00 00 07 F0 20 03 5D 16 
11:23:31.535-<<<<-接收-C3 
11:23:31.545-<<<<-接收-68 00 00 00 00 00 04 F0 
11:23:31.549-<<<<-接收-04 03 00 
11:23:31.557-<<<<-接收-10 00 BE 16 
11:23:53.868->>>>-发送-68 0F 00 43 00 00 00 00 00 08 F0 20 03 5E 16 
11:23:56.017-<<<<-接收-68 10 00 C3 00 00 00 00 00 05 F0 04 03 00 BF 16 
11:24:04.653->>>>-发送-68 0F 00 43 00 00 00 00 00 09 F0 20 03 5F 16 
11:24:04.997->>>>-发送-68 0F 00 43 00 00 00 00 00 0A F0 20 03 60 16 
11:24:05.220->>>>-发送-68 0F 00 43 00 00 00 00 00 0B F0 20 03 61 16 
11:24:05.653->>>>-发送-68 0F 00 43 00 00 00 00 00 0C F0 20 03 62 16 
11:24:05.852->>>>-发送-68 0F 00 43 00 00 00 00 00 0D F0 20 03 63 16 
11:24:06.021->>>>-发送-68 0F 00 43 00 00 00 00 00 0E F0 20 03 64 16 
11:24:06.205->>>>-发送-68 0F 00 43 00 00 00 00 00 0F F0 20 03 65 16 
11:24:06.380->>>>-发送-68 0F 00 43 00 00 00 00 00 10 F0 20 03 66 16 
11:24:06.548->>>>-发送-68 0F 00 43 00 00 00 00 00 11 F0 20 03 67 16 
11:24:06.732->>>>-发送-68 0F 00 43 00 00 00 00 00 12 F0 20 03 68 16 
11:24:07.236->>>>-发送-68 0F 00 43 00 00 00 00 00 13 F0 20 03 69 16 
11:24:07.805->>>>-发送-68 0F 00 43 00 00 00 00 00 14 F0 20 03 6A 16 
11:24:08.093->>>>-发送-68 0F 00 43 00 00 00 00 00 15 F0 20 03 6B 16 
11:24:08.893->>>>-发送-68 0F 00 43 00 00 00 00 00 16 F0 20 03 6C 16 
11:24:09.190->>>>-发送-68 0F 00 43 00 00 00 00 00 17 F0 20 03 6D 16 
11:24:09.396->>>>-发送-68 0F 00 43 00 00 00 00 00 18 F0 20 03 6E 16 
11:24:09.596->>>>-发送-68 0F 00 43 00 00 00 00 00 19 F0 20 03 6F 16 
11:24:11.696-<<<<-接收-00 
11:24:11.697-<<<<-接收-00 
11:24:11.696-<<<<-接收-00 
11:24:11.703-<<<<-接收-68 10 00 F0 04 03 00 C0 
11:24:11.698-<<<<-接收-06 
11:24:11.706-<<<<-接收-C3 00 00 16 
11:25:04.628->>>>-发送-68 0F 00 43 00 00 00 00 00 1A F0 20 03 70 16 
11:25:04.788->>>>-发送-68 0F 00 43 00 00 00 00 00 1B F0 20 03 71 16 
11:25:05.133->>>>-发送-68 0F 00 43 00 00 00 00 00 1C F0 20 03 72 16 
11:25:05.292->>>>-发送-68 0F 00 43 00 00 00 00 00 1D F0 20 03 73 16 
11:25:05.444->>>>-发送-68 0F 00 43 00 00 00 00 00 1E F0 20 03 74 16 
11:25:07.528->>>>-发送-68 0F 00 43 00 00 00 00 00 1F F0 20 03 75 16 
11:25:07.534-<<<<-接收-C3 
11:25:07.538-<<<<-接收-00 00 00 
11:25:07.544-<<<<-接收-00 00 00 00 00 00 00 00 00 00 00 00 00 00 00 00 00 00 00 00 00 00 00 00 00 00 00 00 00 00 00 00 00 00 00 00 00 00 00 00 00 00 00 00 00 00 00 00 00 00 00 00 00 00 00 00 00 00 00 00 00 00 00 00 00 00 00 00 00 00 00 00 00 00 00 00 00 00 00 00 00 00 00 00 00 00 00 00 00 00 00 00 00 00 00 00 00 00 00 00 00 00 00 00 00 00 00 00 00 00 00 00 00 00 00 00 00 00 00 00 00 00 00 00 00 00 00 00 00 00 00 00 00 00 00 00 00 00 00 00 00 00 00 00 00 00 00 00 00 00 00 00 00 00 00 00 00 00 00 00 00 00 00 00 00 00 00 00 00 00 00 00 00 00 00 00 00 00 00 00 00 00 00 00 00 00 00 00 00 00 00 00 00 00 00 00 00 00 00 00 00 00 00 00 00 00 00 00 00 00 00 00 00 00 00 00 00 00 00 00 00 00 00 00 00 00 00 00 00 00 00 00 00 00 00 00 00 00 00 00 00 00 00 00 00 00 00 00 00 00 00 00 00 00 00 00 00 00 00 00 00 00 00 00 00 00 00 00 00 00 00 00 00 00 00 00 00 00 00 00 00 00 00 00 00 00 00 00 00 00 00 00 00 00 00 00 00 00 00 00 00 00 00 00 00 00 00 00 00 00 00 00 00 00 00 00 00 00 00 00 00 00 00 00 00 00 00 00 00 00 00 00 00 00 00 00 00 00 00 00 00 00 00 00 00 00 00 00 00 00 00 00 00 00 
11:25:07.551-<<<<-接收-F0 04 03 
11:25:07.554-<<<<-接收-68 10 00 00 C1 16 
11:25:07.701->>>>-发送-68 0F 00 43 00 00 00 00 00 20 F0 20 03 76 16 
11:25:07.821->>>>-发送-68 0F 00 43 00 00 00 00 00 21 F0 20 03 77 16 
11:25:33.233->>>>-发送-68 2F 00 C3 05 00 00 00 00 01 01 BE BE BE BE BE CC CC CC CC CC CC F0 80 00 12 00 68 12 00 43 00 00 00 00 00 00 F0 02 01 01 00 01 38 16 CA 16 
11:35:35.609->>>>-发送-68 12 00 43 00 00 00 00 00 00 10 10 02 01 00 01 67 16 
11:35:56.205->>>>-发送-68 2F 00 C3 05 00 00 00 00 02 CD CD CD CD CD CD CC CC CC CC CC CC F0 80 00 12 00 68 12 00 43 00 00 00 00 00 01 F0 02 01 01 00 01 39 16 E4 16 
11:36:15.173->>>>-发送-68 2F 00 C3 05 00 00 00 00 04 CD CD CD CD CD CD CC CC CC CC CC CC F0 80 00 12 00 68 12 00 43 00 00 00 00 00 03 F0 02 01 01 00 01 3B 16 EA 16 
11:36:30.924->>>>-发送-68 2F 00 C3 05 00 00 00 00 06 CD CD CD CD CD CD CC CC CC CC CC CC F0 80 00 12 00 68 12 00 43 00 00 00 00 00 05 F0 02 01 01 00 01 3D 16 F0 16 
11:36:41.458->>>>-发送-68 2F 00 C3 05 00 00 00 00 08 CD CD CD CD CD CD CC CC CC CC CC CC F0 80 00 12 00 68 12 00 43 00 00 00 00 00 07 F0 02 01 01 00 01 3F 16 F6 16 
11:37:00.030->>>>-发送-68 12 00 43 00 00 00 00 00 00 10 10 02 01 00 01 67 16 
11:37:00.123-<<<<-接收-68 10 00 83 00 00 00 00 FE 00 00 02 00 04 87 16 
11:37:00.125->>>>-发送-68 12 00 43 00 00 00 00 00 01 10 10 02 01 00 32 99 16 
11:37:00.219-<<<<-接收-68 10 00 83 00 00 00 00 FE 01 00 02 00 04 88 16 
11:37:00.221->>>>-发送-68 12 00 43 00 00 00 00 00 02 10 10 02 33 00 32 CC 16 
11:37:00.315-<<<<-接收-68 10 00 83 00 00 00 00 FE 02 00 02 00 04 89 16 
11:37:00.316->>>>-发送-68 12 00 43 00 00 00 00 00 03 10 10 02 65 00 32 FF 16 
11:37:00.410-<<<<-接收-68 10 00 83 00 00 00 00 FE 03 00 02 00 04 8A 16 
11:37:00.413->>>>-发送-68 12 00 43 00 00 00 00 00 04 10 10 02 97 00 32 32 16 
11:37:00.508-<<<<-接收-68 10 00 83 00 00 00 00 FE 04 00 02 00 04 8B 16 
11:37:00.510->>>>-发送-68 12 00 43 00 00 00 00 00 05 10 10 02 C9 00 32 65 16 
11:37:00.605-<<<<-接收-68 10 00 83 00 00 00 00 FE 05 00 02 00 04 8C 16 
11:37:00.607->>>>-发送-68 12 00 43 00 00 00 00 00 06 10 10 02 FB 00 32 98 16 
11:37:00.701-<<<<-接收-68 10 00 83 00 00 00 00 FE 06 00 02 00 04 8D 16 
11:37:00.704->>>>-发送-68 12 00 43 00 00 00 00 00 07 10 10 02 2D 01 32 CC 16 
11:37:00.798-<<<<-接收-68 10 00 83 00 00 00 00 FE 07 00 02 00 04 8E 16 
11:37:00.801->>>>-发送-68 12 00 43 00 00 00 00 00 08 10 10 02 5F 01 32 FF 16 
11:37:00.908-<<<<-接收-68 10 00 83 00 00 00 00 FE 08 00 02 00 04 8F 16 
11:37:00.910->>>>-发送-68 12 00 43 00 00 00 00 00 09 10 10 02 91 01 32 32 16 
11:37:01.013-<<<<-接收-68 10 00 83 00 00 00 00 FE 09 00 02 00 04 90 16 
11:37:01.015->>>>-发送-68 12 00 43 00 00 00 00 00 0A 10 10 02 C3 01 32 65 16 
11:37:01.120-<<<<-接收-68 10 00 83 00 00 00 00 FE 0A 00 02 00 04 91 16 
11:37:01.123->>>>-发送-68 12 00 43 00 00 00 00 00 0B 10 10 02 F5 01 32 98 16 
11:37:01.207-<<<<-接收-68 10 00 83 00 00 00 00 FE 0B 00 02 00 04 92 16 
11:37:01.209->>>>-发送-68 12 00 43 00 00 00 00 00 0C 10 10 02 27 02 32 CC 16 
11:37:01.336-<<<<-接收-68 10 00 83 00 00 00 00 FE 0C 00 02 00 04 93 16 
11:37:01.338->>>>-发送-68 12 00 43 00 00 00 00 00 0D 10 10 02 59 02 32 FF 16 
11:37:01.434-<<<<-接收-68 10 00 83 00 00 00 00 FE 0D 00 02 00 04 94 16 
11:37:01.437->>>>-发送-68 12 00 43 00 00 00 00 00 0E 10 10 02 8B 02 32 32 16 
11:37:01.530-<<<<-接收-68 10 00 83 00 00 00 00 FE 0E 00 02 00 04 95 16 
11:37:01.532->>>>-发送-68 12 00 43 00 00 00 00 00 0F 10 10 02 BD 02 32 65 16 
11:37:01.628-<<<<-接收-68 10 00 83 00 00 00 00 FE 0F 00 02 00 04 96 16 
11:37:01.631->>>>-发送-68 12 00 43 00 00 00 00 00 10 10 10 02 EF 02 32 98 16 
11:37:01.724-<<<<-接收-68 10 00 83 00 00 00 00 FE 10 00 02 00 04 97 16 
11:37:01.726->>>>-发送-68 12 00 43 00 00 00 00 00 11 10 10 02 21 03 32 CC 16 
11:37:01.820-<<<<-接收-68 10 00 83 00 00 00 00 FE 11 00 02 00 04 98 16 
11:37:01.823->>>>-发送-68 12 00 43 00 00 00 00 00 12 10 10 02 53 03 32 FF 16 
11:37:01.937-<<<<-接收-68 10 00 83 00 00 00 00 FE 12 00 02 00 04 99 16 
11:37:01.940->>>>-发送-68 12 00 43 00 00 00 00 00 13 10 10 02 85 03 32 32 16 
11:37:02.024-<<<<-接收-68 10 00 83 00 00 00 00 FE 13 00 02 00 04 9A 16 
11:37:02.027->>>>-发送-68 12 00 43 00 00 00 00 00 14 10 10 02 B7 03 32 65 16 
11:37:02.122-<<<<-接收-68 10 00 83 00 00 00 00 FE 14 00 02 00 04 9B 16 
11:37:02.124->>>>-发送-68 12 00 43 00 00 00 00 00 15 10 10 02 E9 03 32 98 16 
11:37:02.218-<<<<-接收-68 10 00 83 00 00 00 00 FE 15 00 02 00 04 9C 16 
11:37:02.220->>>>-发送-68 12 00 43 00 00 00 00 00 16 10 10 02 1B 04 32 CC 16 
11:37:02.316-<<<<-接收-68 10 00 83 00 00 00 00 FE 16 00 02 00 04 9D 16 
11:37:02.319->>>>-发送-68 12 00 43 00 00 00 00 00 17 10 10 02 4D 04 32 FF 16 
11:37:02.412-<<<<-接收-68 10 00 83 00 00 00 00 FE 17 00 02 00 04 9E 16 
11:39:38.734->>>>-发送-68 0F 00 43 00 00 00 00 00 18 F0 20 03 6E 16 
11:39:40.808-<<<<-接收-68 10 00 C3 00 00 00 00 00 21 F0 04 03 00 DB 16 
11:40:01.550->>>>-发送-68 0F 00 43 00 00 00 00 00 19 F0 20 03 6F 16 
11:40:03.653-<<<<-接收-68 10 00 C3 00 00 00 00 00 22 F0 04 03 00 DC 16 
11:52:35.000->>>>-发送-68 12 00 43 00 00 00 00 00 00 10 10 02 01 00 01 67 16 
11:52:45.559->>>>-发送-68 2F 00 C3 05 00 00 00 00 02 CD CD CD CD CD CD CC CC CC CC CC CC F0 80 00 12 00 68 12 00 43 00 00 00 00 00 01 10 10 02 01 00 01 68 16 42 16 
12:11:59.709->>>>-发送-68 0F 00 43 00 00 00 00 00 00 F0 20 03 56 16 
12:11:59.795-<<<<-接收-68 17 00 C3 00 00 00 00 00 01 F0 04 03 01 77 77 66 66 55 55 01 21 16 
12:12:01.685->>>>-发送-68 10 00 43 00 00 00 00 00 01 F0 80 03 01 B8 16 
12:12:01.771-<<<<-接收-68 15 00 83 00 20 00 00 FC 01 00 01 00 00 00 00 00 02 00 A3 16 
12:12:17.337->>>>-发送-68 2F 00 C3 05 00 00 00 00 03 01 BE BE BE BE BE 77 77 66 66 55 55 F0 80 00 12 00 68 12 00 43 00 00 00 00 00 02 10 10 02 01 00 01 69 16 CA 16 
12:12:22.484-<<<<-接收-68 1D 00 83 0C 10 00 00 04 03 77 77 66 66 55 55 01 BE BE BE BE BE F0 80 00 00 00 31 16 
12:17:33.798->>>>-发送-68 0F 00 43 00 00 00 00 00 04 F0 20 03 5A 16 
12:17:33.873-<<<<-接收-68 17 00 C3 00 00 00 00 00 01 F0 04 03 01 77 77 66 66 55 55 01 21 16 
12:17:34.262->>>>-发送-68 0F 00 43 00 00 00 00 00 05 F0 20 03 5B 16 
12:17:34.337-<<<<-接收-68 17 00 C3 00 00 00 00 00 02 F0 04 03 01 77 77 66 66 55 55 01 22 16 
12:17:34.782->>>>-发送-68 0F 00 43 00 00 00 00 00 06 F0 20 03 5C 16 
12:17:34.866-<<<<-接收-68 17 00 C3 00 00 00 00 00 03 F0 04 03 01 77 77 66 66 55 55 01 23 16 
12:17:36.926->>>>-发送-68 10 00 43 00 00 00 00 00 07 F0 80 03 01 BE 16 
12:17:37.010-<<<<-接收-68 15 00 83 00 20 00 00 FC 07 00 01 00 00 00 00 00 02 00 A9 16 
12:17:44.953->>>>-发送-68 2F 00 C3 05 00 00 00 00 09 01 BE BE BE BE BE 77 77 66 66 55 55 F0 80 00 12 00 68 12 00 43 00 00 00 00 00 08 10 10 02 01 00 01 6F 16 DC 16 
12:17:50.114-<<<<-接收-68 1D 00 83 0C 10 00 00 04 09 77 77 66 66 55 55 01 BE BE BE BE BE F0 80 00 00 00 37 16 
12:23:58.502->>>>-发送-68 0F 00 43 00 00 00 00 00 0A F0 20 03 60 16 
12:23:58.588-<<<<-接收-68 17 00 C3 00 00 00 00 00 01 F0 04 03 01 00 00 00 00 00 00 01 BD 16 
12:23:59.454->>>>-发送-68 0F 00 43 00 00 00 00 00 0B F0 20 03 61 16 
12:23:59.530-<<<<-接收-68 17 00 C3 00 00 00 00 00 02 F0 04 03 01 00 00 00 00 00 00 01 BE 16 
12:24:02.686->>>>-发送-68 0F 00 43 00 00 00 00 00 0C F0 20 03 62 16 
12:24:02.772-<<<<-接收-68 17 00 C3 00 00 00 00 00 03 F0 04 03 01 77 77 66 66 55 55 01 23 16 
12:24:06.596->>>>-发送-68 10 00 43 00 00 00 00 00 0D F0 80 03 01 C4 16 
12:24:06.683-<<<<-接收-68 15 00 83 00 20 00 00 FC 0D 00 01 00 00 00 00 00 02 00 AF 16 
12:24:22.428->>>>-发送-68 2F 00 C3 05 00 00 00 00 0F 01 BE BE BE BE BE 77 77 66 66 55 55 F0 80 00 12 00 68 12 00 43 00 00 00 00 00 0E 10 10 02 01 00 01 75 16 EE 16 
12:24:27.596-<<<<-接收-68 1D 00 83 0C 10 00 00 04 0F 77 77 66 66 55 55 01 BE BE BE BE BE F0 80 00 00 00 3D 16 
14:04:54.641->>>>-发送-68 0F 00 43 00 00 00 00 00 10 F0 20 03 66 16 
14:04:54.725-<<<<-接收-68 17 00 C3 00 00 00 00 00 01 F0 04 03 01 77 77 66 66 55 55 01 21 16 
14:04:56.455->>>>-发送-68 10 00 43 00 00 00 00 00 11 F0 80 03 01 C8 16 
14:04:56.540-<<<<-接收-68 15 00 83 00 20 00 00 FC 11 00 01 00 00 00 00 00 02 00 B3 16 
14:05:04.579->>>>-发送-68 2F 00 C3 05 00 00 00 00 13 01 BE BE BE BE BE 77 77 66 66 55 55 F0 80 00 12 00 68 12 00 43 00 00 00 00 00 12 10 10 02 01 00 01 79 16 FA 16 
14:05:51.804->>>>-发送-68 2F 00 C3 05 00 00 00 00 15 01 BE BE BE BE BE 77 77 66 66 55 55 F0 80 00 12 00 68 12 00 43 00 00 00 00 00 14 10 10 02 01 00 01 7B 16 00 16 
14:08:16.808->>>>-发送-68 2F 00 C3 05 00 00 00 00 17 01 BE BE BE BE BE 77 77 66 66 55 55 F0 80 00 12 00 68 12 00 43 00 00 00 00 00 16 10 10 02 01 00 01 7D 16 06 16 
14:13:30.808->>>>-发送-68 2F 00 C3 05 00 00 00 00 19 01 BE BE BE BE BE 77 77 66 66 55 55 F0 80 00 12 00 68 12 00 43 00 00 00 00 00 18 10 10 02 01 00 01 7F 16 0C 16 
14:14:29.467->>>>-发送-68 2F 00 C3 05 00 00 00 00 1B 01 BE BE BE BE BE 77 77 66 66 55 55 F0 80 00 12 00 68 12 00 43 00 00 00 00 00 1A 10 10 02 01 00 01 81 16 12 16 
14:24:38.473->>>>-发送-68 0F 00 43 00 00 00 00 00 1C F0 20 03 72 16 
14:24:38.559-<<<<-接收-68 17 00 C3 00 00 00 00 00 01 F0 04 03 01 77 77 66 66 55 55 01 21 16 
14:24:40.615->>>>-发送-68 10 00 43 00 00 00 00 00 1D F0 80 03 01 D4 16 
14:24:40.689-<<<<-接收-68 15 00 83 00 20 00 00 FC 1D 00 01 00 00 00 00 00 02 00 BF 16 
14:24:45.565->>>>-发送-68 2F 00 C3 05 00 00 00 00 1F 01 BE BE BE BE BE 77 77 66 66 55 55 F0 80 00 12 00 68 12 00 43 00 00 00 00 00 1E 10 10 02 01 00 01 85 16 1E 16 
14:25:16.536->>>>-发送-68 2F 00 C3 05 00 00 00 00 21 01 BE BE BE BE BE 77 77 66 66 55 55 F0 80 00 12 00 68 12 00 43 00 00 00 00 00 20 10 10 02 01 00 01 87 16 24 16 
14:25:18.718-<<<<-接收-68 1D 00 83 0C 10 00 00 04 1F 77 77 66 66 55 55 01 BE BE BE BE BE F0 80 00 00 00 4D 16 
14:25:53.817->>>>-发送-68 2F 00 C3 05 00 00 00 00 23 01 BE BE BE BE BE 77 77 66 66 55 55 F0 80 00 12 00 68 12 00 43 00 00 00 00 00 22 10 10 02 01 00 01 89 16 2A 16 
14:26:21.180->>>>-发送-68 2F 00 C3 05 00 00 00 00 25 01 BE BE BE BE BE 77 77 66 66 55 55 F0 80 00 12 00 68 12 00 43 00 00 00 00 00 24 10 10 02 01 00 01 8B 16 30 16 
14:26:26.962-<<<<-接收-68 1D 00 83 0C 10 00 00 04 23 77 77 66 66 55 55 01 BE BE BE BE BE F0 80 00 00 00 51 16 
14:27:12.289->>>>-发送-68 2F 00 C3 05 00 00 00 00 27 01 BE BE BE BE BE 77 77 66 66 55 55 F0 80 00 12 00 68 12 00 43 00 00 00 00 00 26 10 10 02 01 00 01 8D 16 36 16 
14:27:31.246->>>>-发送-68 2F 00 C3 05 00 00 00 00 29 01 BE BE BE BE BE 77 77 66 66 55 55 F0 80 00 12 00 68 12 00 43 00 00 00 00 00 28 10 10 02 01 00 01 8F 16 3C 16 
14:29:47.937->>>>-发送-68 2F 00 C3 05 00 00 00 00 2B 01 BE BE BE BE BE 77 77 66 66 55 55 F0 80 00 12 00 68 12 00 43 00 00 00 00 00 2A 10 10 02 01 00 01 91 16 42 16 
14:34:27.288->>>>-发送-68 0F 00 43 00 00 00 00 00 2C F0 20 03 82 16 
14:34:27.375-<<<<-接收-68 17 00 C3 00 00 00 00 00 01 F0 04 03 01 77 77 66 66 55 55 01 21 16 
14:34:29.232->>>>-发送-68 10 00 43 00 00 00 00 00 2D F0 80 03 01 E4 16 
14:34:29.306-<<<<-接收-68 15 00 83 00 20 00 00 FC 2D 00 01 00 00 00 00 00 02 00 CF 16 
14:44:46.144->>>>-发送-68 0F 00 43 00 00 00 00 00 00 F0 20 03 56 16 
14:44:46.237-<<<<-接收-68 17 00 C3 00 00 00 00 00 01 F0 04 03 01 77 77 66 66 55 55 01 21 16 
14:44:48.151->>>>-发送-68 10 00 43 00 00 00 00 00 01 F0 80 03 01 B8 16 
14:44:48.216-<<<<-接收-68 15 00 83 00 20 00 00 FC 01 00 01 00 00 00 00 00 02 00 A3 16 
14:44:52.990->>>>-发送-68 2F 00 C3 05 00 00 00 00 03 01 BE BE BE BE BE 77 77 66 66 55 55 F0 80 00 12 00 68 12 00 43 00 00 00 00 00 02 10 10 02 01 00 01 69 16 CA 16 
14:44:59.888-<<<<-接收-68 3C 00 83 04 00 00 00 00 03 77 77 66 66 55 55 01 BE BE BE BE BE F0 80 00 1F 00 68 1F 00 83 08 F0 00 00 FE 02 10 10 02 03 00 01 00 01 77 77 66 66 55 55 01 00 01 00 40 48 16 61 16 
14:44:59.891->>>>-发送-68 2F 00 C3 05 00 00 00 00 05 01 BE BE BE BE BE 77 77 66 66 55 55 F0 80 00 12 00 68 12 00 43 00 00 00 00 00 04 10 10 02 01 00 03 6D 16 D4 16 
14:45:00.515-<<<<-接收-68 52 00 83 04 00 00 00 00 05 77 77 66 66 55 55 01 BE BE BE BE BE F0 80 00 35 00 68 35 00 83 08 F0 00 00 FE 04 10 10 02 03 00 01 00 03 77 77 66 66 55 55 01 00 01 00 40 06 00 00 00 00 00 02 00 01 00 21 11 22 33 44 55 66 03 00 02 00 12 F2 16 E3 16 
14:45:06.377->>>>-发送-68 2F 00 C3 05 00 00 00 00 07 01 BE BE BE BE BE 77 77 66 66 55 55 F0 80 00 12 00 68 12 00 43 00 00 00 00 00 06 10 10 02 01 00 01 6D 16 D6 16 
14:45:06.943-<<<<-接收-68 3C 00 83 04 00 00 00 00 07 77 77 66 66 55 55 01 BE BE BE BE BE F0 80 00 1F 00 68 1F 00 83 08 F0 00 00 FE 06 10 10 02 03 00 01 00 01 77 77 66 66 55 55 01 00 01 00 40 4C 16 6D 16 
14:45:06.945->>>>-发送-68 2F 00 C3 05 00 00 00 00 09 01 BE BE BE BE BE 77 77 66 66 55 55 F0 80 00 12 00 68 12 00 43 00 00 00 00 00 08 10 10 02 01 00 03 71 16 E0 16 
14:45:07.616-<<<<-接收-68 52 00 83 04 00 00 00 00 09 77 77 66 66 55 55 01 BE BE BE BE BE F0 80 00 35 00 68 35 00 83 08 F0 00 00 FE 08 10 10 02 03 00 01 00 03 77 77 66 66 55 55 01 00 01 00 40 06 00 00 00 00 00 02 00 01 00 21 11 22 33 44 55 66 03 00 02 00 12 F6 16 EF 16 
14:45:09.254->>>>-发送-68 2F 00 C3 05 00 00 00 00 0B 01 BE BE BE BE BE 77 77 66 66 55 55 F0 80 00 12 00 68 12 00 43 00 00 00 00 00 0A 10 10 02 01 00 01 71 16 E2 16 
14:45:09.803-<<<<-接收-68 3C 00 83 04 00 00 00 00 0B 77 77 66 66 55 55 01 BE BE BE BE BE F0 80 00 1F 00 68 1F 00 83 08 F0 00 00 FE 0A 10 10 02 03 00 01 00 01 77 77 66 66 55 55 01 00 01 00 40 50 16 79 16 
14:45:09.805->>>>-发送-68 2F 00 C3 05 00 00 00 00 0D 01 BE BE BE BE BE 77 77 66 66 55 55 F0 80 00 12 00 68 12 00 43 00 00 00 00 00 0C 10 10 02 01 00 03 75 16 EC 16 
14:45:14.113-<<<<-接收-68 52 00 83 04 00 00 00 00 0D 77 77 66 66 55 55 01 BE BE BE BE BE F0 80 00 35 00 68 35 00 83 08 F0 00 00 FE 0C 10 10 02 03 00 01 00 03 77 77 66 66 55 55 01 00 01 00 40 06 00 00 00 00 00 02 00 01 00 21 11 22 33 44 55 66 03 00 02 00 12 FA 16 FB 16 
14:45:21.769->>>>-发送-68 2F 00 C3 05 00 00 00 00 0F 01 BE BE BE BE BE 77 77 66 66 55 55 F0 80 00 12 00 68 12 00 43 00 00 00 00 00 0E 10 10 02 01 00 01 75 16 EE 16 
14:45:51.418->>>>-发送-68 2F 00 C3 05 00 00 00 00 11 01 BE BE BE BE BE 77 77 66 66 55 55 F0 80 00 12 00 68 12 00 43 00 00 00 00 00 10 10 10 02 01 00 01 77 16 F4 16 
14:45:52.120-<<<<-接收-68 3C 00 83 04 00 00 00 00 11 77 77 66 66 55 55 01 BE BE BE BE BE F0 80 00 1F 00 68 1F 00 83 00 00 00 00 00 10 10 10 02 03 00 01 00 01 77 77 66 66 55 55 01 00 01 00 40 60 16 9F 16 
14:45:52.127->>>>-发送-68 2F 00 C3 05 00 00 00 00 13 01 BE BE BE BE BE 77 77 66 66 55 55 F0 80 00 12 00 68 12 00 43 00 00 00 00 00 12 10 10 02 01 00 03 7B 16 FE 16 
14:45:54.928-<<<<-接收-68 1D 00 83 0C 10 00 00 04 0F 77 77 66 66 55 55 01 BE BE BE BE BE F0 80 00 00 00 3D 16 
14:47:20.473->>>>-发送-68 10 00 43 00 00 00 00 00 14 F0 80 03 00 CA 16 
14:47:20.549-<<<<-接收-68 15 00 83 00 20 00 00 FC 14 00 01 00 00 00 00 00 02 00 B6 16 
14:47:23.337->>>>-发送-68 10 00 43 00 00 00 00 00 15 F0 80 03 01 CC 16 
14:47:23.423-<<<<-接收-68 15 00 83 00 F0 00 00 40 15 00 01 00 00 00 00 00 02 00 CB 16 
14:47:54.297->>>>-发送-68 0F 00 43 00 00 00 00 00 16 F0 20 03 6C 16 
14:47:54.382-<<<<-接收-68 17 00 C3 00 00 00 00 00 05 F0 04 03 01 77 77 66 66 55 55 01 25 16 
14:47:56.802->>>>-发送-68 10 00 43 00 00 00 00 00 17 F0 80 03 01 CE 16 
14:47:56.876-<<<<-接收-68 15 00 83 00 20 00 00 FC 17 00 01 00 00 00 00 00 02 00 B9 16 
14:49:25.416->>>>-发送-68 0F 00 43 00 00 00 00 00 00 F0 20 03 56 16 
14:49:25.502-<<<<-接收-68 17 00 C3 00 00 00 00 00 07 F0 04 03 01 77 77 66 66 55 55 01 27 16 
14:49:29.448->>>>-发送-68 10 00 43 00 00 00 00 00 01 F0 80 03 01 B8 16 
14:49:29.524-<<<<-接收-68 15 00 83 00 20 00 00 FC 01 00 01 00 00 00 00 00 02 00 A3 16 
14:49:32.982->>>>-发送-68 12 00 43 00 00 00 00 00 02 10 10 02 01 00 01 69 16 
14:49:33.057-<<<<-接收-68 10 00 83 00 00 00 00 00 02 00 02 00 04 8B 16 
14:49:33.060->>>>-发送-68 12 00 43 00 00 00 00 00 03 10 10 02 01 00 32 9B 16 
14:49:33.144-<<<<-接收-68 10 00 83 00 20 00 00 00 03 00 02 00 04 AC 16 
14:49:33.147->>>>-发送-68 12 00 43 00 00 00 00 00 04 10 10 02 33 00 32 CE 16 
14:49:33.223-<<<<-接收-68 10 00 83 00 20 00 00 FC 04 00 02 00 04 A9 16 
14:49:33.226->>>>-发送-68 12 00 43 00 00 00 00 00 05 10 10 02 65 00 32 01 16 
14:49:33.301-<<<<-接收-68 10 00 83 00 00 00 00 00 05 00 02 00 04 8E 16 
14:49:33.303->>>>-发送-68 12 00 43 00 00 00 00 00 06 10 10 02 97 00 32 34 16 
14:49:33.387-<<<<-接收-68 10 00 83 00 00 00 00 00 06 00 02 00 04 8F 16 
14:49:33.390->>>>-发送-68 12 00 43 00 00 00 00 00 07 10 10 02 C9 00 32 67 16 
14:49:33.477-<<<<-接收-68 10 00 83 00 10 00 00 00 07 00 02 00 04 A0 16 
14:49:33.480->>>>-发送-68 12 00 43 00 00 00 00 00 08 10 10 02 FB 00 32 9A 16 
14:49:33.556-<<<<-接收-68 10 00 83 00 10 00 00 00 08 00 02 00 04 A1 16 
14:49:33.559->>>>-发送-68 12 00 43 00 00 00 00 00 09 10 10 02 2D 01 32 CE 16 
14:49:33.635-<<<<-接收-68 10 00 83 00 10 00 00 00 09 00 02 00 04 A2 16 
14:49:33.638->>>>-发送-68 12 00 43 00 00 00 00 00 0A 10 10 02 5F 01 32 01 16 
14:49:33.714-<<<<-接收-68 10 00 83 00 10 00 00 00 0A 00 02 00 04 A3 16 
14:49:33.717->>>>-发送-68 12 00 43 00 00 00 00 00 0B 10 10 02 91 01 32 34 16 
14:49:33.803-<<<<-接收-68 10 00 83 00 10 00 00 00 0B 00 02 00 04 A4 16 
14:49:33.807->>>>-发送-68 12 00 43 00 00 00 00 00 0C 10 10 02 C3 01 32 67 16 
14:49:33.893-<<<<-接收-68 10 00 83 00 10 00 00 00 0C 00 02 00 04 A5 16 
14:49:33.896->>>>-发送-68 12 00 43 00 00 00 00 00 0D 10 10 02 F5 01 32 9A 16 
14:49:33.974-<<<<-接收-68 10 00 83 00 10 00 00 00 0D 00 02 00 04 A6 16 
14:49:33.977->>>>-发送-68 12 00 43 00 00 00 00 00 0E 10 10 02 27 02 32 CE 16 
14:49:34.053-<<<<-接收-68 10 00 83 00 10 00 00 00 0E 00 02 00 04 A7 16 
14:49:34.056->>>>-发送-68 12 00 43 00 00 00 00 00 0F 10 10 02 59 02 32 01 16 
14:49:34.132-<<<<-接收-68 10 00 83 00 10 00 00 00 0F 00 02 00 04 A8 16 
14:49:34.135->>>>-发送-68 12 00 43 00 00 00 00 00 10 10 10 02 8B 02 32 34 16 
14:49:34.213-<<<<-接收-68 10 00 83 00 10 00 00 00 10 00 02 00 04 A9 16 
14:49:34.216->>>>-发送-68 12 00 43 00 00 00 00 00 11 10 10 02 BD 02 32 67 16 
14:49:34.291-<<<<-接收-68 10 00 83 00 10 00 00 00 11 00 02 00 04 AA 16 
14:49:34.295->>>>-发送-68 12 00 43 00 00 00 00 00 12 10 10 02 EF 02 32 9A 16 
14:49:34.370-<<<<-接收-68 10 00 83 00 10 00 00 00 12 00 02 00 04 AB 16 
14:49:34.374->>>>-发送-68 12 00 43 00 00 00 00 00 13 10 10 02 21 03 32 CE 16 
14:49:34.452-<<<<-接收-68 10 00 83 00 10 00 00 00 13 00 02 00 04 AC 16 
14:49:34.455->>>>-发送-68 12 00 43 00 00 00 00 00 14 10 10 02 53 03 32 01 16 
14:49:34.531-<<<<-接收-68 10 00 83 00 10 00 00 00 14 00 02 00 04 AD 16 
14:49:34.534->>>>-发送-68 12 00 43 00 00 00 00 00 15 10 10 02 85 03 32 34 16 
14:49:34.612-<<<<-接收-68 10 00 83 00 10 00 00 00 15 00 02 00 04 AE 16 
14:49:34.616->>>>-发送-68 12 00 43 00 00 00 00 00 16 10 10 02 B7 03 32 67 16 
14:49:34.691-<<<<-接收-68 10 00 83 00 10 00 00 00 16 00 02 00 04 AF 16 
14:49:34.694->>>>-发送-68 12 00 43 00 00 00 00 00 17 10 10 02 E9 03 32 9A 16 
14:49:34.770-<<<<-接收-68 10 00 83 00 10 00 00 00 17 00 02 00 04 B0 16 
14:49:34.774->>>>-发送-68 12 00 43 00 00 00 00 00 18 10 10 02 1B 04 32 CE 16 
14:49:34.850-<<<<-接收-68 10 00 83 00 10 00 00 00 18 00 02 00 04 B1 16 
14:49:34.853->>>>-发送-68 12 00 43 00 00 00 00 00 19 10 10 02 4D 04 32 01 16 
14:49:34.929-<<<<-接收-68 10 00 83 00 10 00 00 00 19 00 02 00 04 B2 16 
14:51:13.936->>>>-发送-68 0F 00 43 00 00 00 00 00 00 F0 20 03 56 16 
14:51:14.024-<<<<-接收-68 17 00 C3 00 00 00 00 00 21 F0 04 03 01 77 77 66 66 55 55 01 41 16 
14:51:16.376->>>>-发送-68 10 00 43 00 00 00 00 00 01 F0 80 03 01 B8 16 
14:51:16.453-<<<<-接收-68 15 00 83 00 20 00 00 FC 01 00 01 00 00 00 00 00 02 00 A3 16 
14:51:23.931->>>>-发送-68 2F 00 C3 05 00 00 00 00 03 01 BE BE BE BE BE 77 77 66 66 55 55 F0 80 00 12 00 68 12 00 43 00 00 00 00 00 02 10 10 02 01 00 01 69 16 CA 16 
14:52:24.253->>>>-发送-68 2F 00 C3 05 00 00 00 00 05 01 BE BE BE BE BE 77 77 66 66 55 55 F0 80 00 12 00 68 12 00 43 00 00 00 00 00 04 10 10 02 01 00 01 6B 16 D0 16 
14:52:27.507-<<<<-接收-68 3C 00 83 04 00 00 00 00 05 77 77 66 66 55 55 01 BE BE BE BE BE F0 80 00 1F 00 68 1F 00 83 00 00 00 00 00 04 10 10 02 03 00 01 00 01 77 77 66 66 55 55 01 00 01 00 40 54 16 7B 16 
14:52:27.509->>>>-发送-68 2F 00 C3 05 00 00 00 00 07 01 BE BE BE BE BE 77 77 66 66 55 55 F0 80 00 12 00 68 12 00 43 00 00 00 00 00 06 10 10 02 01 00 03 6F 16 DA 16 
14:55:55.216->>>>-发送-68 0F 00 43 00 00 00 00 00 08 F0 20 03 5E 16 
14:55:55.292-<<<<-接收-68 17 00 C3 00 00 00 00 00 23 F0 04 03 01 77 77 66 66 55 55 01 43 16 
14:55:56.840->>>>-发送-68 10 00 43 00 00 00 00 00 09 F0 80 03 01 C0 16 
14:55:56.925-<<<<-接收-68 15 00 83 00 20 00 00 FC 09 00 01 00 00 00 00 00 02 00 AB 16 
14:57:19.071->>>>-发送-68 0F 00 43 00 00 00 00 00 00 F0 20 03 56 16 
14:57:19.159-<<<<-接收-68 17 00 C3 00 00 00 00 00 25 F0 04 03 01 77 77 66 66 55 55 01 45 16 
14:57:26.055->>>>-发送-68 10 00 43 00 00 00 00 00 01 F0 80 03 01 B8 16 
14:57:26.142-<<<<-接收-68 15 00 83 00 20 00 00 FC 01 00 01 00 00 00 00 00 02 00 A3 16 
14:57:30.715->>>>-发送-68 2F 00 C3 05 00 00 00 00 03 01 BE BE BE BE BE 77 77 66 66 55 55 F0 80 00 12 00 68 12 00 43 00 00 00 00 00 02 10 10 02 01 00 01 69 16 CA 16 
14:57:31.850-<<<<-接收-68 3C 00 83 04 00 00 00 00 03 77 77 66 66 55 55 01 BE BE BE BE BE F0 80 00 1F 00 68 1F 00 83 00 00 00 00 00 02 10 10 02 03 00 01 00 01 77 77 66 66 55 55 01 00 01 00 40 52 16 75 16 
14:57:31.853->>>>-发送-68 2F 00 C3 05 00 00 00 00 05 01 BE BE BE BE BE 77 77 66 66 55 55 F0 80 00 12 00 68 12 00 43 00 00 00 00 00 04 10 10 02 01 00 03 6D 16 D4 16 
14:57:32.727-<<<<-接收-68 52 00 83 04 00 00 00 00 05 77 77 66 66 55 55 01 BE BE BE BE BE F0 80 00 35 00 68 35 00 83 00 00 00 00 00 04 10 10 02 03 00 01 00 03 77 77 66 66 55 55 01 00 01 00 40 06 00 00 00 00 00 02 00 01 00 21 11 22 33 44 55 66 03 00 02 00 12 FC 16 F7 16 
14:57:45.206->>>>-发送-68 2F 00 C3 05 00 00 00 00 07 01 BE BE BE BE BE 77 77 66 66 55 55 F0 80 00 12 00 68 12 00 43 00 00 00 00 00 06 10 10 02 01 00 01 6D 16 D6 16 
14:57:49.154-<<<<-接收-68 3C 00 83 04 00 00 00 00 07 77 77 66 66 55 55 01 BE BE BE BE BE F0 80 00 1F 00 68 1F 00 83 00 00 00 00 00 06 10 10 02 03 00 01 00 01 77 77 66 66 55 55 01 00 01 00 40 56 16 81 16 
14:57:49.159->>>>-发送-68 2F 00 C3 05 00 00 00 00 09 01 BE BE BE BE BE 77 77 66 66 55 55 F0 80 00 12 00 68 12 00 43 00 00 00 00 00 08 10 10 02 01 00 03 71 16 E0 16 
14:57:49.830-<<<<-接收-68 52 00 83 04 00 00 00 00 09 77 77 66 66 55 55 01 BE BE BE BE BE F0 80 00 35 00 68 35 00 83 00 00 00 00 00 08 10 10 02 03 00 01 00 03 77 77 66 66 55 55 01 00 01 00 40 06 00 00 00 00 00 02 00 01 00 21 11 22 33 44 55 66 03 00 02 00 12 00 16 03 16 
14:57:59.091->>>>-发送-68 2F 00 C3 05 00 00 00 00 0B 01 BE BE BE BE BE 77 77 66 66 55 55 F0 80 00 12 00 68 12 00 43 00 00 00 00 00 0A 10 10 02 01 00 01 71 16 E2 16 
14:58:02.283-<<<<-接收-68 3C 00 83 04 00 00 00 00 0B 77 77 66 66 55 55 01 BE BE BE BE BE F0 80 00 1F 00 68 1F 00 83 00 00 00 00 00 0A 10 10 02 03 00 01 00 01 77 77 66 66 55 55 01 00 01 00 40 5A 16 8D 16 
14:58:02.286->>>>-发送-68 2F 00 C3 05 00 00 00 00 0D 01 BE BE BE BE BE 77 77 66 66 55 55 F0 80 00 12 00 68 12 00 43 00 00 00 00 00 0C 10 10 02 01 00 03 75 16 EC 16 
14:58:02.907-<<<<-接收-68 52 00 83 04 00 00 00 00 0D 77 77 66 66 55 55 01 BE BE BE BE BE F0 80 00 35 00 68 35 00 83 00 00 00 00 00 0C 10 10 02 03 00 01 00 03 77 77 66 66 55 55 01 00 01 00 40 06 00 00 00 00 00 02 00 01 00 21 11 22 33 44 55 66 03 00 02 00 12 04 16 0F 16 
14:58:18.784->>>>-发送-68 2F 00 C3 05 00 00 00 00 0F 01 BE BE BE BE BE 77 77 66 66 55 55 F0 80 00 12 00 68 12 00 43 00 00 00 00 00 0E 10 10 02 01 00 01 75 16 EE 16 
14:58:21.230-<<<<-接收-68 3C 00 83 04 00 00 00 00 0F 77 77 66 66 55 55 01 BE BE BE BE BE F0 80 00 1F 00 68 1F 00 83 00 00 00 00 00 0E 10 10 02 03 00 01 00 01 77 77 66 66 55 55 01 00 01 00 40 5E 16 99 16 
14:58:21.232->>>>-发送-68 2F 00 C3 05 00 00 00 00 11 01 BE BE BE BE BE 77 77 66 66 55 55 F0 80 00 12 00 68 12 00 43 00 00 00 00 00 10 10 10 02 01 00 03 79 16 F8 16 
14:58:21.863-<<<<-接收-68 52 00 83 04 00 00 00 00 11 77 77 66 66 55 55 01 BE BE BE BE BE F0 80 00 35 00 68 35 00 83 00 00 00 00 00 10 10 10 02 03 00 01 00 03 77 77 66 66 55 55 01 00 01 00 40 06 00 00 00 00 00 02 00 01 00 21 11 22 33 44 55 66 03 00 02 00 12 08 16 1B 16 
14:58:47.366->>>>-发送-68 2F 00 C3 05 00 00 00 00 13 01 BE BE BE BE BE 77 77 66 66 55 55 F0 80 00 12 00 68 12 00 43 00 00 00 00 00 12 10 10 02 01 00 01 79 16 FA 16 
14:59:08.144->>>>-发送-68 2F 00 C3 05 00 00 00 00 15 01 BE BE BE BE BE 77 77 66 66 55 55 F0 80 00 12 00 68 12 00 43 00 00 00 00 00 14 10 10 02 01 00 01 7B 16 00 16 
14:59:09.004-<<<<-接收-00 
14:59:52.524->>>>-发送-68 2F 00 C3 05 00 00 00 00 17 01 BE BE BE BE BE 77 77 66 66 55 55 F0 80 00 12 00 68 12 00 43 00 00 00 00 00 16 10 10 02 01 00 01 7D 16 06 16 
15:00:46.026->>>>-发送-68 2F 00 C3 05 00 00 00 00 19 01 BE BE BE BE BE 77 77 66 66 55 55 F0 80 00 12 00 68 12 00 43 00 00 00 00 00 18 10 10 02 01 00 01 7F 16 0C 16 
15:00:46.527-<<<<-接收-68 3C 00 83 04 00 00 00 00 19 77 77 66 66 55 55 01 BE BE BE BE BE F0 80 00 1F 00 68 1F 00 83 00 00 00 00 00 18 10 10 02 03 00 01 00 01 77 77 66 66 55 55 01 00 01 00 40 68 16 B7 16 
15:00:46.530->>>>-发送-68 2F 00 C3 05 00 00 00 00 1B 01 BE BE BE BE BE 77 77 66 66 55 55 F0 80 00 12 00 68 12 00 43 00 00 00 00 00 1A 10 10 02 01 00 03 83 16 16 16 
15:11:55.497->>>>-发送-68 0F 00 43 00 00 00 00 00 1C F0 20 03 72 16 
15:11:55.587-<<<<-接收-68 17 00 C3 00 00 00 00 00 01 F0 04 03 01 77 77 66 66 55 55 01 21 16 
15:11:57.080->>>>-发送-68 10 00 43 00 00 00 00 00 1D F0 80 03 01 D4 16 
15:11:57.165-<<<<-接收-68 15 00 83 00 20 00 00 FC 1D 00 01 00 00 00 00 00 02 00 BF 16 
15:17:05.122->>>>-发送-68 0F 00 43 00 00 00 00 00 00 F0 20 03 56 16 
15:17:05.207-<<<<-接收-68 17 00 C3 00 00 00 00 00 03 F0 04 03 01 77 77 66 66 55 55 01 23 16 
15:17:07.376->>>>-发送-68 10 00 43 00 00 00 00 00 01 F0 80 03 01 B8 16 
15:17:07.461-<<<<-接收-68 15 00 83 00 20 00 00 FC 01 00 01 00 00 00 00 00 02 00 A3 16 
15:17:11.068->>>>-发送-68 12 00 43 00 00 00 00 00 02 10 10 02 01 00 01 69 16 
15:17:11.134-<<<<-接收-68 10 00 83 00 00 00 00 00 02 00 02 00 04 8B 16 
15:18:02.185->>>>-发送-68 0F 00 43 00 00 00 00 00 00 F0 20 03 56 16 
15:18:02.270-<<<<-接收-68 17 00 C3 00 00 00 00 00 06 F0 04 03 01 77 77 66 66 55 55 01 26 16 
15:18:03.968->>>>-发送-68 10 00 43 00 00 00 00 00 01 F0 80 03 01 B8 16 
15:18:04.045-<<<<-接收-68 15 00 83 00 20 00 00 FC 01 00 01 00 00 00 00 00 02 00 A3 16 
15:18:08.390->>>>-发送-68 2F 00 C3 05 00 00 00 00 03 01 BE BE BE BE BE 77 77 66 66 55 55 F0 80 00 12 00 68 12 00 43 00 00 00 00 00 02 10 10 02 01 00 01 69 16 CA 16 
15:18:13.556-<<<<-接收-68 1D 00 83 0C 10 00 00 04 03 77 77 66 66 55 55 01 BE BE BE BE BE F0 80 00 00 00 31 16 
15:29:39.888->>>>-发送-68 12 00 43 00 00 00 00 00 00 10 10 02 01 00 01 67 16 
15:29:39.974-<<<<-接收-68 10 00 83 00 00 00 00 00 00 00 02 00 04 89 16 
15:32:30.250->>>>-发送-68 0F 00 43 00 00 00 00 00 00 F0 20 03 56 16 
15:32:30.325-<<<<-接收-68 17 00 C3 00 00 00 00 00 09 F0 04 03 01 77 77 66 66 55 55 01 29 16 
15:32:31.656->>>>-发送-68 10 00 43 00 00 00 00 00 01 F0 80 03 01 B8 16 
15:32:31.731-<<<<-接收-68 15 00 83 00 20 00 00 FC 01 00 01 00 00 00 00 00 02 00 A3 16 
15:32:40.645->>>>-发送-68 2F 00 C3 05 00 00 00 00 03 01 BE BE BE BE BE 77 77 66 66 55 55 F0 80 00 12 00 68 12 00 43 00 00 00 00 00 02 10 10 02 01 00 01 69 16 CA 16 
15:33:19.120->>>>-发送-68 2F 00 C3 05 00 00 00 00 05 01 BE BE BE BE BE 77 77 66 66 55 55 F0 80 00 12 00 68 12 00 43 00 00 00 00 00 04 10 10 02 01 00 01 6B 16 D0 16 
15:33:19.488-<<<<-接收-68 3C 00 83 04 00 00 00 00 05 77 77 66 66 55 55 01 BE BE BE BE BE F0 80 00 1F 00 68 1F 00 83 08 F0 00 00 FE 04 10 10 02 03 00 01 00 01 77 77 66 66 55 55 01 00 01 00 40 4A 16 67 16 
15:33:19.491->>>>-发送-68 2F 00 C3 05 00 00 00 00 07 01 BE BE BE BE BE 77 77 66 66 55 55 F0 80 00 12 00 68 12 00 43 00 00 00 00 00 06 10 10 02 01 00 03 6F 16 DA 16 
15:35:12.910->>>>-发送-68 12 00 43 00 00 00 00 00 00 10 10 02 01 00 01 67 16 
15:35:13.070-<<<<-接收-68 1F 00 83 00 00 00 00 00 00 10 10 02 03 00 01 00 01 77 77 66 66 55 55 01 00 01 00 40 50 16 
15:35:13.074->>>>-发送-68 12 00 43 00 00 00 00 00 01 10 10 02 01 00 03 6A 16 
15:35:13.235-<<<<-接收-68 35 00 83 00 00 00 00 00 01 10 10 02 03 00 01 00 03 77 77 66 66 55 55 01 00 01 00 40 06 00 00 00 00 00 02 00 01 00 11 11 22 33 44 55 66 03 00 01 00 11 E7 16 
15:35:15.696->>>>-发送-68 12 00 43 00 00 00 00 00 02 10 10 02 01 00 01 69 16 
15:35:15.835-<<<<-接收-68 1F 00 83 00 00 00 00 00 02 10 10 02 03 00 01 00 01 77 77 66 66 55 55 01 00 01 00 40 52 16 
15:35:15.838->>>>-发送-68 12 00 43 00 00 00 00 00 03 10 10 02 01 00 03 6C 16 
15:35:15.997-<<<<-接收-68 35 00 83 00 00 00 00 00 03 10 10 02 03 00 01 00 03 77 77 66 66 55 55 01 00 01 00 40 06 00 00 00 00 00 02 00 01 00 11 11 22 33 44 55 66 03 00 01 00 11 E9 16 
15:35:20.452->>>>-发送-68 12 00 43 00 00 00 00 00 04 10 10 02 01 00 01 6B 16 
15:35:20.645-<<<<-接收-68 1F 00 83 00 00 00 00 00 04 10 10 02 03 00 01 00 01 77 77 66 66 55 55 01 00 01 00 40 54 16 
15:35:20.648->>>>-发送-68 12 00 43 00 00 00 00 00 05 10 10 02 01 00 03 6E 16 
15:35:20.819-<<<<-接收-68 35 00 83 00 00 00 00 00 05 10 10 02 03 00 01 00 03 77 77 66 66 55 55 01 00 01 00 40 06 00 00 00 00 00 02 00 01 00 11 11 22 33 44 55 66 03 00 01 00 11 EB 16 
15:35:22.066->>>>-发送-68 12 00 43 00 00 00 00 00 06 10 10 02 01 00 01 6D 16 
15:35:22.198-<<<<-接收-68 1F 00 83 00 00 00 00 00 06 10 10 02 03 00 01 00 01 77 77 66 66 55 55 01 00 01 00 40 56 16 
15:35:22.202->>>>-发送-68 12 00 43 00 00 00 00 00 07 10 10 02 01 00 03 70 16 
15:35:22.404-<<<<-接收-68 35 00 83 00 00 00 00 00 07 10 10 02 03 00 01 00 03 77 77 66 66 55 55 01 00 01 00 40 06 00 00 00 00 00 02 00 01 00 11 11 22 33 44 55 66 03 00 01 00 11 ED 16 
15:35:23.250->>>>-发送-68 12 00 43 00 00 00 00 00 08 10 10 02 01 00 01 6F 16 
15:35:23.380-<<<<-接收-68 1F 00 83 00 00 00 00 00 08 10 10 02 03 00 01 00 01 77 77 66 66 55 55 01 00 01 00 40 58 16 
15:35:23.383->>>>-发送-68 12 00 43 00 00 00 00 00 09 10 10 02 01 00 03 72 16 
15:35:23.531-<<<<-接收-68 35 00 83 00 00 00 00 00 09 10 10 02 03 00 01 00 03 77 77 66 66 55 55 01 00 01 00 40 06 00 00 00 00 00 02 00 01 00 11 11 22 33 44 55 66 03 00 01 00 11 EF 16 
15:35:24.580->>>>-发送-68 12 00 43 00 00 00 00 00 0A 10 10 02 01 00 01 71 16 
15:35:24.708-<<<<-接收-68 1F 00 83 00 00 00 00 00 0A 10 10 02 03 00 01 00 01 77 77 66 66 55 55 01 00 01 00 40 5A 16 
15:35:24.711->>>>-发送-68 12 00 43 00 00 00 00 00 0B 10 10 02 01 00 03 74 16 
15:35:24.932-<<<<-接收-68 35 00 83 00 00 00 00 00 0B 10 10 02 03 00 01 00 03 77 77 66 66 55 55 01 00 01 00 40 06 00 00 00 00 00 02 00 01 00 11 11 22 33 44 55 66 03 00 01 00 11 F1 16 
15:35:26.775->>>>-发送-68 12 00 43 00 00 00 00 00 0C 10 10 02 01 00 01 73 16 
15:35:26.914-<<<<-接收-68 1F 00 83 00 00 00 00 00 0C 10 10 02 03 00 01 00 01 77 77 66 66 55 55 01 00 01 00 40 5C 16 
15:35:26.917->>>>-发送-68 12 00 43 00 00 00 00 00 0D 10 10 02 01 00 03 76 16 
15:35:27.076-<<<<-接收-68 35 00 83 00 00 00 00 00 0D 10 10 02 03 00 01 00 03 77 77 66 66 55 55 01 00 01 00 40 06 00 00 00 00 00 02 00 01 00 11 11 22 33 44 55 66 03 00 01 00 11 F3 16 
15:35:32.529->>>>-发送-68 12 00 43 00 00 00 00 00 0E 10 10 02 01 00 01 75 16 
15:35:32.703-<<<<-接收-68 1F 00 83 00 00 00 00 00 0E 10 10 02 03 00 01 00 01 77 77 66 66 55 55 01 00 01 00 40 5E 16 
15:35:32.706->>>>-发送-68 12 00 43 00 00 00 00 00 0F 10 10 02 01 00 03 78 16 
15:35:32.872-<<<<-接收-68 35 00 83 00 00 00 00 00 0F 10 10 02 03 00 01 00 03 77 77 66 66 55 55 01 00 01 00 40 06 00 00 00 00 00 02 00 01 00 11 11 22 33 44 55 66 03 00 01 00 11 F5 16 
15:35:37.520->>>>-发送-68 12 00 43 00 00 00 00 00 10 10 10 02 01 00 01 77 16 
15:35:37.657-<<<<-接收-68 1F 00 83 00 00 00 00 00 10 10 10 02 03 00 01 00 01 77 77 66 66 55 55 01 00 01 00 40 60 16 
15:35:37.661->>>>-发送-68 12 00 43 00 00 00 00 00 11 10 10 02 01 00 03 7A 16 
15:35:37.875-<<<<-接收-68 35 00 83 00 00 00 00 00 11 10 10 02 03 00 01 00 03 77 77 66 66 55 55 01 00 01 00 40 06 00 00 00 00 00 02 00 01 00 11 11 22 33 44 55 66 03 00 01 00 11 F7 16 
15:35:47.305->>>>-发送-68 0F 00 43 00 00 00 00 00 12 F0 20 03 68 16 
15:35:47.391-<<<<-接收-68 17 00 C3 00 00 00 00 00 0B F0 04 03 01 77 77 66 66 55 55 01 2B 16 
15:35:49.016->>>>-发送-68 10 00 43 00 00 00 00 00 13 F0 80 03 01 CA 16 
15:35:49.102-<<<<-接收-68 15 00 83 00 20 00 00 FC 13 00 01 00 00 00 00 00 02 00 B5 16 
15:35:55.582->>>>-发送-68 2F 00 C3 05 00 00 00 00 15 01 BE BE BE BE BE 77 77 66 66 55 55 F0 80 00 12 00 68 12 00 43 00 00 00 00 00 14 10 10 02 01 00 01 7B 16 00 16 
15:35:57.657-<<<<-接收-68 3C 00 83 04 00 00 00 00 15 77 77 66 66 55 55 01 BE BE BE BE BE F0 80 00 1F 00 68 1F 00 83 00 00 00 00 00 14 10 10 02 03 00 01 00 01 77 77 66 66 55 55 01 00 01 00 40 64 16 AB 16 
15:35:57.661->>>>-发送-68 2F 00 C3 05 00 00 00 00 17 01 BE BE BE BE BE 77 77 66 66 55 55 F0 80 00 12 00 68 12 00 43 00 00 00 00 00 16 10 10 02 01 00 03 7F 16 0A 16 
15:35:58.283-<<<<-接收-68 52 00 83 04 00 00 00 00 17 77 77 66 66 55 55 01 BE BE BE BE BE F0 80 00 35 00 68 35 00 83 00 00 00 00 00 16 10 10 02 03 00 01 00 03 77 77 66 66 55 55 01 00 01 00 40 06 00 00 00 00 00 02 00 01 00 11 11 22 33 44 55 66 03 00 01 00 11 FC 16 09 16 
15:36:40.836->>>>-发送-68 2F 00 C3 05 00 00 00 00 19 01 BE BE BE BE BE 77 77 66 66 55 55 F0 80 00 12 00 68 12 00 43 00 00 00 00 00 18 10 10 02 01 00 01 7F 16 0C 16 
15:36:41.233-<<<<-接收-68 3C 00 83 04 00 00 00 00 19 77 77 66 66 55 55 01 BE BE BE BE BE F0 80 00 1F 00 68 1F 00 83 00 00 00 00 00 18 10 10 02 03 00 01 00 01 77 77 66 66 55 55 01 00 01 00 40 68 16 B7 16 
15:36:41.236->>>>-发送-68 2F 00 C3 05 00 00 00 00 1B 01 BE BE BE BE BE 77 77 66 66 55 55 F0 80 00 12 00 68 12 00 43 00 00 00 00 00 1A 10 10 02 01 00 03 83 16 16 16 
15:36:41.869-<<<<-接收-68 52 00 83 04 00 00 00 00 1B 77 77 66 66 55 55 01 BE BE BE BE BE F0 80 00 35 00 68 35 00 83 00 00 00 00 00 1A 10 10 02 03 00 01 00 03 77 77 66 66 55 55 01 00 01 00 40 06 00 00 00 00 00 02 00 01 00 11 11 22 33 44 55 66 03 00 01 00 11 00 16 15 16 
15:37:07.988->>>>-发送-68 2F 00 C3 05 00 00 00 00 1D 01 BE BE BE BE BE 77 77 66 66 55 55 F0 80 00 12 00 68 12 00 43 00 00 00 00 00 1C 10 10 02 01 00 01 83 16 18 16 
15:37:08.495-<<<<-接收-68 3C 00 83 04 00 00 00 00 1D 77 77 66 66 55 55 01 BE BE BE BE BE F0 80 00 1F 00 68 1F 00 83 00 00 00 00 00 1C 10 10 02 03 00 01 00 01 77 77 66 66 55 55 01 00 01 00 40 6C 16 C3 16 
15:37:08.502->>>>-发送-68 2F 00 C3 05 00 00 00 00 1F 01 BE BE BE BE BE 77 77 66 66 55 55 F0 80 00 12 00 68 12 00 43 00 00 00 00 00 1E 10 10 02 01 00 03 87 16 22 16 
15:40:23.722->>>>-发送-68 0F 00 43 00 00 00 00 00 00 F0 20 03 56 16 
15:40:23.797-<<<<-接收-68 17 00 C3 00 00 00 00 00 0D F0 04 03 01 77 77 66 66 55 55 01 2D 16 
15:40:25.256->>>>-发送-68 10 00 43 00 00 00 00 00 01 F0 80 03 01 B8 16 
15:40:25.331-<<<<-接收-68 15 00 83 00 20 00 00 FC 01 00 01 00 00 00 00 00 02 00 A3 16 
15:40:30.821->>>>-发送-68 2F 00 C3 05 00 00 00 00 03 01 BE BE BE BE BE 77 77 66 66 55 55 F0 80 00 12 00 68 12 00 43 00 00 00 00 00 02 10 10 02 01 00 01 69 16 CA 16 
15:40:31.530-<<<<-接收-68 3C 00 83 04 00 00 00 00 03 77 77 66 66 55 55 01 BE BE BE BE BE F0 80 00 1F 00 68 1F 00 83 00 00 00 00 00 02 10 10 02 03 00 01 00 01 77 77 66 66 55 55 01 00 01 00 40 52 16 75 16 
15:40:31.532->>>>-发送-68 2F 00 C3 05 00 00 00 00 05 01 BE BE BE BE BE 77 77 66 66 55 55 F0 80 00 12 00 68 12 00 43 00 00 00 00 00 04 10 10 02 01 00 03 6D 16 D4 16 
15:40:33.441-<<<<-接收-68 52 00 83 04 00 00 00 00 05 77 77 66 66 55 55 01 BE BE BE BE BE F0 80 00 35 00 68 35 00 83 00 00 00 00 00 04 10 10 02 03 00 01 00 03 77 77 66 66 55 55 01 00 01 00 40 06 00 00 00 00 00 02 00 01 00 11 11 22 33 44 55 66 03 00 01 00 11 EA 16 D3 16 
15:41:03.360->>>>-发送-68 2F 00 C3 05 00 00 00 00 07 01 BE BE BE BE BE 77 77 66 66 55 55 F0 80 00 12 00 68 12 00 43 00 00 00 00 00 06 10 10 02 01 00 01 6D 16 D6 16 
15:41:05.485-<<<<-接收-68 3C 00 83 04 00 00 00 00 07 77 77 66 66 55 55 01 BE BE BE BE BE F0 80 00 1F 00 68 1F 00 83 00 00 00 00 00 06 10 10 02 03 00 01 00 01 77 77 66 66 55 55 01 00 01 00 40 56 16 81 16 
15:41:05.488->>>>-发送-68 2F 00 C3 05 00 00 00 00 09 01 BE BE BE BE BE 77 77 66 66 55 55 F0 80 00 12 00 68 12 00 43 00 00 00 00 00 08 10 10 02 01 00 03 71 16 E0 16 
15:41:06.172-<<<<-接收-68 52 00 83 04 00 00 00 00 09 77 77 66 66 55 55 01 BE BE BE BE BE F0 80 00 35 00 68 35 00 83 00 00 00 00 00 08 10 10 02 03 00 01 00 03 77 77 66 66 55 55 01 00 01 00 40 06 00 00 00 00 00 02 00 01 00 11 11 22 33 44 55 66 03 00 01 00 11 EE 16 DF 16 
15:42:02.537->>>>-发送-68 2F 00 C3 05 00 00 00 00 0B 01 BE BE BE BE BE 77 77 66 66 55 55 F0 80 00 12 00 68 12 00 43 00 00 00 00 00 0A 10 10 02 01 00 32 A2 16 44 16 
15:42:13.291->>>>-发送-68 2F 00 C3 05 00 00 00 00 0D 01 BE BE BE BE BE 77 77 66 66 55 55 F0 80 00 12 00 68 12 00 43 00 00 00 00 00 0C 10 10 02 01 00 32 A4 16 4A 16 
15:42:13.802-<<<<-接收-68 52 00 83 04 00 00 00 00 0D 77 77 66 66 55 55 01 BE BE BE BE BE F0 80 00 35 00 68 35 00 83 00 00 00 00 00 0C 10 10 02 03 00 01 00 03 77 77 66 66 55 55 01 00 01 00 40 06 00 00 00 00 00 02 00 01 00 11 11 22 33 44 55 66 03 00 01 00 11 F2 16 EB 16 
15:42:28.225->>>>-发送-68 31 00 C3 05 00 00 00 00 0E 01 BE BE BE BE BE 06 00 00 00 00 00 02 01 00 02 14 FE FE FE FE 68 AA AA AA AA AA AA 68 11 04 33 33 34 33 AE 16 16 16 
15:42:33.381-<<<<-接收-68 1D 00 83 04 20 00 00 FE 0E 06 00 00 00 00 00 01 BE BE BE BE BE 02 01 00 02 00 75 16 
15:42:48.086->>>>-发送-68 2F 00 C3 05 00 00 00 00 10 01 BE BE BE BE BE 77 77 66 66 55 55 F0 80 00 12 00 68 12 00 43 00 00 00 00 00 0F 10 10 02 01 00 01 76 16 F1 16 
15:42:49.783-<<<<-接收-68 3C 00 83 04 00 00 00 00 10 77 77 66 66 55 55 01 BE BE BE BE BE F0 80 00 1F 00 68 1F 00 83 00 00 00 00 00 0F 10 10 02 03 00 01 00 01 77 77 66 66 55 55 01 00 01 00 40 5F 16 9C 16 
15:42:49.786->>>>-发送-68 2F 00 C3 05 00 00 00 00 12 01 BE BE BE BE BE 77 77 66 66 55 55 F0 80 00 12 00 68 12 00 43 00 00 00 00 00 11 10 10 02 01 00 03 7A 16 FB 16 
15:42:50.308-<<<<-接收-68 52 00 83 04 00 00 00 00 12 77 77 66 66 55 55 01 BE BE BE BE BE F0 80 00 35 00 68 35 00 83 00 00 00 00 00 11 10 10 02 03 00 01 00 03 77 77 66 66 55 55 01 00 01 00 40 06 00 00 00 00 00 02 00 01 00 11 11 22 33 44 55 66 03 00 01 00 11 F7 16 FA 16 
15:50:27.178->>>>-发送-68 0F 00 43 00 00 00 00 00 00 F0 20 03 56 16 
15:50:27.264-<<<<-接收-68 17 00 C3 00 00 00 00 00 0F F0 04 03 01 77 77 66 66 55 55 01 2F 16 
15:50:29.216->>>>-发送-68 10 00 43 00 00 00 00 00 01 F0 80 03 01 B8 16 
15:50:29.291-<<<<-接收-68 15 00 83 00 20 00 00 FC 01 00 01 00 00 00 00 00 02 00 A3 16 
15:50:36.937->>>>-发送-68 10 00 43 00 00 00 00 00 02 F0 80 03 00 B8 16 
15:50:37.023-<<<<-接收-68 15 00 83 00 20 00 00 FC 02 00 01 00 00 00 00 00 02 00 A4 16 
15:50:37.904->>>>-发送-68 10 00 43 00 00 00 00 00 03 F0 80 03 01 BA 16 
15:50:37.980-<<<<-接收-68 15 00 83 00 00 00 00 00 03 00 01 00 00 00 00 00 02 00 89 16 
15:50:38.792->>>>-发送-68 10 00 43 00 00 00 00 00 04 F0 80 03 00 BA 16 
15:50:38.880-<<<<-接收-68 15 00 83 00 20 00 00 FC 04 00 01 00 00 00 00 00 02 00 A6 16 
15:50:39.567->>>>-发送-68 10 00 43 00 00 00 00 00 05 F0 80 03 01 BC 16 
15:50:39.644-<<<<-接收-68 15 00 83 00 20 00 00 FC 05 00 01 00 00 00 00 00 02 00 A7 16 
15:50:40.416->>>>-发送-68 10 00 43 00 00 00 00 00 06 F0 80 03 00 BC 16 
15:50:40.492-<<<<-接收-68 15 00 83 00 20 00 00 00 06 00 01 00 00 00 00 00 02 00 AC 16 
15:50:41.225->>>>-发送-68 10 00 43 00 00 00 00 00 07 F0 80 03 01 BE 16 
15:50:41.289-<<<<-接收-68 15 00 83 00 20 00 00 00 07 00 01 00 00 00 00 00 02 00 AD 16 
15:50:41.977->>>>-发送-68 10 00 43 00 00 00 00 00 08 F0 80 03 00 BE 16 
15:50:42.062-<<<<-接收-68 15 00 83 00 20 00 00 00 08 00 01 00 00 00 00 00 02 00 AE 16 
15:50:42.600->>>>-发送-68 10 00 43 00 00 00 00 00 09 F0 80 03 01 C0 16 
15:50:42.666-<<<<-接收-68 15 00 83 00 20 00 00 00 09 00 01 00 00 00 00 00 02 00 AF 16 
15:50:43.136->>>>-发送-68 10 00 43 00 00 00 00 00 0A F0 80 03 00 C0 16 
15:50:43.211-<<<<-接收-68 15 00 83 00 20 00 00 00 0A 00 01 00 00 00 00 00 02 00 B0 16 
15:50:43.648->>>>-发送-68 10 00 43 00 00 00 00 00 0B F0 80 03 01 C2 16 
15:50:43.733-<<<<-接收-68 15 00 83 00 20 00 00 00 0B 00 01 00 00 00 00 00 02 00 B1 16 
15:50:44.136->>>>-发送-68 10 00 43 00 00 00 00 00 0C F0 80 03 00 C2 16 
15:50:44.224-<<<<-接收-68 15 00 83 00 20 00 00 00 0C 00 01 00 00 00 00 00 02 00 B2 16 
15:50:44.625->>>>-发送-68 10 00 43 00 00 00 00 00 0D F0 80 03 01 C4 16 
15:50:44.700-<<<<-接收-68 15 00 83 00 20 00 00 00 0D 00 01 00 00 00 00 00 02 00 B3 16 
15:50:45.104->>>>-发送-68 10 00 43 00 00 00 00 00 0E F0 80 03 00 C4 16 
15:50:45.191-<<<<-接收-68 15 00 83 00 20 00 00 00 0E 00 01 00 00 00 00 00 02 00 B4 16 
15:50:45.520->>>>-发送-68 10 00 43 00 00 00 00 00 0F F0 80 03 01 C6 16 
15:50:45.596-<<<<-接收-68 15 00 83 00 20 00 00 00 0F 00 01 00 00 00 00 00 02 00 B5 16 
15:50:46.072->>>>-发送-68 10 00 43 00 00 00 00 00 10 F0 80 03 00 C6 16 
15:50:46.159-<<<<-接收-68 15 00 83 00 20 00 00 00 10 00 01 00 00 00 00 00 02 00 B6 16 
15:50:46.561->>>>-发送-68 10 00 43 00 00 00 00 00 11 F0 80 03 01 C8 16 
15:50:46.637-<<<<-接收-68 15 00 83 00 20 00 00 00 11 00 01 00 00 00 00 00 02 00 B7 16 
15:50:47.144->>>>-发送-68 10 00 43 00 00 00 00 00 12 F0 80 03 00 C8 16 
15:50:47.220-<<<<-接收-68 15 00 83 00 20 00 00 00 12 00 01 00 00 00 00 00 02 00 B8 16 
15:50:47.641->>>>-发送-68 10 00 43 00 00 00 00 00 13 F0 80 03 01 CA 16 
15:50:47.718-<<<<-接收-68 15 00 83 00 20 00 00 00 13 00 01 00 00 00 00 00 02 00 B9 16 
15:50:48.111->>>>-发送-68 10 00 43 00 00 00 00 00 14 F0 80 03 00 CA 16 
15:50:48.198-<<<<-接收-68 15 00 83 00 20 00 00 00 14 00 01 00 00 00 00 00 02 00 BA 16 
15:50:48.576->>>>-发送-68 10 00 43 00 00 00 00 00 15 F0 80 03 01 CC 16 
15:50:48.664-<<<<-接收-68 15 00 83 00 20 00 00 00 15 00 01 00 00 00 00 00 02 00 BB 16 
15:51:24.185->>>>-发送-68 0F 00 43 00 00 00 00 00 00 F0 20 03 56 16 
15:51:24.272-<<<<-接收-68 17 00 C3 00 00 00 00 00 25 F0 04 03 01 77 77 66 66 55 55 01 45 16 
15:51:25.865->>>>-发送-68 10 00 43 00 00 00 00 00 01 F0 80 03 01 B8 16 
15:51:25.949-<<<<-接收-68 15 00 83 00 20 00 00 FC 01 00 01 00 00 00 00 00 02 00 A3 16 
15:51:26.584->>>>-发送-68 10 00 43 00 00 00 00 00 02 F0 80 03 00 B8 16 
15:51:26.671-<<<<-接收-68 15 00 83 00 20 00 00 FC 02 00 01 00 00 00 00 00 02 00 A4 16 
15:51:27.088->>>>-发送-68 10 00 43 00 00 00 00 00 03 F0 80 03 01 BA 16 
15:51:27.166-<<<<-接收-68 15 00 83 00 00 00 00 00 03 00 01 00 00 00 00 00 02 00 89 16 
15:51:27.520->>>>-发送-68 10 00 43 00 00 00 00 00 04 F0 80 03 00 BA 16 
15:51:27.596-<<<<-接收-68 15 00 83 00 20 00 00 FC 04 00 01 00 00 00 00 00 02 00 A6 16 
15:51:27.985->>>>-发送-68 10 00 43 00 00 00 00 00 05 F0 80 03 01 BC 16 
15:51:28.062-<<<<-接收-68 15 00 83 00 20 00 00 FC 05 00 01 00 00 00 00 00 02 00 A7 16 
15:51:28.465->>>>-发送-68 10 00 43 00 00 00 00 00 06 F0 80 03 00 BC 16 
15:51:28.541-<<<<-接收-68 15 00 83 00 20 00 00 00 06 00 01 00 00 00 00 00 02 00 AC 16 
15:51:30.817->>>>-发送-68 10 00 43 00 00 00 00 00 07 F0 80 03 01 BE 16 
15:51:30.892-<<<<-接收-68 15 00 83 00 20 00 00 00 07 00 01 00 00 00 00 00 02 00 AD 16 
15:51:31.296->>>>-发送-68 10 00 43 00 00 00 00 00 08 F0 80 03 00 BE 16 
15:51:31.382-<<<<-接收-68 15 00 83 00 20 00 00 00 08 00 01 00 00 00 00 00 02 00 AE 16 
15:51:31.696->>>>-发送-68 10 00 43 00 00 00 00 00 09 F0 80 03 01 C0 16 
15:51:31.772-<<<<-接收-68 15 00 83 00 20 00 00 00 09 00 01 00 00 00 00 00 02 00 AF 16 
15:51:32.064->>>>-发送-68 10 00 43 00 00 00 00 00 0A F0 80 03 00 C0 16 
15:51:32.149-<<<<-接收-68 15 00 83 00 20 00 00 00 0A 00 01 00 00 00 00 00 02 00 B0 16 
15:51:32.400->>>>-发送-68 10 00 43 00 00 00 00 00 0B F0 80 03 01 C2 16 
15:51:32.488-<<<<-接收-68 15 00 83 00 20 00 00 00 0B 00 01 00 00 00 00 00 02 00 B1 16 
15:51:32.680->>>>-发送-68 10 00 43 00 00 00 00 00 0C F0 80 03 00 C2 16 
15:51:32.746-<<<<-接收-68 15 00 83 00 20 00 00 00 0C 00 01 00 00 00 00 00 02 00 B2 16 
15:51:32.889->>>>-发送-68 10 00 43 00 00 00 00 00 0D F0 80 03 01 C4 16 
15:51:32.966-<<<<-接收-68 15 00 83 00 20 00 00 00 0D 00 01 00 00 00 00 00 02 00 B3 16 
15:51:33.072->>>>-发送-68 10 00 43 00 00 00 00 00 0E F0 80 03 00 C4 16 
15:51:33.159-<<<<-接收-68 15 00 83 00 20 00 00 00 0E 00 01 00 00 00 00 00 02 00 B4 16 
15:51:33.265->>>>-发送-68 10 00 43 00 00 00 00 00 0F F0 80 03 01 C6 16 
15:51:33.332-<<<<-接收-68 15 00 83 00 20 00 00 00 0F 00 01 00 00 00 00 00 02 00 B5 16 
15:51:33.480->>>>-发送-68 10 00 43 00 00 00 00 00 10 F0 80 03 00 C6 16 
15:51:33.565-<<<<-接收-68 15 00 83 00 20 00 00 00 10 00 01 00 00 00 00 00 02 00 B6 16 
15:52:14.177->>>>-发送-68 0F 00 43 00 00 00 00 00 00 F0 20 03 56 16 
15:52:14.254-<<<<-接收-68 17 00 C3 00 00 00 00 00 36 F0 04 03 01 77 77 66 66 55 55 01 56 16 
15:52:17.049->>>>-发送-68 10 00 43 00 00 00 00 00 01 F0 80 03 01 B8 16 
15:52:17.134-<<<<-接收-68 15 00 83 00 20 00 00 FC 01 00 01 00 00 00 00 00 02 00 A3 16 
15:52:19.576->>>>-发送-68 10 00 43 00 00 00 00 00 02 F0 80 03 00 B8 16 
15:52:19.643-<<<<-接收-68 15 00 83 00 20 00 00 FC 02 00 01 00 00 00 00 00 02 00 A4 16 
15:52:20.664->>>>-发送-68 10 00 43 00 00 00 00 00 03 F0 80 03 01 BA 16 
15:52:20.752-<<<<-接收-68 15 00 83 00 00 00 00 00 03 00 01 00 00 00 00 00 02 00 89 16 
15:52:21.537->>>>-发送-68 10 00 43 00 00 00 00 00 04 F0 80 03 00 BA 16 
15:52:21.612-<<<<-接收-68 15 00 83 00 20 00 00 FC 04 00 01 00 00 00 00 00 02 00 A6 16 
15:52:22.520->>>>-发送-68 10 00 43 00 00 00 00 00 05 F0 80 03 01 BC 16 
15:52:22.586-<<<<-接收-68 15 00 83 00 20 00 00 FC 05 00 01 00 00 00 00 00 02 00 A7 16 
15:53:33.458->>>>-发送-68 0F 00 43 00 00 00 00 00 00 F0 20 03 56 16 
15:53:33.536-<<<<-接收-68 17 00 C3 00 00 00 00 00 3C F0 04 03 01 77 77 66 66 55 55 01 5C 16 
15:53:35.441->>>>-发送-68 10 00 43 00 00 00 00 00 01 F0 80 03 01 B8 16 
15:53:35.517-<<<<-接收-68 15 00 83 00 20 00 00 FC 01 00 01 00 00 00 00 00 02 00 A3 16 
15:53:37.642->>>>-发送-68 10 00 43 00 00 00 00 00 02 F0 80 03 00 B8 16 
15:53:37.728-<<<<-接收-68 15 00 83 00 20 00 00 FC 02 00 01 00 00 00 00 00 02 00 A4 16 
15:53:42.736->>>>-发送-68 10 00 43 00 00 00 00 00 03 F0 80 03 01 BA 16 
15:53:42.811-<<<<-接收-68 15 00 83 00 00 00 00 00 03 00 01 00 00 00 00 00 02 00 89 16 
16:02:09.449->>>>-发送-68 0F 00 43 00 00 00 00 00 00 F0 20 03 56 16 
16:02:09.537-<<<<-接收-68 17 00 C3 00 00 00 00 00 40 F0 04 03 01 77 77 66 66 55 55 01 60 16 
16:02:10.745->>>>-发送-68 10 00 43 00 00 00 00 00 01 F0 80 03 01 B8 16 
16:02:10.811-<<<<-接收-68 15 00 83 00 20 00 00 FC 01 00 01 00 00 00 00 00 02 00 A3 16 
16:02:28.348->>>>-发送-68 2F 00 C3 05 00 00 00 00 03 01 BE BE BE BE BE 77 77 66 66 55 55 F0 80 00 12 00 68 12 00 43 00 00 00 00 00 02 10 10 02 01 00 01 69 16 CA 16 
16:02:31.360-<<<<-接收-68 3C 00 83 04 00 00 00 00 03 77 77 66 66 55 55 01 BE BE BE BE BE F0 80 00 1F 00 68 1F 00 83 00 00 00 00 00 02 10 10 02 03 00 01 00 01 77 77 66 66 55 55 01 00 01 00 40 52 16 75 16 
16:02:31.363->>>>-发送-68 2F 00 C3 05 00 00 00 00 05 01 BE BE BE BE BE 77 77 66 66 55 55 F0 80 00 12 00 68 12 00 43 00 00 00 00 00 04 10 10 02 01 00 03 6D 16 D4 16 
16:02:32.026-<<<<-接收-68 52 00 83 04 00 00 00 00 05 77 77 66 66 55 55 01 BE BE BE BE BE F0 80 00 35 00 68 35 00 83 00 00 00 00 00 04 10 10 02 03 00 01 00 03 77 77 66 66 55 55 01 00 01 00 40 06 00 00 00 00 00 02 00 01 00 11 11 22 33 44 55 66 03 00 01 00 11 EA 16 D3 16 
16:05:50.041->>>>-发送-68 0F 00 43 00 00 00 00 00 00 F0 20 03 56 16 
16:05:50.128-<<<<-接收-68 17 00 C3 00 00 00 00 00 42 F0 04 03 01 77 77 66 66 55 55 01 62 16 
16:05:51.545->>>>-发送-68 10 00 43 00 00 00 00 00 01 F0 80 03 01 B8 16 
16:05:51.629-<<<<-接收-68 15 00 83 00 20 00 00 FC 01 00 01 00 00 00 00 00 02 00 A3 16 
16:06:01.674->>>>-发送-68 2F 00 C3 05 00 00 00 00 03 01 BE BE BE BE BE 77 77 66 66 55 55 F0 80 00 12 00 68 12 00 43 00 00 00 00 00 02 10 10 02 01 00 01 69 16 CA 16 
16:06:17.412->>>>-发送-68 2F 00 C3 05 00 00 00 00 05 01 BE BE BE BE BE 77 77 66 66 55 55 F0 80 00 12 00 68 12 00 43 00 00 00 00 00 04 10 10 02 01 00 01 6B 16 D0 16 
16:07:33.674->>>>-发送-68 0F 00 43 00 00 00 00 00 00 F0 20 03 56 16 
16:07:33.761-<<<<-接收-68 17 00 C3 00 00 00 00 00 44 F0 04 03 01 77 77 66 66 55 55 01 64 16 
16:07:34.960->>>>-发送-68 10 00 43 00 00 00 00 00 01 F0 80 03 01 B8 16 
16:07:35.047-<<<<-接收-68 15 00 83 00 20 00 00 FC 01 00 01 00 00 00 00 00 02 00 A3 16 
16:07:38.841->>>>-发送-68 12 00 43 00 00 00 00 00 02 10 10 02 01 00 01 69 16 
16:07:38.908-<<<<-接收-68 10 00 83 00 00 00 00 00 02 00 02 00 04 8B 16 
16:08:47.153->>>>-发送-68 0F 00 43 00 00 00 00 00 00 F0 20 03 56 16 
16:08:47.229-<<<<-接收-68 17 00 C3 00 00 00 00 00 47 F0 04 03 01 77 77 66 66 55 55 01 67 16 
16:08:48.720->>>>-发送-68 10 00 43 00 00 00 00 00 01 F0 80 03 01 B8 16 
16:08:48.808-<<<<-接收-68 15 00 83 00 20 00 00 FC 01 00 01 00 00 00 00 00 02 00 A3 16 
16:09:03.695->>>>-发送-68 2F 00 C3 05 00 00 00 00 03 01 BE BE BE BE BE 77 77 66 66 55 55 F0 80 00 12 00 68 12 00 43 00 00 00 00 00 02 10 10 02 01 00 01 69 16 CA 16 
16:09:07.342-<<<<-接收-68 3C 00 83 04 00 00 00 00 03 77 77 66 66 55 55 01 BE BE BE BE BE F0 80 00 1F 00 68 1F 00 83 00 00 00 00 00 02 10 10 02 03 00 01 00 01 77 77 66 66 55 55 01 00 01 00 40 52 16 75 16 
16:09:07.346->>>>-发送-68 2F 00 C3 05 00 00 00 00 05 01 BE BE BE BE BE 77 77 66 66 55 55 F0 80 00 12 00 68 12 00 43 00 00 00 00 00 04 10 10 02 01 00 03 6D 16 D4 16 
16:11:21.026->>>>-发送-68 0F 00 43 00 00 00 00 00 00 F0 20 03 56 16 
16:11:21.112-<<<<-接收-68 17 00 C3 00 00 00 00 00 49 F0 04 03 01 77 77 66 66 55 55 01 69 16 
16:11:22.697->>>>-发送-68 10 00 43 00 00 00 00 00 01 F0 80 03 01 B8 16 
16:11:22.773-<<<<-接收-68 15 00 83 00 20 00 00 FC 01 00 01 00 00 00 00 00 02 00 A3 16 
16:11:59.145->>>>-发送-68 0F 00 43 00 00 00 00 00 00 F0 20 03 56 16 
16:11:59.233-<<<<-接收-68 17 00 C3 00 00 00 00 00 4B F0 04 03 01 77 77 66 66 55 55 01 6B 16 
16:12:00.664->>>>-发送-68 10 00 43 00 00 00 00 00 01 F0 80 03 01 B8 16 
16:12:00.730-<<<<-接收-68 15 00 83 00 20 00 00 FC 01 00 01 00 00 00 00 00 02 00 A3 16 
16:13:35.213->>>>-发送-68 12 00 43 00 00 00 00 00 00 10 10 02 01 00 01 67 16 
16:13:35.290-<<<<-接收-68 10 00 83 00 00 00 00 00 00 00 02 00 04 89 16 
16:13:51.097->>>>-发送-68 0F 00 43 00 00 00 00 00 00 F0 20 03 56 16 
16:13:51.172-<<<<-接收-68 17 00 C3 00 00 00 00 00 4E F0 04 03 01 77 77 66 66 55 55 01 6E 16 
16:13:53.073->>>>-发送-68 10 00 43 00 00 00 00 00 01 F0 80 03 01 B8 16 
16:13:53.157-<<<<-接收-68 15 00 83 00 20 00 00 FC 01 00 01 00 00 00 00 00 02 00 A3 16 
16:13:56.381->>>>-发送-68 12 00 43 00 00 00 00 00 02 10 10 02 01 00 01 69 16 
16:13:56.467-<<<<-接收-68 10 00 83 00 00 00 00 00 02 00 02 00 04 8B 16 
16:16:57.633->>>>-发送-68 0F 00 43 00 00 00 00 00 00 F0 20 03 56 16 
16:16:57.709-<<<<-接收-68 17 00 C3 00 00 00 00 00 51 F0 04 03 01 77 77 66 66 55 55 01 71 16 
16:16:59.410->>>>-发送-68 10 00 43 00 00 00 00 00 01 F0 80 03 01 B8 16 
16:16:59.486-<<<<-接收-68 15 00 83 00 20 00 00 FC 01 00 01 00 00 00 00 00 02 00 A3 16 
16:17:37.178->>>>-发送-68 0F 00 43 00 00 00 00 00 00 F0 20 03 56 16 
16:17:37.254-<<<<-接收-68 17 00 C3 00 00 00 00 00 53 F0 04 03 01 77 77 66 66 55 55 01 73 16 
16:17:38.769->>>>-发送-68 10 00 43 00 00 00 00 00 01 F0 80 03 01 B8 16 
16:17:38.835-<<<<-接收-68 15 00 83 00 20 00 00 FC 01 00 01 00 00 00 00 00 02 00 A3 16 
16:17:43.624->>>>-发送-68 2F 00 C3 05 00 00 00 00 03 CD CD CD CD CD CD 77 77 66 66 55 55 F0 80 00 12 00 68 12 00 43 00 00 00 00 00 02 10 10 02 01 00 01 69 16 E1 16 
16:17:44.105-<<<<-接收-68 3C 00 83 04 00 00 00 00 03 77 77 66 66 55 55 CD CD CD CD CD CD F0 80 00 1F 00 68 1F 00 83 00 00 00 00 00 02 10 10 02 03 00 01 00 01 77 77 66 66 55 55 01 00 01 00 40 52 16 8C 16 
16:17:44.108->>>>-发送-68 2F 00 C3 05 00 00 00 00 05 CD CD CD CD CD CD 77 77 66 66 55 55 F0 80 00 12 00 68 12 00 43 00 00 00 00 00 04 10 10 02 01 00 03 6D 16 EB 16 
16:18:13.665->>>>-发送-68 0F 00 43 00 00 00 00 00 06 F0 20 03 5C 16 
16:18:13.749-<<<<-接收-68 17 00 C3 00 00 00 00 00 55 F0 04 03 01 77 77 66 66 55 55 01 75 16 
16:18:15.456->>>>-发送-68 10 00 43 00 00 00 00 00 07 F0 80 03 01 BE 16 
16:18:15.542-<<<<-接收-68 15 00 83 00 20 00 00 FC 07 00 01 00 00 00 00 00 02 00 A9 16 
16:18:46.962->>>>-发送-68 0F 00 43 00 00 00 00 00 00 F0 20 03 56 16 
16:18:47.038-<<<<-接收-68 17 00 C3 00 00 00 00 00 57 F0 04 03 01 77 77 66 66 55 55 01 77 16 
16:18:48.448->>>>-发送-68 10 00 43 00 00 00 00 00 01 F0 80 03 01 B8 16 
16:18:48.523-<<<<-接收-68 15 00 83 00 20 00 00 FC 01 00 01 00 00 00 00 00 02 00 A3 16 
16:18:50.892->>>>-发送-68 2F 00 C3 05 00 00 00 00 03 01 BE BE BE BE BE 77 77 66 66 55 55 F0 80 00 12 00 68 12 00 43 00 00 00 00 00 02 10 10 02 01 00 01 69 16 CA 16 
16:18:54.307-<<<<-接收-68 3C 00 83 04 00 00 00 00 03 77 77 66 66 55 55 01 BE BE BE BE BE F0 80 00 1F 00 68 1F 00 83 00 00 00 00 00 02 10 10 02 03 00 01 00 01 77 77 66 66 55 55 01 00 01 00 40 52 16 75 16 
16:18:54.311->>>>-发送-68 2F 00 C3 05 00 00 00 00 05 01 BE BE BE BE BE 77 77 66 66 55 55 F0 80 00 12 00 68 12 00 43 00 00 00 00 00 04 10 10 02 01 00 03 6D 16 D4 16 
16:18:54.650-<<<<-接收-68 52 00 83 04 00 00 00 00 05 77 77 66 66 55 55 01 BE BE BE BE BE F0 80 00 35 00 68 35 00 83 00 00 00 00 00 04 10 10 02 03 00 01 00 03 77 77 66 66 55 55 01 00 01 00 40 06 00 00 00 00 00 02 00 01 00 11 11 22 33 44 55 66 03 00 01 00 11 EA 16 D3 16 
16:19:06.326->>>>-发送-68 2F 00 C3 05 00 00 00 00 07 01 BE BE BE BE BE 77 77 66 66 55 55 F0 80 00 12 00 68 12 00 43 00 00 00 00 00 06 10 10 02 01 00 01 6D 16 D6 16 
16:19:07.199-<<<<-接收-68 3C 00 83 04 00 00 00 00 07 77 77 66 66 55 55 01 BE BE BE BE BE F0 80 00 1F 00 68 1F 00 83 00 00 00 00 00 06 10 10 02 03 00 01 00 01 77 77 66 66 55 55 01 00 01 00 40 56 16 81 16 
16:19:07.202->>>>-发送-68 2F 00 C3 05 00 00 00 00 09 01 BE BE BE BE BE 77 77 66 66 55 55 F0 80 00 12 00 68 12 00 43 00 00 00 00 00 08 10 10 02 01 00 03 71 16 E0 16 
16:19:07.766-<<<<-接收-68 52 00 83 04 00 00 00 00 09 77 77 66 66 55 55 01 BE BE BE BE BE F0 80 00 35 00 68 35 00 83 00 00 00 00 00 08 10 10 02 03 00 01 00 03 77 77 66 66 55 55 01 00 01 00 40 06 00 00 00 00 00 02 00 01 00 11 11 22 33 44 55 66 03 00 01 00 11 EE 16 DF 16 
16:20:02.172->>>>-发送-68 2F 00 C3 05 00 00 00 00 0B 01 BE BE BE BE BE 77 77 66 66 55 55 F0 80 00 12 00 68 12 00 43 00 00 00 00 00 0A 10 10 02 01 00 01 71 16 E2 16 
16:20:02.589-<<<<-接收-68 3C 00 83 04 00 00 00 00 0B 77 77 66 66 55 55 01 BE BE BE BE BE F0 80 00 1F 00 68 1F 00 83 00 00 00 00 00 0A 10 10 02 03 00 01 00 01 77 77 66 66 55 55 01 00 01 00 40 5A 16 8D 16 
16:20:02.595->>>>-发送-68 2F 00 C3 05 00 00 00 00 0D 01 BE BE BE BE BE 77 77 66 66 55 55 F0 80 00 12 00 68 12 00 43 00 00 00 00 00 0C 10 10 02 01 00 03 75 16 EC 16 
16:20:04.879-<<<<-接收-68 52 00 83 04 00 00 00 00 0D 77 77 66 66 55 55 01 BE BE BE BE BE F0 80 00 35 00 68 35 00 83 00 00 00 00 00 0C 10 10 02 03 00 01 00 03 77 77 66 66 55 55 01 00 01 00 40 06 00 00 00 00 00 02 00 01 00 11 11 22 33 44 55 66 03 00 01 00 11 F2 16 EB 16 
16:20:10.772->>>>-发送-68 2F 00 C3 05 00 00 00 00 0F 01 BE BE BE BE BE 77 77 66 66 55 55 F0 80 00 12 00 68 12 00 43 00 00 00 00 00 0E 10 10 02 01 00 01 75 16 EE 16 
16:20:12.871-<<<<-接收-68 3C 00 83 04 00 00 00 00 0F 77 77 66 66 55 55 01 BE BE BE BE BE F0 80 00 1F 00 68 1F 00 83 00 00 00 00 00 0E 10 10 02 03 00 01 00 01 77 77 66 66 55 55 01 00 01 00 40 5E 16 99 16 
16:20:12.884->>>>-发送-68 2F 00 C3 05 00 00 00 00 11 01 BE BE BE BE BE 77 77 66 66 55 55 F0 80 00 12 00 68 12 00 43 00 00 00 00 00 10 10 10 02 01 00 03 79 16 F8 16 
16:20:24.153->>>>-发送-68 10 00 43 00 00 00 00 00 12 F0 80 03 00 C8 16 
16:20:24.228-<<<<-接收-68 15 00 83 00 20 00 00 FC 12 00 01 00 00 00 00 00 02 00 B4 16 
16:20:55.744->>>>-发送-68 10 00 43 00 00 00 00 00 13 F0 80 03 01 CA 16 
16:20:55.832-<<<<-接收-68 15 00 83 00 00 00 00 00 13 00 01 00 00 00 00 00 02 00 99 16 
16:27:19.082->>>>-发送-68 0F 00 43 00 00 00 00 00 00 F0 20 03 56 16 
16:27:19.156-<<<<-接收-68 17 00 C3 00 00 00 00 00 5B F0 04 03 01 77 77 66 66 55 55 01 7B 16 
16:27:20.612->>>>-发送-68 10 00 43 00 00 00 00 00 01 F0 80 03 01 B8 16 
16:27:20.678-<<<<-接收-68 15 00 83 00 20 00 00 FC 01 00 01 00 00 00 00 00 02 00 A3 16 
16:27:22.120->>>>-发送-68 2F 00 C3 05 00 00 00 00 03 01 BE BE BE BE BE 77 77 66 66 55 55 F0 80 00 12 00 68 12 00 43 00 00 00 00 00 02 10 10 02 01 00 01 69 16 CA 16 
16:27:23.563-<<<<-接收-68 3C 00 83 04 00 00 00 00 03 77 77 66 66 55 55 01 BE BE BE BE BE F0 80 00 1F 00 68 1F 00 83 00 00 00 00 00 02 10 10 02 03 00 01 00 01 77 77 66 66 55 55 01 00 01 00 40 52 16 75 16 
16:27:23.569->>>>-发送-68 2F 00 C3 05 00 00 00 00 05 01 BE BE BE BE BE 77 77 66 66 55 55 F0 80 00 12 00 68 12 00 43 00 00 00 00 00 04 10 10 02 01 00 03 6D 16 D4 16 
16:27:24.148-<<<<-接收-68 52 00 83 04 00 00 00 00 05 77 77 66 66 55 55 01 BE BE BE BE BE F0 80 00 35 00 68 35 00 83 08 10 00 00 00 04 10 10 02 03 00 01 00 03 77 77 66 66 55 55 01 00 01 00 40 06 00 00 00 00 00 02 00 01 00 11 11 22 33 44 55 66 03 00 01 00 11 02 16 03 16 
16:27:27.800->>>>-发送-68 2F 00 C3 05 00 00 00 00 07 01 BE BE BE BE BE 77 77 66 66 55 55 F0 80 00 12 00 68 12 00 43 00 00 00 00 00 06 10 10 02 01 00 01 6D 16 D6 16 
16:28:11.095->>>>-发送-68 2F 00 C3 05 00 00 00 00 09 01 BE BE BE BE BE 77 77 66 66 55 55 F0 80 00 12 00 68 12 00 43 00 00 00 00 00 08 10 10 02 01 00 01 6F 16 DC 16 
16:29:32.378->>>>-发送-68 0F 00 43 00 00 00 00 00 00 F0 20 03 56 16 
16:29:32.444-<<<<-接收-68 17 00 C3 00 00 00 00 00 5D F0 04 03 01 77 77 66 66 55 55 01 7D 16 
16:29:34.033->>>>-发送-68 10 00 43 00 00 00 00 00 01 F0 80 03 01 B8 16 
16:29:34.100-<<<<-接收-68 15 00 83 00 20 00 00 FC 01 00 01 00 00 00 00 00 02 00 A3 16 
16:29:36.528->>>>-发送-68 2F 00 C3 05 00 00 00 00 03 01 BE BE BE BE BE 77 77 66 66 55 55 F0 80 00 12 00 68 12 00 43 00 00 00 00 00 02 10 10 02 01 00 01 69 16 CA 16 
16:30:13.547->>>>-发送-68 2F 00 C3 05 00 00 00 00 05 01 BE BE BE BE BE 77 77 66 66 55 55 F0 80 00 12 00 68 12 00 43 00 00 00 00 00 04 10 10 02 01 00 01 6B 16 D0 16 
16:30:28.827->>>>-发送-68 10 00 43 00 00 00 00 00 06 F0 80 03 00 BC 16 
16:30:28.892-<<<<-接收-68 15 00 83 00 20 00 00 FC 06 00 01 00 00 00 00 00 02 00 A8 16 
16:30:37.955->>>>-发送-68 12 00 43 00 00 00 00 00 07 10 10 02 01 00 01 6E 16 
16:30:38.041-<<<<-接收-68 10 00 83 00 20 00 00 00 07 00 02 00 04 B0 16 
16:30:43.577->>>>-发送-68 10 00 43 00 00 00 00 00 08 F0 80 03 01 BF 16 
16:30:43.651-<<<<-接收-68 15 00 83 00 20 00 00 FC 08 00 01 00 00 00 00 00 02 00 AA 16 
