14:41:32.615->>>>-发送-68 12 00 43 00 00 00 B0 04 00 10 01 00 01 00 10 19 16 
14:41:32.708-<<<<-接收-68 13 00 83 F8 10 00 00 FE 00 10 01 00 03 00 F8 03 98 16 
14:41:32.786->>>>-发送-68 12 00 43 00 00 00 B0 04 00 10 02 00 01 00 0A 14 16 
14:41:32.927-<<<<-接收-68 2A 00 83 F8 10 00 00 04 00 10 02 00 03 00 03 06 00 00 00 00 00 00 10 00 01 00 00 00 00 00 10 11 11 11 11 11 11 00 10 44 16 
14:41:40.897->>>>-发送-68 0F 00 43 00 00 00 00 00 00 F0 04 00 37 16 
14:41:40.990-<<<<-接收-68 1C 00 83 10 00 00 00 00 00 F0 04 00 01 02 03 00 11 11 11 11 11 11 00 03 00 F6 16 
14:41:44.928->>>>-发送-68 0F 00 43 00 00 00 00 00 01 F0 04 00 38 16 
14:41:45.022-<<<<-接收-68 1C 00 83 00 00 00 00 06 01 F0 04 00 01 02 03 00 11 11 11 11 11 11 00 03 00 ED 16 
14:41:45.085->>>>-发送-68 0F 00 43 00 00 00 00 00 02 03 08 00 50 16 
14:41:45.178-<<<<-接收-68 15 00 83 00 00 00 00 06 02 03 08 00 BB BB BB BB BB BB F8 16 
14:41:45.178->>>>-发送-68 0F 00 43 00 00 00 00 00 03 10 01 00 57 16 
14:41:45.288-<<<<-接收-68 13 00 83 F8 10 00 00 FE 03 10 01 00 03 00 F8 03 9B 16 
14:41:45.288->>>>-发送-68 12 00 43 00 00 00 00 00 04 10 02 00 01 00 03 5D 16 
14:41:45.428-<<<<-接收-68 2A 00 83 00 00 00 00 FE 04 10 02 00 03 00 03 06 00 00 00 00 00 00 10 00 01 00 00 00 00 00 10 11 11 11 11 11 11 00 10 3A 16 
14:41:49.101-<<<<-接收-68 18 00 C3 00 00 00 00 00 11 14 01 00 01 11 11 11 11 11 11 04 00 54 16 
14:41:49.101->>>>-发送-68 33 00 43 04 00 00 00 00 11 BB BB BB BB BB BB 11 11 11 11 11 11 14 01 00 02 00 14 FE FE FE FE 68 11 11 11 11 11 11 68 11 04 33 34 34 35 1B 16 00 8F 16 
14:41:50.132-<<<<-接收-68 2B 00 C3 00 00 00 00 00 11 06 02 00 03 00 02 00 00 16 FE FE FE FE 68 11 11 11 11 11 11 68 91 06 33 34 34 35 78 53 68 16 D5 16 
14:41:50.132->>>>-发送-68 1B 00 43 04 00 00 00 00 11 BB BB BB BB BB BB 11 11 11 11 11 11 00 01 00 21 16 
14:41:50.257-<<<<-接收-68 18 00 C3 00 00 00 00 00 13 14 01 00 01 11 11 11 11 11 11 04 00 56 16 
14:41:50.257->>>>-发送-68 1F 00 43 04 00 00 00 00 11 BB BB BB BB BB BB 11 11 11 11 11 11 14 01 00 01 00 00 00 36 16 
14:42:00.102-<<<<-接收-68 18 00 C3 00 00 00 00 00 13 14 01 00 01 11 11 11 11 11 11 04 00 56 16 
14:42:09.978-<<<<-接收-68 18 00 C3 00 00 00 00 00 13 14 01 00 01 11 11 11 11 11 11 04 00 56 16 
14:42:39.966->>>>-发送-68 0F 00 43 00 00 00 00 00 05 F0 04 00 3C 16 
14:42:40.059-<<<<-接收-68 1C 00 83 F8 10 00 00 00 05 F0 04 00 01 02 01 00 06 00 00 00 00 00 00 03 00 91 16 
14:42:40.122->>>>-发送-68 0F 00 43 00 00 00 00 00 06 03 08 00 54 16 
14:42:40.216-<<<<-接收-68 15 00 83 F8 10 00 00 00 06 03 08 00 BB BB BB BB BB BB FE 16 
14:42:40.216->>>>-发送-68 0F 00 43 00 00 00 00 00 07 10 01 00 5B 16 
14:42:40.309-<<<<-接收-68 13 00 83 00 00 00 00 00 07 10 01 00 03 00 F8 03 99 16 
14:42:40.309->>>>-发送-68 12 00 43 00 00 00 00 00 08 10 02 00 01 00 03 61 16 
14:42:40.450-<<<<-接收-68 2A 00 83 00 00 00 00 04 08 10 02 00 03 00 03 06 00 00 00 00 00 00 10 00 01 00 00 00 00 00 10 11 11 11 11 11 11 00 10 44 16 
14:42:49.435-<<<<-接收-68 18 00 C3 00 00 00 00 00 15 14 01 00 01 11 11 11 11 11 11 04 00 58 16 
14:42:49.435->>>>-发送-68 33 00 43 04 00 00 00 00 15 BB BB BB BB BB BB 11 11 11 11 11 11 14 01 00 02 00 14 FE FE FE FE 68 11 11 11 11 11 11 68 11 04 33 34 34 35 1B 16 00 93 16 
14:42:50.264-<<<<-接收-68 2B 00 C3 00 00 00 00 00 15 06 02 00 03 00 02 00 00 16 FE FE FE FE 68 11 11 11 11 11 11 68 91 06 33 34 34 35 88 53 78 16 F9 16 
14:42:50.264->>>>-发送-68 1B 00 43 04 00 00 00 00 15 BB BB BB BB BB BB 11 11 11 11 11 11 00 01 00 25 16 
14:42:50.389-<<<<-接收-68 18 00 C3 00 00 00 00 00 17 14 01 00 01 11 11 11 11 11 11 04 00 5A 16 
14:42:50.389->>>>-发送-68 1F 00 43 04 00 00 00 00 15 BB BB BB BB BB BB 11 11 11 11 11 11 14 01 00 01 00 00 00 3A 16 
14:43:00.249-<<<<-接收-68 18 00 C3 00 00 00 00 00 17 14 01 00 01 11 11 11 11 11 11 04 00 5A 16 
14:43:10.094-<<<<-接收-68 18 00 C3 00 00 00 00 00 17 14 01 00 01 11 11 11 11 11 11 04 00 5A 16 
14:43:40.097->>>>-发送-68 0F 00 43 00 00 00 00 00 09 F0 04 00 40 16 
14:43:40.222-<<<<-接收-68 1C 00 83 00 00 00 00 00 09 F0 04 00 01 02 01 00 06 00 00 00 00 00 00 03 00 8D 16 
14:43:40.300->>>>-发送-68 0F 00 43 00 00 00 00 00 0A 03 08 00 58 16 
14:43:40.410-<<<<-接收-68 15 00 83 00 00 00 00 00 0A 03 08 00 BB BB BB BB BB BB FA 16 
14:43:40.410->>>>-发送-68 0F 00 43 00 00 00 00 00 0B 10 01 00 5F 16 
14:43:40.519-<<<<-接收-68 13 00 83 00 00 00 00 00 0B 10 01 00 03 00 F8 03 9D 16 
14:43:40.519->>>>-发送-68 12 00 43 00 00 00 00 00 0C 10 02 00 01 00 03 65 16 
14:43:40.660-<<<<-接收-68 2A 00 83 00 00 00 00 04 0C 10 02 00 03 00 03 06 00 00 00 00 00 00 10 00 01 00 00 00 00 00 10 11 11 11 11 11 11 00 10 48 16 
14:43:49.567-<<<<-接收-68 18 00 C3 00 00 00 00 00 19 14 01 00 01 11 11 11 11 11 11 04 00 5C 16 
14:43:49.567->>>>-发送-68 33 00 43 04 00 00 00 00 19 BB BB BB BB BB BB 11 11 11 11 11 11 14 01 00 02 00 14 FE FE FE FE 68 11 11 11 11 11 11 68 11 04 33 34 34 35 1B 16 00 97 16 
14:43:50.395-<<<<-接收-68 2B 00 C3 00 00 00 00 00 19 06 02 00 03 00 02 00 00 16 FE FE FE FE 68 11 11 11 11 11 11 68 91 06 33 34 34 35 85 53 75 16 F7 16 
14:43:50.411->>>>-发送-68 1B 00 43 04 00 00 00 00 19 BB BB BB BB BB BB 11 11 11 11 11 11 00 01 00 29 16 
14:43:50.536-<<<<-接收-68 18 00 C3 00 00 00 00 00 1B 14 01 00 01 11 11 11 11 11 11 04 00 5E 16 
14:43:50.536->>>>-发送-68 1F 00 43 04 00 00 00 00 19 BB BB BB BB BB BB 11 11 11 11 11 11 14 01 00 01 00 00 00 3E 16 
14:44:00.380-<<<<-接收-68 18 00 C3 00 00 00 00 00 1B 14 01 00 01 11 11 11 11 11 11 04 00 5E 16 
14:51:05.541->>>>-发送-68 1B 00 43 04 00 00 B0 04 00 11 11 11 11 11 11 06 00 00 00 00 00 03 01 00 6B 16 
14:51:05.713-<<<<-接收-68 24 00 83 04 00 00 00 FE 00 06 00 00 00 00 00 11 11 11 11 11 11 03 01 00 5A 57 31 30 20 10 16 10 20 7D 16 
14:51:16.620->>>>-发送-68 1B 00 43 04 00 00 B0 04 00 11 11 11 11 11 11 06 00 00 00 00 00 03 01 00 6B 16 
14:51:17.714-<<<<-接收-68 1C 00 83 0C 10 00 00 00 00 CC CC CC CC CC CC BB BB BB BB BB BB 00 02 00 01 CC 16 
14:51:18.058->>>>-发送-68 1B 00 43 04 00 00 B0 04 00 11 11 11 11 11 11 06 00 00 00 00 00 03 01 00 6B 16 
14:51:18.433-<<<<-接收-68 24 00 83 0C 10 00 00 04 00 06 00 00 00 00 00 11 11 11 11 11 11 03 01 00 5A 57 31 30 20 10 16 10 20 9B 16 
15:19:45.803->>>>-发送-68 0F 00 43 00 00 00 B0 04 00 03 08 00 02 16 
15:19:45.897-<<<<-接收-68 15 00 83 F8 10 00 00 04 00 03 08 00 BB BB BB BB BB BB FC 16 
15:19:51.319->>>>-发送-68 0F 00 43 00 00 00 00 00 00 F0 04 00 37 16 
15:19:51.413-<<<<-接收-68 1C 00 83 00 00 00 00 04 00 F0 04 00 01 02 03 00 11 11 11 11 11 11 00 03 00 EA 16 
15:20:05.426->>>>-发送-68 0F 00 43 00 00 00 00 00 01 F0 04 00 38 16 
15:20:05.535-<<<<-接收-68 1C 00 83 F8 10 00 00 FE 01 F0 04 00 01 02 01 00 06 00 00 00 00 00 00 03 00 8B 16 
15:20:16.411->>>>-发送-68 0F 00 43 00 00 00 00 00 02 F0 04 00 39 16 
15:20:16.521-<<<<-接收-68 1C 00 83 F8 10 00 00 04 02 F0 04 00 01 02 01 00 06 00 00 00 00 00 00 03 00 92 16 
15:20:16.583->>>>-发送-68 0F 00 43 00 00 00 00 00 03 03 08 00 51 16 
15:20:16.677-<<<<-接收-68 15 00 83 F8 10 00 00 04 03 03 08 00 BB BB BB BB BB BB FF 16 
15:20:16.677->>>>-发送-68 0F 00 43 00 00 00 00 00 04 10 01 00 58 16 
15:20:16.771-<<<<-接收-68 13 00 83 F8 10 00 00 04 04 10 01 00 03 00 F8 03 A2 16 
15:20:16.771->>>>-发送-68 12 00 43 00 00 00 00 00 05 10 02 00 01 00 03 5E 16 
15:20:16.911-<<<<-接收-68 2A 00 83 F8 10 00 00 00 05 10 02 00 03 00 03 06 00 00 00 00 00 00 10 00 01 00 00 00 00 00 10 11 11 11 11 11 11 00 10 45 16 
15:20:25.412-<<<<-接收-68 18 00 C3 00 00 00 00 00 F5 14 01 00 01 11 11 11 11 11 11 04 00 38 16 
15:20:25.412->>>>-发送-68 33 00 43 04 00 00 00 00 F5 BB BB BB BB BB BB 11 11 11 11 11 11 14 01 00 02 00 14 FE FE FE FE 68 11 11 11 11 11 11 68 11 04 33 34 34 35 1B 16 00 73 16 
15:20:26.100-<<<<-接收-68 2B 00 C3 00 00 00 00 00 F5 06 02 00 03 00 02 00 00 16 FE FE FE FE 68 11 11 11 11 11 11 68 91 06 33 34 34 35 7A 53 6A 16 BD 16 
15:20:26.100->>>>-发送-68 1B 00 43 04 00 00 00 00 F5 BB BB BB BB BB BB 11 11 11 11 11 11 00 01 00 05 16 
15:20:26.209-<<<<-接收-68 18 00 C3 00 00 00 00 00 F7 14 01 00 01 11 11 11 11 11 11 04 00 3A 16 
15:20:36.085-<<<<-接收-68 18 00 C3 00 00 00 00 00 F7 14 01 00 01 11 11 11 11 11 11 04 00 3A 16 
15:21:06.088->>>>-发送-68 0F 00 43 00 00 00 00 00 06 F0 04 00 3D 16 
15:21:06.182-<<<<-接收-68 1C 00 83 F8 10 00 00 00 06 F0 04 00 01 02 01 00 06 00 00 00 00 00 00 03 00 92 16 
15:21:06.245->>>>-发送-68 0F 00 43 00 00 00 00 00 07 03 08 00 55 16 
15:21:06.338-<<<<-接收-68 15 00 83 F8 10 00 00 00 07 03 08 00 BB BB BB BB BB BB FF 16 
15:21:06.338->>>>-发送-68 0F 00 43 00 00 00 00 00 08 10 01 00 5C 16 
15:21:06.432-<<<<-接收-68 13 00 83 00 00 00 00 04 08 10 01 00 03 00 F8 03 9E 16 
15:21:06.432->>>>-发送-68 12 00 43 00 00 00 00 00 09 10 02 00 01 00 03 62 16 
15:21:06.573-<<<<-接收-68 2A 00 83 00 40 00 00 00 09 10 02 00 03 00 03 06 00 00 00 00 00 00 10 00 01 00 00 00 00 00 10 11 11 11 11 11 11 00 10 81 16 
15:21:15.542-<<<<-接收-68 18 00 C3 00 00 00 00 00 F8 14 01 00 01 06 00 00 00 00 00 02 00 D9 16 
15:21:15.542->>>>-发送-68 33 00 43 04 00 00 00 00 F8 BB BB BB BB BB BB 06 00 00 00 00 00 14 01 00 02 00 14 FE FE FE FE 68 06 00 00 00 00 00 68 11 04 33 34 34 35 BB 16 00 56 16 
15:21:16.136-<<<<-接收-68 2B 00 C3 00 00 00 00 00 F8 06 02 00 01 00 02 00 00 16 FE FE FE FE 68 06 00 00 00 00 00 68 91 06 33 34 34 35 7C 53 0C 16 02 16 
15:21:16.152->>>>-发送-68 1B 00 43 04 00 00 00 00 F8 BB BB BB BB BB BB 06 00 00 00 00 00 00 01 00 A8 16 
15:21:16.261-<<<<-接收-68 18 00 C3 00 00 00 00 00 FA 14 01 00 01 06 00 00 00 00 00 02 00 DB 16 
15:21:26.122-<<<<-接收-68 18 00 C3 00 00 00 00 00 FA 14 01 00 01 06 00 00 00 00 00 02 00 DB 16 
15:21:56.125->>>>-发送-68 0F 00 43 00 00 00 00 00 0A F0 04 00 41 16 
15:21:56.234-<<<<-接收-68 1C 00 83 00 00 00 00 00 0A F0 04 00 01 02 03 00 11 11 11 11 11 11 00 03 00 F0 16 
15:21:56.297->>>>-发送-68 0F 00 43 00 00 00 00 00 0B 03 08 00 59 16 
15:21:56.406-<<<<-接收-68 15 00 83 00 00 00 00 00 0B 03 08 00 BB BB BB BB BB BB FB 16 
15:21:56.406->>>>-发送-68 0F 00 43 00 00 00 00 00 0C 10 01 00 60 16 
15:21:56.516-<<<<-接收-68 13 00 83 00 00 00 00 04 0C 10 01 00 03 00 F8 03 A2 16 
15:21:56.516->>>>-发送-68 12 00 43 00 00 00 00 00 0D 10 02 00 01 00 03 66 16 
15:21:56.656-<<<<-接收-68 2A 00 83 30 40 00 00 42 0D 10 02 00 03 00 03 06 00 00 00 00 00 00 10 00 01 00 00 00 00 00 10 11 11 11 11 11 11 00 10 F7 16 
15:22:05.579-<<<<-接收-68 18 00 C3 00 00 00 00 00 FB 14 01 00 01 11 11 11 11 11 11 04 00 3E 16 
15:22:05.579->>>>-发送-68 33 00 43 04 00 00 00 00 FB BB BB BB BB BB BB 11 11 11 11 11 11 14 01 00 02 00 14 FE FE FE FE 68 11 11 11 11 11 11 68 11 04 33 34 34 35 1B 16 00 79 16 
15:22:06.314-<<<<-接收-68 2B 00 C3 00 00 00 00 00 FB 06 02 00 03 00 02 00 00 16 FE FE FE FE 68 11 11 11 11 11 11 68 91 06 33 34 34 35 79 53 69 16 C1 16 
15:47:09.143->>>>-发送-68 0F 00 43 00 00 00 00 00 00 F0 04 00 37 16 
15:47:09.252-<<<<-接收-68 1C 00 83 F8 10 00 00 FC 00 F0 04 00 01 02 03 00 11 11 11 11 11 11 00 03 00 EA 16 
15:47:26.598->>>>-发送-68 0F 00 43 00 00 00 00 00 01 F0 04 00 38 16 
15:47:26.707-<<<<-接收-68 1C 00 83 00 00 00 00 04 01 F0 04 00 01 02 03 00 11 11 11 11 11 11 00 03 00 EB 16 
15:47:26.785->>>>-发送-68 0F 00 43 00 00 00 00 00 02 03 08 00 50 16 
15:47:26.895-<<<<-接收-68 15 00 83 00 00 00 00 04 02 03 08 00 BB BB BB BB BB BB F6 16 
15:47:26.895->>>>-发送-68 0F 00 43 00 00 00 00 00 03 10 01 00 57 16 
15:47:27.004-<<<<-接收-68 13 00 83 08 10 00 00 04 03 10 01 00 03 00 F8 03 B1 16 
15:47:27.004->>>>-发送-68 12 00 43 00 00 00 00 00 04 10 02 00 01 00 03 5D 16 
15:47:27.145-<<<<-接收-68 2A 00 83 F8 10 00 00 04 04 10 02 00 03 00 03 06 00 00 00 00 00 00 10 00 01 00 00 00 00 00 10 11 11 11 11 11 11 00 10 48 16 
15:47:29.192-<<<<-接收-68 18 00 C3 00 00 00 00 00 F3 14 01 00 01 06 00 00 00 00 00 02 00 D4 16 
15:47:29.192->>>>-发送-68 33 00 43 04 00 00 00 00 F3 BB BB BB BB BB BB 06 00 00 00 00 00 14 01 00 02 00 14 FE FE FE FE 68 06 00 00 00 00 00 68 11 04 33 34 34 35 BB 16 00 51 16 
15:47:30.004-<<<<-接收-68 2B 00 C3 00 00 00 00 00 F3 06 02 00 01 00 02 00 00 16 FE FE FE FE 68 06 00 00 00 00 00 68 91 06 33 34 34 35 87 53 17 16 13 16 
15:47:30.004->>>>-发送-68 1B 00 43 04 00 00 00 00 F3 BB BB BB BB BB BB 06 00 00 00 00 00 00 01 00 A3 16 
15:47:30.114-<<<<-接收-68 18 00 C3 00 00 00 00 00 F5 14 01 00 01 06 00 00 00 00 00 02 00 D6 16 
15:47:39.974-<<<<-接收-68 18 00 C3 00 00 00 00 00 F5 14 01 00 01 06 00 00 00 00 00 02 00 D6 16 
15:47:39.974->>>>-发送-68 1F 00 43 04 00 00 00 00 F5 BB BB BB BB BB BB 06 00 00 00 00 00 14 01 00 00 00 00 00 B9 16 
15:47:40.099-<<<<-接收-68 18 00 C3 00 00 00 00 00 F6 14 01 00 01 11 11 11 11 11 11 04 00 39 16 
15:47:46.100->>>>-发送-68 0F 00 43 00 00 00 00 00 05 F0 04 00 3C 16 
15:47:46.194-<<<<-接收-68 1C 00 83 00 00 00 00 00 05 F0 04 00 01 02 03 00 11 11 11 11 11 11 00 03 00 EB 16 
15:47:46.256->>>>-发送-68 0F 00 43 00 00 00 00 00 06 03 08 00 54 16 
15:47:46.350-<<<<-接收-68 15 00 83 00 00 00 00 00 06 03 08 00 BB BB BB BB BB BB F6 16 
15:47:46.350->>>>-发送-68 0F 00 43 00 00 00 00 00 07 10 01 00 5B 16 
15:47:46.444-<<<<-接收-68 13 00 83 00 00 00 00 04 07 10 01 00 03 00 F8 03 9D 16 
15:47:46.444->>>>-发送-68 12 00 43 00 00 00 00 00 08 10 02 00 01 00 03 61 16 
15:47:46.584-<<<<-接收-68 2A 00 83 30 40 00 00 42 08 10 02 00 03 00 03 06 00 00 00 00 00 00 10 00 01 00 00 00 00 00 10 11 11 11 11 11 11 00 10 F2 16 
15:47:49.975-<<<<-接收-68 18 00 C3 00 00 00 00 00 F6 14 01 00 01 11 11 11 11 11 11 04 00 39 16 
15:47:49.975->>>>-发送-68 33 00 43 04 00 00 00 00 F6 BB BB BB BB BB BB 11 11 11 11 11 11 14 01 00 02 00 14 FE FE FE FE 68 11 11 11 11 11 11 68 11 04 33 34 34 35 1B 16 00 74 16 
15:47:50.757-<<<<-接收-68 2B 00 C3 00 00 00 00 00 F6 06 02 00 03 00 02 00 00 16 FE FE FE FE 68 11 11 11 11 11 11 68 91 06 33 34 34 35 7C 53 6C 16 C2 16 
15:47:50.772->>>>-发送-68 1B 00 43 04 00 00 00 00 F6 BB BB BB BB BB BB 11 11 11 11 11 11 00 01 00 06 16 
15:47:50.897-<<<<-接收-68 18 00 C3 00 00 00 00 00 F8 14 01 00 01 11 11 11 11 11 11 04 00 3B 16 
15:48:00.742-<<<<-接收-68 18 00 C3 00 00 00 00 00 F8 14 01 00 01 11 11 11 11 11 11 04 00 3B 16 
15:48:00.742->>>>-发送-68 1F 00 43 04 00 00 00 00 F8 BB BB BB BB BB BB 11 11 11 11 11 11 14 01 00 00 00 00 00 1C 16 
15:48:00.883-<<<<-接收-68 18 00 C3 00 00 00 00 00 F9 14 01 00 01 06 00 00 00 00 00 02 00 DA 16 
15:48:06.883->>>>-发送-68 0F 00 43 00 00 00 00 00 09 F0 04 00 40 16 
15:48:06.993-<<<<-接收-68 1C 00 83 F8 F0 00 00 00 09 F0 04 00 01 02 01 00 06 00 00 00 00 00 00 03 00 75 16 
15:48:07.055->>>>-发送-68 0F 00 43 00 00 00 00 00 0A 03 08 00 58 16 
15:48:07.165-<<<<-接收-68 15 00 83 F8 F0 00 00 00 0A 03 08 00 BB BB BB BB BB BB E2 16 
15:48:07.165->>>>-发送-68 0F 00 43 00 00 00 00 00 0B 10 01 00 5F 16 
15:48:07.274-<<<<-接收-68 13 00 83 00 00 00 00 04 0B 10 01 00 03 00 F8 03 A1 16 
15:48:07.274->>>>-发送-68 12 00 43 00 00 00 00 00 0C 10 02 00 01 00 03 65 16 
15:48:07.415-<<<<-接收-68 2A 00 83 00 00 00 00 00 0C 10 02 00 03 00 03 06 00 00 00 00 00 00 10 00 01 00 00 00 00 00 10 11 11 11 11 11 11 00 10 44 16 
15:48:10.727-<<<<-接收-68 18 00 C3 00 00 00 00 00 F9 14 01 00 01 06 00 00 00 00 00 02 00 DA 16 
15:48:10.727->>>>-发送-68 33 00 43 04 00 00 00 00 F9 BB BB BB BB BB BB 06 00 00 00 00 00 14 01 00 02 00 14 FE FE FE FE 68 06 00 00 00 00 00 68 11 04 33 34 34 35 BB 16 00 57 16 
15:48:11.384-<<<<-接收-68 2B 00 C3 00 00 00 00 00 F9 06 02 00 01 00 02 00 00 16 FE FE FE FE 68 06 00 00 00 00 00 68 91 06 33 34 34 35 85 53 15 16 15 16 
15:48:11.384->>>>-发送-68 1B 00 43 04 00 00 00 00 F9 BB BB BB BB BB BB 06 00 00 00 00 00 00 01 00 A9 16 
15:48:11.509-<<<<-接收-68 18 00 C3 00 00 00 00 00 FB 14 01 00 01 06 00 00 00 00 00 02 00 DC 16 
15:48:21.369-<<<<-接收-68 18 00 C3 00 00 00 00 00 FB 14 01 00 01 06 00 00 00 00 00 02 00 DC 16 
15:48:21.369->>>>-发送-68 1F 00 43 04 00 00 00 00 FB BB BB BB BB BB BB 06 00 00 00 00 00 14 01 00 00 00 00 00 BF 16 
15:48:21.494-<<<<-接收-68 18 00 C3 00 00 00 00 00 FC 14 01 00 01 11 11 11 11 11 11 04 00 3F 16 
15:48:27.495->>>>-发送-68 0F 00 43 00 00 00 00 00 0D F0 04 00 44 16 
15:48:27.589-<<<<-接收-68 1C 00 83 00 00 00 00 00 0D F0 04 00 01 02 03 00 11 11 11 11 11 11 00 03 00 F3 16 
15:48:27.651->>>>-发送-68 0F 00 43 00 00 00 00 00 0E 03 08 00 5C 16 
15:48:27.761-<<<<-接收-68 15 00 83 00 00 00 00 00 0E 03 08 00 BB BB BB BB BB BB FE 16 
15:48:27.761->>>>-发送-68 0F 00 43 00 00 00 00 00 0F 10 01 00 63 16 
15:48:27.870-<<<<-接收-68 13 00 83 00 00 00 00 00 0F 10 01 00 03 00 F8 03 A1 16 
15:48:27.870->>>>-发送-68 12 00 43 00 00 00 00 00 10 10 02 00 01 00 03 69 16 
15:48:28.011-<<<<-接收-68 2A 00 83 00 00 00 00 00 10 10 02 00 03 00 03 06 00 00 00 00 00 00 10 00 01 00 00 00 00 00 10 11 11 11 11 11 11 00 10 48 16 
15:48:31.355-<<<<-接收-68 18 00 C3 00 00 00 00 00 FC 14 01 00 01 11 11 11 11 11 11 04 00 3F 16 
15:48:31.355->>>>-发送-68 33 00 43 04 00 00 00 00 FC BB BB BB BB BB BB 11 11 11 11 11 11 14 01 00 02 00 14 FE FE FE FE 68 11 11 11 11 11 11 68 11 04 33 34 34 35 1B 16 00 7A 16 
15:48:32.402-<<<<-接收-68 2B 00 C3 00 00 00 00 00 FC 06 02 00 03 00 02 00 00 16 FE FE FE FE 68 11 11 11 11 11 11 68 91 06 33 34 34 35 84 53 74 16 D8 16 
15:48:32.417->>>>-发送-68 1B 00 43 04 00 00 00 00 FC BB BB BB BB BB BB 11 11 11 11 11 11 00 01 00 0C 16 
15:48:32.542-<<<<-接收-68 18 00 C3 00 00 00 00 00 FE 14 01 00 01 11 11 11 11 11 11 04 00 41 16 
15:48:42.403-<<<<-接收-68 18 00 C3 00 00 00 00 00 FE 14 01 00 01 11 11 11 11 11 11 04 00 41 16 
15:48:42.403->>>>-发送-68 1F 00 43 04 00 00 00 00 FE BB BB BB BB BB BB 11 11 11 11 11 11 14 01 00 00 00 00 00 22 16 
15:48:42.528-<<<<-接收-68 18 00 C3 00 00 00 00 00 FF 14 01 00 01 06 00 00 00 00 00 02 00 E0 16 
15:48:48.528->>>>-发送-68 0F 00 43 00 00 00 00 00 11 F0 04 00 48 16 
15:48:48.638-<<<<-接收-68 1C 00 83 00 00 00 00 00 11 F0 04 00 01 02 01 00 06 00 00 00 00 00 00 03 00 95 16 
15:48:48.700->>>>-发送-68 0F 00 43 00 00 00 00 00 12 03 08 00 60 16 
15:48:48.794-<<<<-接收-68 15 00 83 00 00 00 00 00 12 03 08 00 BB BB BB BB BB BB 02 16 
15:48:48.794->>>>-发送-68 0F 00 43 00 00 00 00 00 13 10 01 00 67 16 
15:48:48.903-<<<<-接收-68 13 00 83 00 00 00 00 04 13 10 01 00 03 00 F8 03 A9 16 
15:48:48.903->>>>-发送-68 12 00 43 00 00 00 00 00 14 10 02 00 01 00 03 6D 16 
15:48:49.044-<<<<-接收-68 2A 00 83 30 40 00 00 42 14 10 02 00 03 00 03 06 00 00 00 00 00 00 10 00 01 00 00 00 00 00 10 11 11 11 11 11 11 00 10 FE 16 
15:48:52.388-<<<<-接收-68 18 00 C3 00 00 00 00 00 FF 14 01 00 01 06 00 00 00 00 00 02 00 E0 16 
15:48:52.388->>>>-发送-68 33 00 43 04 00 00 00 00 FF BB BB BB BB BB BB 06 00 00 00 00 00 14 01 00 02 00 14 FE FE FE FE 68 06 00 00 00 00 00 68 11 04 33 34 34 35 BB 16 00 5D 16 
15:48:53.232-<<<<-接收-68 2B 00 C3 00 00 00 00 00 FF 06 02 00 01 00 02 00 00 16 FE FE FE FE 68 06 00 00 00 00 00 68 91 06 33 34 34 35 83 53 13 16 17 16 
15:48:53.232->>>>-发送-68 1B 00 43 04 00 00 00 00 FF BB BB BB BB BB BB 06 00 00 00 00 00 00 01 00 AF 16 
15:48:53.373-<<<<-接收-68 18 00 C3 00 00 00 00 00 01 14 01 00 01 06 00 00 00 00 00 02 00 E2 16 
15:49:03.217-<<<<-接收-68 18 00 C3 00 00 00 00 00 01 14 01 00 01 06 00 00 00 00 00 02 00 E2 16 
15:49:03.217->>>>-发送-68 1F 00 43 04 00 00 00 00 01 BB BB BB BB BB BB 06 00 00 00 00 00 14 01 00 00 00 00 00 C5 16 
15:49:03.342-<<<<-接收-68 18 00 C3 00 00 00 00 00 02 14 01 00 01 11 11 11 11 11 11 04 00 45 16 
15:49:09.343->>>>-发送-68 0F 00 43 00 00 00 00 00 15 F0 04 00 4C 16 
15:49:09.452-<<<<-接收-68 1C 00 83 00 00 00 00 00 15 F0 04 00 01 02 03 00 11 11 11 11 11 11 00 03 00 FB 16 
15:49:09.515->>>>-发送-68 0F 00 43 00 00 00 00 00 16 03 08 00 64 16 
15:49:09.609-<<<<-接收-68 15 00 83 00 00 00 00 00 16 03 08 00 BB BB BB BB BB BB 06 16 
15:49:09.609->>>>-发送-68 0F 00 43 00 00 00 00 00 17 10 01 00 6B 16 
15:49:09.702-<<<<-接收-68 13 00 83 00 00 00 00 04 17 10 01 00 03 00 F8 03 AD 16 
15:49:09.702->>>>-发送-68 12 00 43 00 00 00 00 00 18 10 02 00 01 00 03 71 16 
15:49:09.843-<<<<-接收-68 2A 00 83 30 40 00 00 42 18 10 02 00 03 00 03 06 00 00 00 00 00 00 10 00 01 00 00 00 00 00 10 11 11 11 11 11 11 00 10 02 16 
15:49:13.203-<<<<-接收-68 18 00 C3 00 00 00 00 00 02 14 01 00 01 11 11 11 11 11 11 04 00 45 16 
15:49:13.203->>>>-发送-68 33 00 43 04 00 00 00 00 02 BB BB BB BB BB BB 11 11 11 11 11 11 14 01 00 02 00 14 FE FE FE FE 68 11 11 11 11 11 11 68 11 04 33 34 34 35 1B 16 00 80 16 
15:49:14.015-<<<<-接收-68 2B 00 C3 00 00 00 00 00 02 06 02 00 03 00 02 00 00 16 FE FE FE FE 68 11 11 11 11 11 11 68 91 06 33 34 34 35 7B 53 6B 16 CC 16 
15:49:14.015->>>>-发送-68 1B 00 43 04 00 00 00 00 02 BB BB BB BB BB BB 11 11 11 11 11 11 00 01 00 12 16 
15:49:14.156-<<<<-接收-68 18 00 C3 00 00 00 00 00 04 14 01 00 01 11 11 11 11 11 11 04 00 47 16 
15:49:24.001-<<<<-接收-68 18 00 C3 00 00 00 00 00 04 14 01 00 01 11 11 11 11 11 11 04 00 47 16 
15:49:24.001->>>>-发送-68 1F 00 43 04 00 00 00 00 04 BB BB BB BB BB BB 11 11 11 11 11 11 14 01 00 00 00 00 00 28 16 
15:49:24.126-<<<<-接收-68 18 00 C3 00 00 00 00 00 05 14 01 00 01 06 00 00 00 00 00 02 00 E6 16 
15:49:30.127->>>>-发送-68 0F 00 43 00 00 00 00 00 19 F0 04 00 50 16 
15:49:30.220-<<<<-接收-68 1C 00 83 00 00 00 00 00 19 F0 04 00 01 02 01 00 06 00 00 00 00 00 00 03 00 9D 16 
15:49:30.283->>>>-发送-68 0F 00 43 00 00 00 00 00 1A 03 08 00 68 16 
15:49:30.392-<<<<-接收-68 15 00 83 00 00 00 00 00 1A 03 08 00 BB BB BB BB BB BB 0A 16 
15:49:30.392->>>>-发送-68 0F 00 43 00 00 00 00 00 1B 10 01 00 6F 16 
15:49:30.502-<<<<-接收-68 13 00 83 00 00 00 00 04 1B 10 01 00 03 00 F8 03 B1 16 
15:49:30.502->>>>-发送-68 12 00 43 00 00 00 00 00 1C 10 02 00 01 00 03 75 16 
15:49:30.642-<<<<-接收-68 2A 00 83 30 40 00 00 42 1C 10 02 00 03 00 03 06 00 00 00 00 00 00 10 00 01 00 00 00 00 00 10 11 11 11 11 11 11 00 10 06 16 
15:49:33.986-<<<<-接收-68 18 00 C3 00 00 00 00 00 05 14 01 00 01 06 00 00 00 00 00 02 00 E6 16 
15:49:33.986->>>>-发送-68 33 00 43 04 00 00 00 00 05 BB BB BB BB BB BB 06 00 00 00 00 00 14 01 00 02 00 14 FE FE FE FE 68 06 00 00 00 00 00 68 11 04 33 34 34 35 BB 16 00 63 16 
15:49:34.627-<<<<-接收-68 2B 00 C3 00 00 00 00 00 05 06 02 00 01 00 02 00 00 16 FE FE FE FE 68 06 00 00 00 00 00 68 91 06 33 34 34 35 84 53 14 16 1F 16 
15:49:34.627->>>>-发送-68 1B 00 43 04 00 00 00 00 05 BB BB BB BB BB BB 06 00 00 00 00 00 00 01 00 B5 16 
15:49:34.752-<<<<-接收-68 18 00 C3 00 00 00 00 00 07 14 01 00 01 06 00 00 00 00 00 02 00 E8 16 
15:52:37.266->>>>-发送-68 0F 00 43 00 00 00 00 00 00 F0 04 00 37 16 
15:52:37.376-<<<<-接收-68 1C 00 83 08 00 00 00 00 00 F0 04 00 01 02 01 00 06 00 00 00 00 00 00 03 00 8C 16 
15:52:44.142->>>>-发送-68 0F 00 43 00 00 00 00 00 01 F0 04 00 38 16 
15:52:44.251-<<<<-接收-68 1C 00 83 00 00 00 00 00 01 F0 04 00 01 02 01 00 06 00 00 00 00 00 00 03 00 85 16 
15:52:44.314->>>>-发送-68 0F 00 43 00 00 00 00 00 02 03 08 00 50 16 
15:52:44.423-<<<<-接收-68 15 00 83 00 00 00 00 00 02 03 08 00 BB BB BB BB BB BB F2 16 
15:52:44.423->>>>-发送-68 0F 00 43 00 00 00 00 00 03 10 01 00 57 16 
15:52:44.533-<<<<-接收-68 13 00 83 00 00 00 00 00 03 10 01 00 03 00 F8 03 95 16 
15:52:44.533->>>>-发送-68 12 00 43 00 00 00 00 00 04 10 02 00 01 00 03 5D 16 
15:52:44.673-<<<<-接收-68 2A 00 83 00 00 00 00 FE 04 10 02 00 03 00 03 06 00 00 00 00 00 00 10 00 01 00 00 00 00 00 10 11 11 11 11 11 11 00 10 3A 16 
15:52:51.971-<<<<-接收-68 18 00 C3 00 00 00 00 00 0D 14 01 00 01 06 00 00 00 00 00 02 00 EE 16 
15:52:51.971->>>>-发送-68 33 00 43 04 00 00 00 00 0D BB BB BB BB BB BB 06 00 00 00 00 00 14 01 00 02 00 14 FE FE FE FE 68 06 00 00 00 00 00 68 11 04 33 34 34 35 BB 16 00 6B 16 
15:52:52.768-<<<<-接收-68 2B 00 C3 00 00 00 00 00 0D 06 02 00 01 00 02 00 00 16 FE FE FE FE 68 06 00 00 00 00 00 68 91 06 33 34 34 35 7B 53 0B 16 15 16 
15:52:52.768->>>>-发送-68 1B 00 43 04 00 00 00 00 0D BB BB BB BB BB BB 06 00 00 00 00 00 00 01 00 BD 16 
15:52:52.877-<<<<-接收-68 18 00 C3 00 00 00 00 00 0F 14 01 00 01 06 00 00 00 00 00 02 00 F0 16 
15:53:02.738-<<<<-接收-68 18 00 C3 00 00 00 00 00 0F 14 01 00 01 06 00 00 00 00 00 02 00 F0 16 
15:53:02.738->>>>-发送-68 1F 00 43 04 00 00 00 00 0F BB BB BB BB BB BB 06 00 00 00 00 00 14 01 00 00 00 00 00 D3 16 
15:53:02.863-<<<<-接收-68 18 00 C3 00 00 00 00 00 10 14 01 00 01 11 11 11 11 11 11 04 00 53 16 
15:53:32.866->>>>-发送-68 0F 00 43 00 00 00 00 00 05 F0 04 00 3C 16 
15:53:32.960-<<<<-接收-68 1C 00 83 00 00 00 00 00 05 F0 04 00 01 02 01 00 06 00 00 00 00 00 00 03 00 89 16 
15:53:33.022->>>>-发送-68 0F 00 43 00 00 00 00 00 06 03 08 00 54 16 
15:53:33.116-<<<<-接收-68 15 00 83 00 00 00 00 00 06 03 08 00 BB BB BB BB BB BB F6 16 
15:53:33.116->>>>-发送-68 0F 00 43 00 00 00 00 00 07 10 01 00 5B 16 
15:53:33.225-<<<<-接收-68 13 00 83 00 00 00 00 04 07 10 01 00 03 00 F8 03 9D 16 
15:53:33.225->>>>-发送-68 12 00 43 00 00 00 00 00 08 10 02 00 01 00 03 61 16 
15:53:33.366-<<<<-接收-68 2A 00 83 30 40 00 00 42 08 10 02 00 03 00 03 06 00 00 00 00 00 00 10 00 01 00 00 00 00 00 10 11 11 11 11 11 11 00 10 F2 16 
15:53:42.320-<<<<-接收-68 18 00 C3 00 00 00 00 00 11 14 01 00 01 06 00 00 00 00 00 02 00 F2 16 
15:53:42.320->>>>-发送-68 33 00 43 04 00 00 00 00 11 BB BB BB BB BB BB 06 00 00 00 00 00 14 01 00 02 00 14 FE FE FE FE 68 06 00 00 00 00 00 68 11 04 33 34 34 35 BB 16 00 6F 16 
15:53:42.898-<<<<-接收-68 2B 00 C3 00 00 00 00 00 11 06 02 00 01 00 02 00 00 16 FE FE FE FE 68 06 00 00 00 00 00 68 91 06 33 34 34 35 86 53 16 16 2F 16 
15:53:42.914->>>>-发送-68 1B 00 43 04 00 00 00 00 11 BB BB BB BB BB BB 06 00 00 00 00 00 00 01 00 C1 16 
15:53:43.039-<<<<-接收-68 18 00 C3 00 00 00 00 00 13 14 01 00 01 06 00 00 00 00 00 02 00 F4 16 
15:53:52.899-<<<<-接收-68 18 00 C3 00 00 00 00 00 13 14 01 00 01 06 00 00 00 00 00 02 00 F4 16 
15:53:52.899->>>>-发送-68 1F 00 43 04 00 00 00 00 13 BB BB BB BB BB BB 06 00 00 00 00 00 14 01 00 00 00 00 00 D7 16 
15:53:53.024-<<<<-接收-68 18 00 C3 00 00 00 00 00 14 14 01 00 01 11 11 11 11 11 11 04 00 57 16 
15:54:23.012->>>>-发送-68 0F 00 43 00 00 00 00 00 09 F0 04 00 40 16 
15:54:23.106-<<<<-接收-68 1C 00 83 00 00 00 00 00 09 F0 04 00 01 02 01 00 06 00 00 00 00 00 00 03 00 8D 16 
15:54:23.168->>>>-发送-68 0F 00 43 00 00 00 00 00 0A 03 08 00 58 16 
15:54:23.262-<<<<-接收-68 15 00 83 00 00 00 00 00 0A 03 08 00 BB BB BB BB BB BB FA 16 
15:54:23.262->>>>-发送-68 0F 00 43 00 00 00 00 00 0B 10 01 00 5F 16 
15:54:23.356-<<<<-接收-68 13 00 83 00 00 00 00 04 0B 10 01 00 03 00 F8 03 A1 16 
15:54:23.356->>>>-发送-68 12 00 43 00 00 00 00 00 0C 10 02 00 01 00 03 65 16 
15:54:23.481-<<<<-接收-68 2A 00 83 30 40 00 00 42 0C 10 02 00 03 00 03 06 00 00 00 00 00 00 10 00 01 00 00 00 00 00 10 11 11 11 11 11 11 00 10 F6 16 
15:54:32.482-<<<<-接收-68 18 00 C3 00 00 00 00 00 15 14 01 00 01 06 00 00 00 00 00 02 00 F6 16 
15:57:45.959->>>>-发送-68 0F 00 43 00 00 00 00 00 00 F0 04 00 37 16 
15:57:46.053-<<<<-接收-68 1C 00 83 10 00 00 00 FE 00 F0 04 00 01 02 01 00 06 00 00 00 00 00 00 03 00 92 16 
15:57:47.053->>>>-发送-68 0F 00 43 00 00 00 00 00 01 F0 04 00 38 16 
15:57:47.147-<<<<-接收-68 1C 00 83 38 30 00 00 FE 01 F0 04 00 01 02 01 00 06 00 00 00 00 00 00 03 00 EB 16 
15:57:47.209->>>>-发送-68 0F 00 43 00 00 00 00 00 02 03 08 00 50 16 
15:57:47.303-<<<<-接收-68 15 00 83 38 30 00 00 FE 02 03 08 00 BB BB BB BB BB BB 58 16 
15:57:47.303->>>>-发送-68 0F 00 43 00 00 00 00 00 03 10 01 00 57 16 
15:57:47.413-<<<<-接收-68 13 00 83 F8 10 00 00 FE 03 10 01 00 03 00 F8 03 9B 16 
15:57:47.413->>>>-发送-68 12 00 43 00 00 00 00 00 04 10 02 00 01 00 03 5D 16 
15:57:47.553-<<<<-接收-68 2A 00 83 00 00 00 00 FE 04 10 02 00 03 00 03 06 00 00 00 00 00 00 10 00 01 00 00 00 00 00 10 11 11 11 11 11 11 00 10 3A 16 
15:57:49.694-<<<<-接收-68 18 00 C3 00 00 00 00 00 1C 14 01 00 01 11 11 11 11 11 11 04 00 5F 16 
15:57:49.694->>>>-发送-68 33 00 43 04 00 00 00 00 1C BB BB BB BB BB BB 11 11 11 11 11 11 14 01 00 02 00 14 FE FE FE FE 68 11 11 11 11 11 11 68 11 04 33 34 34 35 1B 16 00 9A 16 
15:58:54.732-<<<<-接收-68 18 00 C3 00 00 00 00 00 1D 14 01 00 01 06 00 00 00 00 00 02 00 FE 16 
15:58:54.732->>>>-发送-68 33 00 43 04 00 00 00 00 1D BB BB BB BB BB BB 06 00 00 00 00 00 14 01 00 02 00 14 FE FE FE FE 68 06 00 00 00 00 00 68 11 04 33 34 34 35 BB 16 00 7B 16 
15:58:55.295-<<<<-接收-68 2B 00 C3 00 00 00 00 00 1D 06 02 00 01 00 02 00 00 16 FE FE FE FE 68 06 00 00 00 00 00 68 91 06 33 34 34 35 95 53 25 16 59 16 
15:58:55.295->>>>-发送-68 1B 00 43 04 00 00 00 00 1D BB BB BB BB BB BB 06 00 00 00 00 00 00 01 00 CD 16 
15:58:55.420-<<<<-接收-68 18 00 C3 00 00 00 00 00 1F 14 01 00 01 06 00 00 00 00 00 02 00 00 16 
15:59:05.280-<<<<-接收-68 18 00 C3 00 00 00 00 00 1F 14 01 00 01 06 00 00 00 00 00 02 00 00 16 
15:59:05.280->>>>-发送-68 33 00 43 04 00 00 00 00 1F BB BB BB BB BB BB 06 00 00 00 00 00 14 01 00 02 00 14 FE FE FE FE 68 06 00 00 00 00 00 68 11 04 33 34 34 35 BB 16 00 7D 16 
15:59:05.968-<<<<-接收-68 2B 00 C3 00 00 00 00 00 1F 06 02 00 01 00 02 00 00 16 FE FE FE FE 68 06 00 00 00 00 00 68 91 06 33 34 34 35 97 53 27 16 5F 16 
15:59:05.968->>>>-发送-68 1B 00 43 04 00 00 00 00 1F BB BB BB BB BB BB 06 00 00 00 00 00 00 01 00 CF 16 
15:59:06.077-<<<<-接收-68 18 00 C3 00 00 00 00 00 21 14 01 00 01 06 00 00 00 00 00 02 00 02 16 
15:59:36.096->>>>-发送-68 0F 00 43 00 00 00 00 00 05 F0 04 00 3C 16 
15:59:36.206-<<<<-接收-68 1C 00 83 00 00 00 00 00 05 F0 04 00 01 02 03 00 11 11 11 11 11 11 00 03 00 EB 16 
15:59:36.284->>>>-发送-68 0F 00 43 00 00 00 00 00 06 03 08 00 54 16 
15:59:36.393-<<<<-接收-68 15 00 83 00 00 00 00 00 06 03 08 00 BB BB BB BB BB BB F6 16 
15:59:36.393->>>>-发送-68 0F 00 43 00 00 00 00 00 07 10 01 00 5B 16 
15:59:36.502-<<<<-接收-68 13 00 83 00 00 00 00 04 07 10 01 00 03 00 F8 03 9D 16 
15:59:36.502->>>>-发送-68 12 00 43 00 00 00 00 00 08 10 02 00 01 00 03 61 16 
15:59:36.643-<<<<-接收-68 2A 00 83 30 40 00 00 42 08 10 02 00 03 00 03 06 00 00 00 00 00 00 10 00 01 00 00 00 00 00 10 11 11 11 11 11 11 00 10 F2 16 
15:59:45.535-<<<<-接收-68 18 00 C3 00 00 00 00 00 22 14 01 00 01 11 11 11 11 11 11 04 00 65 16 
15:59:45.535->>>>-发送-68 33 00 43 04 00 00 00 00 22 BB BB BB BB BB BB 11 11 11 11 11 11 14 01 00 02 00 14 FE FE FE FE 68 11 11 11 11 11 11 68 11 04 33 34 34 35 1B 16 00 A0 16 
16:00:50.557-<<<<-接收-68 18 00 C3 00 00 00 00 00 23 14 01 00 01 06 00 00 00 00 00 02 00 04 16 
16:00:50.557->>>>-发送-68 33 00 43 04 00 00 00 00 23 BB BB BB BB BB BB 06 00 00 00 00 00 14 01 00 02 00 14 FE FE FE FE 68 06 00 00 00 00 00 68 11 04 33 34 34 35 BB 16 00 81 16 
16:00:51.213-<<<<-接收-68 2B 00 C3 00 00 00 00 00 23 06 02 00 01 00 02 00 00 16 FE FE FE FE 68 06 00 00 00 00 00 68 91 06 33 34 34 35 97 53 27 16 63 16 
16:00:51.229->>>>-发送-68 1B 00 43 04 00 00 00 00 23 BB BB BB BB BB BB 06 00 00 00 00 00 00 01 00 D3 16 
16:00:51.354-<<<<-接收-68 18 00 C3 00 00 00 00 00 25 14 01 00 01 06 00 00 00 00 00 02 00 06 16 
16:01:01.199-<<<<-接收-68 18 00 C3 00 00 00 00 00 25 14 01 00 01 06 00 00 00 00 00 02 00 06 16 
16:01:01.199->>>>-发送-68 33 00 43 04 00 00 00 00 25 BB BB BB BB BB BB 06 00 00 00 00 00 14 01 00 02 00 14 FE FE FE FE 68 06 00 00 00 00 00 68 11 04 33 34 34 35 BB 16 00 83 16 
16:01:46.876->>>>-发送-68 0F 00 43 00 00 00 00 00 09 F0 04 00 40 16 
16:01:47.001-<<<<-接收-68 1C 00 83 10 00 00 00 00 09 F0 04 00 01 06 01 00 06 00 00 00 00 00 00 03 00 A1 16 
16:01:47.063->>>>-发送-68 0F 00 43 00 00 00 00 00 0A 03 08 00 58 16 
16:01:47.173-<<<<-接收-68 15 00 83 10 00 00 00 00 0A 03 08 00 BB BB BB BB BB BB 0A 16 
16:01:47.173->>>>-发送-68 0F 00 43 00 00 00 00 00 0B 10 01 00 5F 16 
16:01:47.282-<<<<-接收-68 13 00 83 00 00 00 00 04 0B 10 01 00 03 00 F8 03 A1 16 
16:01:47.282->>>>-发送-68 12 00 43 00 00 00 00 00 0C 10 02 00 01 00 03 65 16 
16:01:47.423-<<<<-接收-68 2A 00 83 00 00 00 00 00 0C 10 02 00 03 00 03 06 00 00 00 00 00 00 10 00 01 00 00 00 00 00 10 11 11 11 11 11 11 00 10 44 16 
16:01:54.033-<<<<-接收-68 2B 00 C3 00 00 00 00 00 25 06 02 00 01 00 02 00 00 16 FE FE FE FE 68 06 00 00 00 00 00 68 91 06 33 34 34 35 97 53 27 16 65 16 
16:02:03.878-<<<<-接收-68 18 00 C3 00 00 00 00 00 27 14 01 00 01 11 11 11 11 11 11 04 00 6A 16 
16:02:03.878->>>>-发送-68 33 00 43 04 00 00 00 00 27 BB BB BB BB BB BB 11 11 11 11 11 11 14 01 00 02 00 14 FE FE FE FE 68 11 11 11 11 11 11 68 11 04 33 34 34 35 1B 16 00 A5 16 
16:03:08.900-<<<<-接收-68 18 00 C3 00 00 00 00 00 28 14 01 00 01 06 00 00 00 00 00 02 00 09 16 
16:03:08.900->>>>-发送-68 33 00 43 04 00 00 00 00 28 BB BB BB BB BB BB 06 00 00 00 00 00 14 01 00 02 00 14 FE FE FE FE 68 06 00 00 00 00 00 68 11 04 33 34 34 35 BB 16 00 86 16 
16:03:09.510-<<<<-接收-68 2B 00 C3 00 00 00 00 00 28 06 02 00 01 00 02 00 00 16 FE FE FE FE 68 06 00 00 00 00 00 68 91 06 33 34 34 35 97 53 27 16 68 16 
16:03:09.510->>>>-发送-68 1B 00 43 04 00 00 00 00 28 BB BB BB BB BB BB 06 00 00 00 00 00 00 01 00 D8 16 
16:03:09.635-<<<<-接收-68 18 00 C3 00 00 00 00 00 2A 14 01 00 01 06 00 00 00 00 00 02 00 0B 16 
16:03:19.479-<<<<-接收-68 18 00 C3 00 00 00 00 00 2A 14 01 00 01 06 00 00 00 00 00 02 00 0B 16 
16:03:19.479->>>>-发送-68 33 00 43 04 00 00 00 00 2A BB BB BB BB BB BB 06 00 00 00 00 00 14 01 00 02 00 14 FE FE FE FE 68 06 00 00 00 00 00 68 11 04 33 34 34 35 BB 16 00 88 16 
16:03:20.229-<<<<-接收-68 2B 00 C3 00 00 00 00 00 2A 06 02 00 01 00 02 00 00 16 FE FE FE FE 68 06 00 00 00 00 00 68 91 06 33 34 34 35 9C 53 2C 16 74 16 
16:03:20.229->>>>-发送-68 1B 00 43 04 00 00 00 00 2A BB BB BB BB BB BB 06 00 00 00 00 00 00 01 00 DA 16 
16:03:20.354-<<<<-接收-68 18 00 C3 00 00 00 00 00 2C 14 01 00 01 06 00 00 00 00 00 02 00 0D 16 
16:03:50.358->>>>-发送-68 0F 00 43 00 00 00 00 00 0D F0 04 00 44 16 
16:03:50.467-<<<<-接收-68 1C 00 83 00 00 00 00 00 0D F0 04 00 01 02 03 00 11 11 11 11 11 11 00 03 00 F3 16 
16:03:50.530->>>>-发送-68 0F 00 43 00 00 00 00 00 0E 03 08 00 5C 16 
16:03:50.623-<<<<-接收-68 15 00 83 00 00 00 00 00 0E 03 08 00 BB BB BB BB BB BB FE 16 
16:03:50.623->>>>-发送-68 0F 00 43 00 00 00 00 00 0F 10 01 00 63 16 
16:03:50.733-<<<<-接收-68 13 00 83 00 00 00 00 04 0F 10 01 00 03 00 F8 03 A5 16 
16:03:50.733->>>>-发送-68 12 00 43 00 00 00 00 00 10 10 02 00 01 00 03 69 16 
16:03:50.873-<<<<-接收-68 2A 00 83 30 40 00 00 42 10 10 02 00 03 00 03 06 00 00 00 00 00 00 10 00 01 00 00 00 00 00 10 11 11 11 11 11 11 00 10 FA 16 
16:03:59.796-<<<<-接收-68 18 00 C3 00 00 00 00 00 2D 14 01 00 01 11 11 11 11 11 11 04 00 70 16 
16:03:59.796->>>>-发送-68 33 00 43 04 00 00 00 00 2D BB BB BB BB BB BB 11 11 11 11 11 11 14 01 00 02 00 14 FE FE FE FE 68 11 11 11 11 11 11 68 11 04 33 34 34 35 1B 16 00 AB 16 
16:05:04.834-<<<<-接收-68 18 00 C3 00 00 00 00 00 2E 14 01 00 01 06 00 00 00 00 00 02 00 0F 16 
16:05:04.834->>>>-发送-68 33 00 43 04 00 00 00 00 2E BB BB BB BB BB BB 06 00 00 00 00 00 14 01 00 02 00 14 FE FE FE FE 68 06 00 00 00 00 00 68 11 04 33 34 34 35 BB 16 00 8C 16 
16:05:05.459-<<<<-接收-68 2B 00 C3 00 00 00 00 00 2E 06 02 00 01 00 02 00 00 16 FE FE FE FE 68 06 00 00 00 00 00 68 91 06 33 34 34 35 99 53 29 16 72 16 
16:05:05.459->>>>-发送-68 1B 00 43 04 00 00 00 00 2E BB BB BB BB BB BB 06 00 00 00 00 00 00 01 00 DE 16 
16:05:05.584-<<<<-接收-68 18 00 C3 00 00 00 00 00 30 14 01 00 01 06 00 00 00 00 00 02 00 11 16 
16:05:15.429-<<<<-接收-68 18 00 C3 00 00 00 00 00 30 14 01 00 01 06 00 00 00 00 00 02 00 11 16 
16:05:15.429->>>>-发送-68 33 00 43 04 00 00 00 00 30 BB BB BB BB BB BB 06 00 00 00 00 00 14 01 00 02 00 14 FE FE FE FE 68 06 00 00 00 00 00 68 11 04 33 34 34 35 BB 16 00 8E 16 
16:05:16.132-<<<<-接收-68 2B 00 C3 00 00 00 00 00 30 06 02 00 01 00 02 00 00 16 FE FE FE FE 68 06 00 00 00 00 00 68 91 06 33 34 34 35 96 53 26 16 6E 16 
16:05:16.132->>>>-发送-68 1B 00 43 04 00 00 00 00 30 BB BB BB BB BB BB 06 00 00 00 00 00 00 01 00 E0 16 
16:05:16.273-<<<<-接收-68 18 00 C3 00 00 00 00 00 32 14 01 00 01 06 00 00 00 00 00 02 00 13 16 
16:05:46.292->>>>-发送-68 0F 00 43 00 00 00 00 00 11 F0 04 00 48 16 
16:05:46.386-<<<<-接收-68 1C 00 83 00 00 00 00 00 11 F0 04 00 01 02 03 00 11 11 11 11 11 11 00 03 00 F7 16 
16:05:46.448->>>>-发送-68 0F 00 43 00 00 00 00 00 12 03 08 00 60 16 
16:05:46.542-<<<<-接收-68 15 00 83 00 00 00 00 00 12 03 08 00 BB BB BB BB BB BB 02 16 
16:05:46.542->>>>-发送-68 0F 00 43 00 00 00 00 00 13 10 01 00 67 16 
16:05:46.636-<<<<-接收-68 13 00 83 00 00 00 00 06 13 10 01 00 03 00 F8 03 AB 16 
16:05:46.636->>>>-发送-68 12 00 43 00 00 00 00 00 14 10 02 00 01 00 03 6D 16 
16:05:46.776-<<<<-接收-68 2A 00 83 30 40 00 00 42 14 10 02 00 03 00 03 06 00 00 00 00 00 00 10 00 01 00 00 00 00 00 10 11 11 11 11 11 11 00 10 FE 16 
16:05:55.715-<<<<-接收-68 18 00 C3 00 00 00 00 00 33 14 01 00 01 11 11 11 11 11 11 04 00 76 16 
16:05:55.715->>>>-发送-68 33 00 43 04 00 00 00 00 33 BB BB BB BB BB BB 11 11 11 11 11 11 14 01 00 02 00 14 FE FE FE FE 68 11 11 11 11 11 11 68 11 04 33 34 34 35 1B 16 00 B1 16 
16:05:56.527-<<<<-接收-68 2B 00 C3 00 00 00 00 00 33 06 02 00 03 00 02 00 00 16 FE FE FE FE 68 11 11 11 11 11 11 68 91 06 33 34 34 35 88 53 78 16 17 16 
16:05:56.527->>>>-发送-68 1B 00 43 04 00 00 00 00 33 BB BB BB BB BB BB 11 11 11 11 11 11 00 01 00 43 16 
16:05:56.652-<<<<-接收-68 18 00 C3 00 00 00 00 00 35 14 01 00 01 11 11 11 11 11 11 04 00 78 16 
16:06:06.513-<<<<-接收-68 18 00 C3 00 00 00 00 00 35 14 01 00 01 11 11 11 11 11 11 04 00 78 16 
16:06:06.513->>>>-发送-68 1F 00 43 04 00 00 00 00 35 BB BB BB BB BB BB 11 11 11 11 11 11 14 01 00 00 00 00 00 59 16 
16:06:06.638-<<<<-接收-68 18 00 C3 00 00 00 00 00 36 14 01 00 01 06 00 00 00 00 00 02 00 17 16 
16:25:52.843->>>>-发送-68 0F 00 43 00 00 00 B0 04 00 01 02 00 FA 16 
16:25:53.953-<<<<-接收-68 15 00 83 F8 F0 00 00 FE 00 00 01 00 00 00 00 00 00 00 6A 16 
16:25:59.016->>>>-发送-68 25 00 43 00 00 00 B0 04 00 11 01 00 03 33 00 00 00 00 00 02 11 11 11 11 11 11 02 06 00 00 00 00 00 02 B1 16 
16:26:01.672-<<<<-接收-68 38 00 C3 00 00 00 00 00 01 03 02 01 B2 2F 01 01 00 00 28 32 00 DC 07 DC 07 1E BB BB BB BB BB BB F8 03 00 00 28 06 16 27 06 16 5A 57 31 30 20 10 16 10 20 00 80 D7 16 
16:26:05.329->>>>-发送-68 25 00 43 00 00 00 B0 04 00 11 01 00 03 33 00 00 00 00 00 02 11 11 11 11 11 11 02 06 00 00 00 00 00 02 B1 16 
16:26:05.454-<<<<-接收-68 15 00 83 F8 F0 00 00 FE 00 00 01 00 00 00 00 00 00 00 6A 16 
16:38:27.115->>>>-发送-68 0F 00 43 00 00 00 00 00 00 F0 04 00 37 16 
16:38:27.225-<<<<-接收-68 1C 00 83 F8 F0 00 00 FE 00 F0 04 00 00 00 01 00 33 00 00 00 00 00 00 CB 00 5C 16 
16:38:30.147->>>>-发送-68 0F 00 43 00 00 00 00 00 01 12 01 00 57 16 
16:38:30.256-<<<<-接收-68 15 00 83 F8 F0 00 00 FE 01 00 01 00 00 00 00 00 00 00 6B 16 
16:38:33.272->>>>-发送-68 0F 00 43 00 00 00 00 00 02 F0 04 00 39 16 
16:38:33.382-<<<<-接收-68 1C 00 83 F8 F0 00 00 FE 02 F0 04 00 01 02 01 00 33 00 00 00 00 00 00 CB 00 61 16 
16:38:34.085->>>>-发送-68 0F 00 43 00 00 00 00 00 03 F0 04 00 3A 16 
16:38:34.210-<<<<-接收-68 1C 00 83 F8 F0 00 00 FE 03 F0 04 00 01 02 01 00 33 00 00 00 00 00 00 CB 00 62 16 
16:38:34.272->>>>-发送-68 0F 00 43 00 00 00 00 00 04 03 08 00 52 16 
16:38:34.382-<<<<-接收-68 15 00 83 F8 F0 00 00 FE 04 03 08 00 BB BB BB BB BB BB DA 16 
16:38:34.382->>>>-发送-68 0F 00 43 00 00 00 00 00 05 10 01 00 59 16 
16:38:34.491-<<<<-接收-68 13 00 83 F8 F0 00 00 00 05 10 01 00 CB 00 F8 03 47 16 
16:38:34.491->>>>-发送-68 12 00 43 00 00 00 00 00 06 10 02 00 01 00 0F 6B 16 
16:38:34.772-<<<<-接收-68 8A 00 83 00 00 00 00 00 06 10 02 00 CB 00 0F 33 00 00 00 00 00 00 10 11 11 11 11 11 11 00 10 06 00 00 00 00 00 00 10 00 20 00 00 00 00 00 10 01 20 00 00 00 00 00 10 02 20 00 00 00 00 00 10 03 20 00 00 00 00 00 10 04 20 00 00 00 00 00 10 05 20 00 00 00 00 00 10 06 20 00 00 00 00 00 10 07 20 00 00 00 00 00 10 08 20 00 00 00 00 00 10 09 20 00 00 00 00 00 10 10 20 00 00 00 00 00 10 11 20 00 00 00 00 00 10 D2 16 
16:38:34.772->>>>-发送-68 12 00 43 00 00 00 00 00 07 10 02 00 10 00 0F 7B 16 
16:38:35.038-<<<<-接收-68 8A 00 83 00 00 00 00 FC 07 10 02 00 CB 00 0F 12 20 00 00 00 00 00 10 13 20 00 00 00 00 00 10 14 20 00 00 00 00 00 10 15 20 00 00 00 00 00 10 16 20 00 00 00 00 00 10 17 20 00 00 00 00 00 10 18 20 00 00 00 00 00 10 19 20 00 00 00 00 00 10 20 20 00 00 00 00 00 10 21 20 00 00 00 00 00 10 22 20 00 00 00 00 00 10 23 20 00 00 00 00 00 10 24 20 00 00 00 00 00 10 25 20 00 00 00 00 00 10 26 20 00 00 00 00 00 10 E3 16 
16:38:35.038->>>>-发送-68 12 00 43 00 00 00 00 00 08 10 02 00 1F 00 0F 8B 16 
16:38:35.319-<<<<-接收-68 8A 00 83 00 00 00 00 FC 08 10 02 00 CB 00 0F 27 20 00 00 00 00 00 10 28 20 00 00 00 00 00 10 29 20 00 00 00 00 00 10 30 20 00 00 00 00 00 10 31 20 00 00 00 00 00 10 32 20 00 00 00 00 00 10 33 20 00 00 00 00 00 10 34 20 00 00 00 00 00 10 35 20 00 00 00 00 00 10 36 20 00 00 00 00 00 10 37 20 00 00 00 00 00 10 38 20 00 00 00 00 00 10 39 20 00 00 00 00 00 10 40 20 00 00 00 00 00 10 41 20 00 00 00 00 00 10 49 16 
16:38:35.319->>>>-发送-68 12 00 43 00 00 00 00 00 09 10 02 00 2E 00 0F 9B 16 
16:38:35.585-<<<<-接收-68 8A 00 83 F8 F0 00 00 FE 09 10 02 00 CB 00 0F 42 20 00 00 00 00 00 10 43 20 00 00 00 00 00 10 44 20 00 00 00 00 00 10 45 20 00 00 00 00 00 10 46 20 00 00 00 00 00 10 47 20 00 00 00 00 00 10 48 20 00 00 00 00 00 10 49 20 00 00 00 00 00 10 50 20 00 00 00 00 00 10 51 20 00 00 00 00 00 10 52 20 00 00 00 00 00 10 53 20 00 00 00 00 00 10 54 20 00 00 00 00 00 10 55 20 00 00 00 00 00 10 56 20 00 00 00 00 00 10 9F 16 
16:38:35.600->>>>-发送-68 12 00 43 00 00 00 00 00 0A 10 02 00 3D 00 0F AB 16 
16:38:35.866-<<<<-接收-68 8A 00 83 00 00 00 00 FE 0A 10 02 00 CB 00 0F 57 20 00 00 00 00 00 10 58 20 00 00 00 00 00 10 59 20 00 00 00 00 00 10 60 20 00 00 00 00 00 10 61 20 00 00 00 00 00 10 62 20 00 00 00 00 00 10 63 20 00 00 00 00 00 10 64 20 00 00 00 00 00 10 65 20 00 00 00 00 00 10 66 20 00 00 00 00 00 10 67 20 00 00 00 00 00 10 68 20 00 00 00 00 00 10 69 20 00 00 00 00 00 10 70 20 00 00 00 00 00 10 71 20 00 00 00 00 00 10 1D 16 
16:38:35.866->>>>-发送-68 12 00 43 00 00 00 00 00 0B 10 02 00 4C 00 0F BB 16 
16:38:36.147-<<<<-接收-68 8A 00 83 00 00 00 00 FE 0B 10 02 00 CB 00 0F 72 20 00 00 00 00 00 10 73 20 00 00 00 00 00 10 74 20 00 00 00 00 00 10 75 20 00 00 00 00 00 10 76 20 00 00 00 00 00 10 77 20 00 00 00 00 00 10 78 20 00 00 00 00 00 10 79 20 00 00 00 00 00 10 80 20 00 00 00 00 00 10 81 20 00 00 00 00 00 10 82 20 00 00 00 00 00 10 83 20 00 00 00 00 00 10 84 20 00 00 00 00 00 10 85 20 00 00 00 00 00 10 86 20 00 00 00 00 00 10 89 16 
16:38:36.147->>>>-发送-68 12 00 43 00 00 00 00 00 0C 10 02 00 5B 00 0F CB 16 
16:38:36.413-<<<<-接收-68 8A 00 83 00 00 00 00 FE 0C 10 02 00 CB 00 0F 87 20 00 00 00 00 00 10 88 20 00 00 00 00 00 10 89 20 00 00 00 00 00 10 90 20 00 00 00 00 00 10 91 20 00 00 00 00 00 10 92 20 00 00 00 00 00 10 93 20 00 00 00 00 00 10 94 20 00 00 00 00 00 10 95 20 00 00 00 00 00 10 96 20 00 00 00 00 00 10 97 20 00 00 00 00 00 10 98 20 00 00 00 00 00 10 99 20 00 00 00 00 00 10 00 21 00 00 00 00 00 10 01 21 00 00 00 00 00 10 B1 16 
16:38:36.413->>>>-发送-68 12 00 43 00 00 00 00 00 0D 10 02 00 6A 00 0F DB 16 
16:38:36.694-<<<<-接收-68 8A 00 83 00 00 00 00 FE 0D 10 02 00 CB 00 0F 02 21 00 00 00 00 00 10 03 21 00 00 00 00 00 10 04 21 00 00 00 00 00 10 05 21 00 00 00 00 00 10 06 21 00 00 00 00 00 10 07 21 00 00 00 00 00 10 08 21 00 00 00 00 00 10 09 21 00 00 00 00 00 10 10 21 00 00 00 00 00 10 11 21 00 00 00 00 00 10 12 21 00 00 00 00 00 10 13 21 00 00 00 00 00 10 14 21 00 00 00 00 00 10 15 21 00 00 00 00 00 10 16 21 00 00 00 00 00 10 0A 16 
16:38:36.694->>>>-发送-68 12 00 43 00 00 00 00 00 0E 10 02 00 79 00 0F EB 16 
16:38:36.960-<<<<-接收-68 8A 00 83 00 00 00 00 FE 0E 10 02 00 CB 00 0F 17 21 00 00 00 00 00 10 18 21 00 00 00 00 00 10 19 21 00 00 00 00 00 10 20 21 00 00 00 00 00 10 21 21 00 00 00 00 00 10 22 21 00 00 00 00 00 10 23 21 00 00 00 00 00 10 24 21 00 00 00 00 00 10 25 21 00 00 00 00 00 10 26 21 00 00 00 00 00 10 27 21 00 00 00 00 00 10 28 21 00 00 00 00 00 10 29 21 00 00 00 00 00 10 30 21 00 00 00 00 00 10 31 21 00 00 00 00 00 10 70 16 
16:38:36.960->>>>-发送-68 12 00 43 00 00 00 00 00 0F 10 02 00 88 00 0F FB 16 
16:38:37.226-<<<<-接收-68 8A 00 83 00 00 00 00 FE 0F 10 02 00 CB 00 0F 32 21 00 00 00 00 00 10 33 21 00 00 00 00 00 10 34 21 00 00 00 00 00 10 35 21 00 00 00 00 00 10 36 21 00 00 00 00 00 10 37 21 00 00 00 00 00 10 38 21 00 00 00 00 00 10 39 21 00 00 00 00 00 10 40 21 00 00 00 00 00 10 41 21 00 00 00 00 00 10 42 21 00 00 00 00 00 10 43 21 00 00 00 00 00 10 44 21 00 00 00 00 00 10 45 21 00 00 00 00 00 10 46 21 00 00 00 00 00 10 DC 16 
16:38:37.226->>>>-发送-68 12 00 43 00 00 00 00 00 10 10 02 00 97 00 0F 0B 16 
16:38:37.507-<<<<-接收-68 8A 00 83 00 00 00 00 FE 10 10 02 00 CB 00 0F 47 21 00 00 00 00 00 10 48 21 00 00 00 00 00 10 49 21 00 00 00 00 00 10 50 21 00 00 00 00 00 10 51 21 00 00 00 00 00 10 52 21 00 00 00 00 00 10 53 21 00 00 00 00 00 10 54 21 00 00 00 00 00 10 55 21 00 00 00 00 00 10 56 21 00 00 00 00 00 10 57 21 00 00 00 00 00 10 58 21 00 00 00 00 00 10 59 21 00 00 00 00 00 10 60 21 00 00 00 00 00 10 61 21 00 00 00 00 00 10 42 16 
16:38:37.507->>>>-发送-68 12 00 43 00 00 00 00 00 11 10 02 00 A6 00 0F 1B 16 
16:38:37.773-<<<<-接收-68 8A 00 83 00 00 00 00 FE 11 10 02 00 CB 00 0F 62 21 00 00 00 00 00 10 63 21 00 00 00 00 00 10 64 21 00 00 00 00 00 10 65 21 00 00 00 00 00 10 66 21 00 00 00 00 00 10 67 21 00 00 00 00 00 10 68 21 00 00 00 00 00 10 69 21 00 00 00 00 00 10 70 21 00 00 00 00 00 10 71 21 00 00 00 00 00 10 72 21 00 00 00 00 00 10 73 21 00 00 00 00 00 10 74 21 00 00 00 00 00 10 75 21 00 00 00 00 00 10 76 21 00 00 00 00 00 10 AE 16 
16:38:37.773->>>>-发送-68 12 00 43 00 00 00 00 00 12 10 02 00 B5 00 0F 2B 16 
16:38:38.038-<<<<-接收-68 8A 00 83 00 00 00 00 FE 12 10 02 00 CB 00 0F 77 21 00 00 00 00 00 10 78 21 00 00 00 00 00 10 79 21 00 00 00 00 00 10 80 21 00 00 00 00 00 10 81 21 00 00 00 00 00 10 82 21 00 00 00 00 00 10 83 21 00 00 00 00 00 10 84 21 00 00 00 00 00 10 85 21 00 00 00 00 00 10 86 21 00 00 00 00 00 10 87 21 00 00 00 00 00 10 88 21 00 00 00 00 00 10 89 21 00 00 00 00 00 10 90 21 00 00 00 00 00 10 91 21 00 00 00 00 00 10 14 16 
16:38:38.038->>>>-发送-68 12 00 43 00 00 00 00 00 13 10 02 00 C4 00 08 34 16 
16:38:38.241-<<<<-接收-68 52 00 83 00 00 00 00 FE 13 10 02 00 CB 00 08 92 21 00 00 00 00 00 10 93 21 00 00 00 00 00 10 94 21 00 00 00 00 00 10 95 21 00 00 00 00 00 10 96 21 00 00 00 00 00 10 97 21 00 00 00 00 00 10 98 21 00 00 00 00 00 10 99 21 00 00 00 00 00 10 AD 16 
16:38:40.257-<<<<-接收-68 18 00 C3 00 00 00 00 00 03 14 01 00 01 33 00 00 00 00 00 02 00 11 16 
16:38:40.288->>>>-发送-68 33 00 43 04 00 00 00 00 03 BB BB BB BB BB BB 33 00 00 00 00 00 14 01 00 02 00 14 FE FE FE FE 68 33 00 00 00 00 00 68 11 04 33 34 34 35 E8 16 00 E8 16 
16:39:24.043->>>>-发送-68 12 00 43 00 00 00 B0 04 00 10 01 00 01 00 10 19 16 
16:39:24.153-<<<<-接收-68 13 00 83 00 00 00 00 04 00 10 01 00 CB 00 F8 03 5E 16 
16:39:24.246->>>>-发送-68 12 00 43 00 00 00 B0 04 00 10 02 00 01 00 0A 14 16 
16:39:24.481-<<<<-接收-68 62 00 83 00 00 00 00 04 00 10 02 00 CB 00 0A 33 00 00 00 00 00 00 10 11 11 11 11 11 11 00 10 06 00 00 00 00 00 00 10 00 20 00 00 00 00 00 10 01 20 00 00 00 00 00 10 02 20 00 00 00 00 00 10 03 20 00 00 00 00 00 10 04 20 00 00 00 00 00 10 05 20 00 00 00 00 00 10 06 20 00 00 00 00 00 10 A2 16 
16:39:29.872->>>>-发送-68 0F 00 43 00 00 00 B0 04 00 01 02 00 FA 16 
16:39:30.997-<<<<-接收-68 15 00 83 F8 F0 00 00 FE 00 00 01 00 00 00 00 00 00 00 6A 16 
16:39:39.451->>>>-发送-68 25 00 43 00 00 00 B0 04 00 11 01 00 03 33 00 00 00 00 00 02 11 11 11 11 11 11 02 06 00 00 00 00 00 02 B1 16 
16:39:39.607-<<<<-接收-68 15 00 83 F8 F0 00 00 FE 00 00 01 00 00 00 00 00 00 00 6A 16 
16:44:52.951->>>>-发送-68 0F 00 43 00 00 00 00 00 14 F0 04 00 4B 16 
16:44:53.077-<<<<-接收-68 1C 00 83 F8 F0 00 00 FE 14 F0 04 00 00 00 01 00 33 00 00 00 00 00 00 03 00 A8 16 
16:44:54.592->>>>-发送-68 0F 00 43 00 00 00 00 00 15 12 01 00 6B 16 
16:44:54.702-<<<<-接收-68 15 00 83 F8 F0 00 00 FE 15 00 01 00 00 00 00 00 00 00 7F 16 
16:44:57.718->>>>-发送-68 0F 00 43 00 00 00 00 00 16 F0 04 00 4D 16 
16:44:57.811-<<<<-接收-68 1C 00 83 F8 F0 00 00 FE 16 F0 04 00 01 02 01 00 33 00 00 00 00 00 00 03 00 AD 16 
16:44:59.796->>>>-发送-68 0F 00 43 00 00 00 00 00 17 F0 04 00 4E 16 
16:44:59.921-<<<<-接收-68 1C 00 83 F8 F0 00 00 FE 17 F0 04 00 01 02 01 00 33 00 00 00 00 00 00 03 00 AE 16 
16:44:59.999->>>>-发送-68 0F 00 43 00 00 00 00 00 18 03 08 00 66 16 
16:45:00.109-<<<<-接收-68 15 00 83 F8 F0 00 00 FE 18 03 08 00 BB BB BB BB BB BB EE 16 
16:45:00.109->>>>-发送-68 0F 00 43 00 00 00 00 00 19 10 01 00 6D 16 
16:45:00.218-<<<<-接收-68 13 00 83 F8 F0 00 00 00 19 10 01 00 03 00 F8 03 93 16 
16:45:00.218->>>>-发送-68 12 00 43 00 00 00 00 00 1A 10 02 00 01 00 03 73 16 
16:45:00.359-<<<<-接收-68 2A 00 83 00 00 00 00 00 1A 10 02 00 03 00 03 33 00 00 00 00 00 00 10 11 11 11 11 11 11 00 10 06 00 00 00 00 00 00 10 84 16 
16:45:04.609-<<<<-接收-68 18 00 C3 00 00 00 00 00 03 14 01 00 01 33 00 00 00 00 00 02 00 11 16 
16:45:04.609->>>>-发送-68 33 00 43 04 00 00 00 00 03 BB BB BB BB BB BB 33 00 00 00 00 00 14 01 00 02 00 14 FE FE FE FE 68 33 00 00 00 00 00 68 11 04 33 34 34 35 E8 16 00 E8 16 
16:45:05.422-<<<<-接收-68 2B 00 C3 00 00 00 00 00 03 06 02 00 01 00 02 00 00 16 FE FE FE FE 68 33 00 00 00 00 00 68 91 06 33 34 34 35 69 53 26 16 41 16 
16:45:05.437->>>>-发送-68 1B 00 43 04 00 00 00 00 03 BB BB BB BB BB BB 33 00 00 00 00 00 00 01 00 E0 16 
16:45:05.562-<<<<-接收-68 18 00 C3 00 00 00 00 00 05 14 01 00 01 33 00 00 00 00 00 02 00 13 16 
16:45:15.407-<<<<-接收-68 18 00 C3 00 00 00 00 00 05 14 01 00 01 33 00 00 00 00 00 02 00 13 16 
16:45:15.407->>>>-发送-68 1F 00 43 04 00 00 00 00 05 BB BB BB BB BB BB 33 00 00 00 00 00 14 01 00 00 00 00 00 F6 16 
16:45:15.532-<<<<-接收-68 18 00 C3 00 00 00 00 00 06 14 01 00 01 11 11 11 11 11 11 03 00 48 16 
16:45:45.535->>>>-发送-68 0F 00 43 00 00 00 00 00 1B F0 04 00 52 16 
16:45:45.645-<<<<-接收-68 1C 00 83 00 00 00 00 00 1B F0 04 00 01 02 03 00 06 00 00 00 00 00 00 03 00 A1 16 
16:45:45.723->>>>-发送-68 0F 00 43 00 00 00 00 00 1C 03 08 00 6A 16 
16:45:45.817-<<<<-接收-68 15 00 83 00 00 00 00 00 1C 03 08 00 BB BB BB BB BB BB 0C 16 
16:45:45.817->>>>-发送-68 0F 00 43 00 00 00 00 00 1D 10 01 00 71 16 
16:45:45.910-<<<<-接收-68 13 00 83 00 00 00 00 04 1D 10 01 00 03 00 F8 03 B3 16 
16:45:45.910->>>>-发送-68 12 00 43 00 00 00 00 00 1E 10 02 00 01 00 03 77 16 
16:45:46.051-<<<<-接收-68 2A 00 83 00 00 00 00 FC 1E 10 02 00 03 00 03 33 00 00 00 00 00 00 10 11 11 11 11 11 11 00 10 06 00 00 00 00 00 00 10 84 16 
16:45:55.005-<<<<-接收-68 18 00 C3 00 00 00 00 00 07 14 01 00 01 06 00 00 00 00 00 04 00 EA 16 
16:45:55.005->>>>-发送-68 33 00 43 04 00 00 00 00 07 BB BB BB BB BB BB 06 00 00 00 00 00 14 01 00 02 00 14 FE FE FE FE 68 06 00 00 00 00 00 68 11 04 33 34 34 35 BB 16 00 65 16 
16:57:00.959->>>>-发送-68 15 00 43 00 00 00 B0 04 00 05 01 00 01 00 00 00 00 30 2E 16 
16:57:01.147-<<<<-接收-68 15 00 83 00 00 00 00 00 00 00 01 00 00 00 00 00 00 00 84 16 
17:26:49.493->>>>-发送-68 0F 00 43 00 00 00 B0 04 00 12 02 00 0B 16 
17:26:49.587-<<<<-接收-68 15 00 83 00 00 00 00 00 00 00 01 00 00 00 00 00 00 00 84 16 
