19:28:34.184->>>>-发送-68 12 00 43 00 00 00 00 00 00 10 10 02 01 00 01 67 16 
19:29:20.654->>>>-发送-68 12 00 43 00 00 00 00 00 01 10 10 02 01 00 01 68 16 
19:29:20.784-<<<<-接收-68 1F 00 83 00 00 00 00 00 01 10 10 02 01 00 01 00 01 22 33 44 55 66 77 01 00 01 00 40 B6 16 
19:29:20.786->>>>-发送-68 12 00 43 00 00 00 00 00 02 10 10 02 01 00 01 69 16 
19:29:20.924-<<<<-接收-68 1F 00 83 00 00 00 00 00 02 10 10 02 01 00 01 00 01 22 33 44 55 66 77 01 00 01 00 40 B7 16 
19:29:22.671->>>>-发送-68 12 00 43 00 00 00 00 00 03 10 10 02 01 00 01 6A 16 
19:29:22.809-<<<<-接收-68 1F 00 83 00 00 00 00 00 03 10 10 02 01 00 01 00 01 22 33 44 55 66 77 01 00 01 00 40 B8 16 
19:29:22.811->>>>-发送-68 12 00 43 00 00 00 00 00 04 10 10 02 01 00 01 6B 16 
19:29:22.940-<<<<-接收-68 1F 00 83 00 00 00 00 00 04 10 10 02 01 00 01 00 01 22 33 44 55 66 77 01 00 01 00 40 B9 16 
19:29:38.122->>>>-发送-68 12 00 43 00 00 00 00 00 05 10 10 02 01 00 01 6C 16 
19:29:38.251-<<<<-接收-68 1F 00 83 00 00 00 00 00 05 10 10 02 01 00 01 00 01 22 33 44 55 66 77 01 00 01 00 40 BA 16 
19:29:38.253->>>>-发送-68 12 00 43 00 00 00 00 00 06 10 10 02 01 00 01 6D 16 
19:29:38.380-<<<<-接收-68 1F 00 83 00 00 00 00 00 06 10 10 02 01 00 01 00 01 22 33 44 55 66 77 01 00 01 00 40 BB 16 
19:29:52.761->>>>-发送-68 12 00 43 00 00 00 00 00 07 10 10 02 01 00 01 6E 16 
19:29:52.890-<<<<-接收-68 1F 00 83 00 00 00 00 00 07 10 10 02 01 00 01 00 01 22 33 44 55 66 77 01 00 01 00 40 BC 16 
19:29:52.892->>>>-发送-68 12 00 43 00 00 00 00 00 08 10 10 02 01 00 01 6F 16 
19:29:53.039-<<<<-接收-68 1F 00 83 00 00 00 00 00 08 10 10 02 01 00 01 00 01 22 33 44 55 66 77 01 00 01 00 40 BD 16 
19:30:56.997->>>>-发送-68 12 00 43 00 00 00 00 00 00 10 10 02 01 00 32 98 16 
19:30:57.166-<<<<-接收-68 35 00 83 00 00 00 00 00 00 10 10 02 03 00 01 00 03 22 33 44 55 66 77 01 00 01 00 40 06 00 00 00 00 00 03 00 01 00 11 33 00 00 00 00 00 02 00 01 00 11 1B 16 
19:30:57.168->>>>-发送-68 12 00 43 00 00 00 00 00 01 10 10 02 01 00 03 6A 16 
19:30:57.346-<<<<-接收-68 35 00 83 00 00 00 00 00 01 10 10 02 03 00 01 00 03 22 33 44 55 66 77 01 00 01 00 40 06 00 00 00 00 00 03 00 01 00 11 33 00 00 00 00 00 02 00 01 00 11 1C 16 
19:31:02.592->>>>-发送-68 12 00 43 00 00 00 00 00 02 10 10 02 01 00 32 9A 16 
19:31:02.760-<<<<-接收-68 35 00 83 00 00 00 00 00 02 10 10 02 03 00 01 00 03 22 33 44 55 66 77 01 00 01 00 40 06 00 00 00 00 00 03 00 01 00 11 33 00 00 00 00 00 02 00 01 00 11 1D 16 
19:31:02.762->>>>-发送-68 12 00 43 00 00 00 00 00 03 10 10 02 01 00 03 6C 16 
19:31:02.924-<<<<-接收-68 35 00 83 00 00 00 00 00 03 10 10 02 03 00 01 00 03 22 33 44 55 66 77 01 00 01 00 40 06 00 00 00 00 00 03 00 01 00 11 33 00 00 00 00 00 02 00 01 00 11 1E 16 
19:31:04.762->>>>-发送-68 12 00 43 00 00 00 00 00 04 10 10 02 01 00 32 9C 16 
19:31:04.921-<<<<-接收-68 35 00 83 00 00 00 00 00 04 10 10 02 03 00 01 00 03 22 33 44 55 66 77 01 00 01 00 40 06 00 00 00 00 00 03 00 01 00 11 33 00 00 00 00 00 02 00 01 00 11 1F 16 
19:31:04.923->>>>-发送-68 12 00 43 00 00 00 00 00 05 10 10 02 01 00 03 6E 16 
19:31:05.080-<<<<-接收-68 35 00 83 00 00 00 00 00 05 10 10 02 03 00 01 00 03 22 33 44 55 66 77 01 00 01 00 40 06 00 00 00 00 00 03 00 01 00 11 33 00 00 00 00 00 02 00 01 00 11 20 16 
19:31:06.514->>>>-发送-68 12 00 43 00 00 00 00 00 06 10 10 02 01 00 32 9E 16 
19:31:06.684-<<<<-接收-68 35 00 83 00 00 00 00 00 06 10 10 02 03 00 01 00 03 22 33 44 55 66 77 01 00 01 00 40 06 00 00 00 00 00 03 00 01 00 11 33 00 00 00 00 00 02 00 01 00 11 21 16 
19:31:06.686->>>>-发送-68 12 00 43 00 00 00 00 00 07 10 10 02 01 00 03 70 16 
19:31:06.853-<<<<-接收-68 35 00 83 00 00 00 00 00 07 10 10 02 03 00 01 00 03 22 33 44 55 66 77 01 00 01 00 40 06 00 00 00 00 00 03 00 01 00 11 33 00 00 00 00 00 02 00 01 00 11 22 16 
19:31:08.083->>>>-发送-68 12 00 43 00 00 00 00 00 08 10 10 02 01 00 32 A0 16 
19:31:08.243-<<<<-接收-68 35 00 83 00 00 00 00 00 08 10 10 02 03 00 01 00 03 22 33 44 55 66 77 01 00 01 00 40 06 00 00 00 00 00 03 00 01 00 11 33 00 00 00 00 00 02 00 01 00 11 23 16 
19:31:08.245->>>>-发送-68 12 00 43 00 00 00 00 00 09 10 10 02 01 00 03 72 16 
19:31:08.403-<<<<-接收-68 35 00 83 00 00 00 00 00 09 10 10 02 03 00 01 00 03 22 33 44 55 66 77 01 00 01 00 40 06 00 00 00 00 00 03 00 01 00 11 33 00 00 00 00 00 02 00 01 00 11 24 16 
19:31:09.637->>>>-发送-68 12 00 43 00 00 00 00 00 0A 10 10 02 01 00 32 A2 16 
19:31:09.797-<<<<-接收-68 35 00 83 00 00 00 00 00 0A 10 10 02 03 00 01 00 03 22 33 44 55 66 77 01 00 01 00 40 06 00 00 00 00 00 03 00 01 00 11 33 00 00 00 00 00 02 00 01 00 11 25 16 
19:31:09.799->>>>-发送-68 12 00 43 00 00 00 00 00 0B 10 10 02 01 00 03 74 16 
19:31:09.957-<<<<-接收-68 35 00 83 00 00 00 00 00 0B 10 10 02 03 00 01 00 03 22 33 44 55 66 77 01 00 01 00 40 06 00 00 00 00 00 03 00 01 00 11 33 00 00 00 00 00 02 00 01 00 11 26 16 
19:31:19.015->>>>-发送-68 12 00 43 00 00 00 00 00 0C 10 10 02 01 00 32 A4 16 
19:31:19.175-<<<<-接收-68 35 00 83 00 00 00 00 00 0C 10 10 02 03 00 01 00 03 22 33 44 55 66 77 01 00 01 00 40 06 00 00 00 00 00 03 00 01 00 11 33 00 00 00 00 00 02 00 01 00 11 27 16 
19:31:19.178->>>>-发送-68 12 00 43 00 00 00 00 00 0D 10 10 02 01 00 03 76 16 
19:31:19.336-<<<<-接收-68 35 00 83 00 00 00 00 00 0D 10 10 02 03 00 01 00 03 22 33 44 55 66 77 01 00 01 00 40 06 00 00 00 00 00 03 00 01 00 11 33 00 00 00 00 00 02 00 01 00 11 28 16 
19:31:52.711->>>>-发送-68 12 00 43 00 00 00 00 00 00 10 10 02 01 00 02 68 16 
19:31:52.859-<<<<-接收-68 2A 00 83 00 00 00 00 00 00 10 10 02 02 00 01 00 02 22 33 44 55 66 77 01 00 01 00 40 33 00 00 00 00 00 02 00 01 00 11 FE 16 
19:31:52.861->>>>-发送-68 12 00 43 00 00 00 00 00 01 10 10 02 01 00 02 69 16 
19:31:53.010-<<<<-接收-68 2A 00 83 00 00 00 00 00 01 10 10 02 02 00 01 00 02 22 33 44 55 66 77 01 00 01 00 40 33 00 00 00 00 00 02 00 01 00 11 FF 16 
19:31:54.599->>>>-发送-68 12 00 43 00 00 00 00 00 02 10 10 02 01 00 02 6A 16 
19:31:54.746-<<<<-接收-68 2A 00 83 00 00 00 00 00 02 10 10 02 02 00 01 00 02 22 33 44 55 66 77 01 00 01 00 40 33 00 00 00 00 00 02 00 01 00 11 00 16 
19:31:54.748->>>>-发送-68 12 00 43 00 00 00 00 00 03 10 10 02 01 00 02 6B 16 
19:31:54.893-<<<<-接收-68 2A 00 83 08 10 00 00 00 03 10 10 02 02 00 01 00 02 22 33 44 55 66 77 01 00 01 00 40 33 00 00 00 00 00 02 00 01 00 11 19 16 
19:32:00.894->>>>-发送-68 12 00 43 00 00 00 00 00 04 10 10 02 01 00 02 6C 16 
19:32:01.052-<<<<-接收-68 2A 00 83 08 10 00 00 00 04 10 10 02 02 00 01 00 02 22 33 44 55 66 77 01 00 01 00 40 33 00 00 00 00 00 02 00 01 00 11 1A 16 
19:32:01.054->>>>-发送-68 12 00 43 00 00 00 00 00 05 10 10 02 01 00 02 6D 16 
19:32:01.201-<<<<-接收-68 2A 00 83 08 10 00 00 00 05 10 10 02 02 00 01 00 02 22 33 44 55 66 77 01 00 01 00 40 33 00 00 00 00 00 02 00 01 00 11 1B 16 
19:32:35.209->>>>-发送-68 12 00 43 00 00 00 00 00 00 10 10 02 01 00 FF 65 16 
19:32:35.484-<<<<-接收-68 35 00 83 00 00 00 00 00 00 10 10 02 03 00 01 00 03 22 33 44 55 66 77 01 00 01 00 40 06 00 00 00 00 00 03 00 01 00 11 33 00 00 00 00 00 02 00 01 00 11 1B 16 
19:32:35.486->>>>-发送-68 12 00 43 00 00 00 00 00 01 10 10 02 01 00 03 6A 16 
19:32:35.644-<<<<-接收-68 35 00 83 00 00 00 00 00 01 10 10 02 03 00 01 00 03 22 33 44 55 66 77 01 00 01 00 40 06 00 00 00 00 00 03 00 01 00 11 33 00 00 00 00 00 02 00 01 00 11 1C 16 
19:32:37.474->>>>-发送-68 12 00 43 00 00 00 00 00 02 10 10 02 01 00 FF 67 16 
19:32:37.753-<<<<-接收-68 35 00 83 00 00 00 00 00 02 10 10 02 03 00 01 00 03 22 33 44 55 66 77 01 00 01 00 40 06 00 00 00 00 00 03 00 01 00 11 33 00 00 00 00 00 02 00 01 00 11 1D 16 
19:32:37.755->>>>-发送-68 12 00 43 00 00 00 00 00 03 10 10 02 01 00 03 6C 16 
19:32:37.914-<<<<-接收-68 35 00 83 00 00 00 00 00 03 10 10 02 03 00 01 00 03 22 33 44 55 66 77 01 00 01 00 40 06 00 00 00 00 00 03 00 01 00 11 33 00 00 00 00 00 02 00 01 00 11 1E 16 
19:33:02.012->>>>-发送-68 12 00 43 00 00 00 00 00 04 10 10 02 01 00 FF 69 16 
19:33:02.299-<<<<-接收-68 35 00 83 00 00 00 00 00 04 10 10 02 03 00 01 00 03 22 33 44 55 66 77 01 00 01 00 40 06 00 00 00 00 00 03 00 01 00 11 33 00 00 00 00 00 02 00 01 00 11 1F 16 
19:33:02.301->>>>-发送-68 12 00 43 00 00 00 00 00 05 10 10 02 01 00 03 6E 16 
19:33:02.468-<<<<-接收-68 35 00 83 00 00 00 00 00 05 10 10 02 03 00 01 00 03 22 33 44 55 66 77 01 00 01 00 40 06 00 00 00 00 00 03 00 01 00 11 33 00 00 00 00 00 02 00 01 00 11 20 16 
19:33:14.543->>>>-发送-68 12 00 43 00 00 00 00 00 06 10 10 02 01 00 FF 6B 16 
19:33:14.810-<<<<-接收-68 35 00 83 00 00 00 00 00 06 10 10 02 03 00 01 00 03 22 33 44 55 66 77 01 00 01 00 40 06 00 00 00 00 00 03 00 01 00 11 33 00 00 00 00 00 02 00 01 00 11 21 16 
19:33:14.812->>>>-发送-68 12 00 43 00 00 00 00 00 07 10 10 02 01 00 03 70 16 
19:33:14.972-<<<<-接收-68 35 00 83 00 00 00 00 00 07 10 10 02 03 00 01 00 03 22 33 44 55 66 77 01 00 01 00 40 06 00 00 00 00 00 03 00 01 00 11 33 00 00 00 00 00 02 00 01 00 11 22 16 
